1341846226.817920 0.0000000 0.0000000 0.0000000 -0.0000000 -0.0000000 -0.0000000 1.0000000
1341846227.485981 -0.0006201 0.0077614 0.0034166 0.0029384 -0.0182807 -0.0225118 0.9995751
1341846227.521976 -0.0021240 0.0025444 0.0055419 0.0022821 -0.0196049 -0.0230454 0.9995396
1341846227.586047 0.0027477 0.0040634 0.0068903 0.0057219 -0.0234052 -0.0249765 0.9993976
1341846227.721966 0.0166355 -0.0113885 0.0073380 0.0083429 -0.0234409 -0.0324398 0.9991639
1341846227.889935 0.0158007 -0.0127878 0.0053723 0.0114693 -0.0129499 -0.0289446 0.9994313
1341846228.189872 0.0244961 -0.0054040 0.0070622 0.0064751 -0.0056927 -0.0219428 0.9997221
1341846228.825934 0.0323640 -0.0195501 0.0037686 0.0044766 -0.0021845 -0.0146775 0.9998799
1341846229.229812 0.0315323 -0.0238480 -0.0017682 0.0050750 -0.0009987 -0.0104494 0.9999321
1341846229.530149 0.0329378 -0.0181369 -0.0088467 0.0140609 -0.0024971 -0.0092196 0.9998555
1341846230.144719 0.0398460 -0.0099385 -0.0076084 0.0135997 0.0063411 -0.0036694 0.9998807
1341846230.501933 0.0510451 -0.0187113 -0.0118293 0.0227606 0.0090643 -0.0038602 0.9996924
1341846230.670057 0.0362566 -0.0162217 -0.0294642 0.0261980 0.0086673 -0.0045316 0.9996089
1341846230.769960 0.0412271 -0.0261809 -0.0172625 0.0258782 0.0067749 -0.0032525 0.9996369
1341846231.273832 0.0389446 -0.0263496 -0.0054681 0.0337335 0.0024843 -0.0053288 0.9994135
1341846231.442103 0.0343850 -0.0189145 -0.0213015 0.0333815 0.0013741 -0.0059132 0.9994242
1341846231.648015 0.0292029 -0.0428326 -0.0138613 0.0241926 0.0056418 -0.0134437 0.9996010
1341846231.747846 0.0320463 -0.0395378 -0.0118590 0.0400725 0.0010582 -0.0136098 0.9991035
1341846231.945837 0.0452415 -0.0350197 -0.0071037 0.0364554 -0.0049928 -0.0102519 0.9992703
1341846232.045845 0.0388810 -0.0372678 -0.0077404 0.0340775 -0.0059916 -0.0106797 0.9993442
1341846232.145999 0.0407763 -0.0260876 -0.0029333 0.0355975 -0.0081117 -0.0099779 0.9992835
1341846232.252037 0.0423236 -0.0342438 -0.0143919 0.0357257 -0.0074829 -0.0080346 0.9993014
1341846232.351854 0.0434161 -0.0356510 -0.0098195 0.0338884 -0.0069117 -0.0069235 0.9993778
1341846232.419782 0.0376254 -0.0325749 -0.0070968 0.0313791 -0.0071186 -0.0112377 0.9994190
1341846232.484170 0.0438988 -0.0338141 -0.0044602 0.0334654 -0.0079362 -0.0111548 0.9993461
1341846232.551877 0.0579037 -0.0400592 -0.0050675 0.0338868 -0.0105142 -0.0094190 0.9993260
1341846232.619798 0.0595382 -0.0395814 -0.0070364 0.0371620 -0.0098446 -0.0093545 0.9992170
1341846232.688092 0.0518383 -0.0378620 -0.0092846 0.0400201 -0.0078129 -0.0095504 0.9991227
1341846232.751767 0.0588598 -0.0397515 -0.0071356 0.0438693 -0.0075838 -0.0096869 0.9989616
1341846232.819886 0.0577034 -0.0381080 -0.0112571 0.0478113 -0.0051377 -0.0114360 0.9987777
1341846232.919822 0.0563527 -0.0360211 -0.0107304 0.0525563 -0.0027845 -0.0136902 0.9985203
1341846240.725903 0.0562657 -0.0375424 -0.0059733 0.0595919 -0.0161293 -0.0210496 0.9978705
1341846240.925975 0.0573557 -0.0416066 -0.0027351 0.0593161 -0.0164903 -0.0217047 0.9978670
1341846240.994099 0.0583156 -0.0405474 -0.0059693 0.0586002 -0.0167149 -0.0221825 0.9978951
1341846241.062449 0.0586013 -0.0371376 -0.0122816 0.0607072 -0.0165287 -0.0215263 0.9977866
1341846241.167863 0.0568210 -0.0398462 -0.0032986 0.0602523 -0.0163014 -0.0235402 0.9977725
1341846241.230127 0.0563579 -0.0427502 0.0005091 0.0593226 -0.0162217 -0.0245711 0.9978046
1341846241.295211 0.0562650 -0.0448345 -0.0071893 0.0599167 -0.0167373 -0.0255920 0.9977349
1341846241.362000 0.0555372 -0.0384643 -0.0046502 0.0596311 -0.0157937 -0.0270060 0.9977301
1341846241.430126 0.0561721 -0.0376845 -0.0071559 0.0599933 -0.0161280 -0.0272862 0.9976954
1341846241.562493 0.0571078 -0.0387945 -0.0078248 0.0590508 -0.0162561 -0.0279358 0.9977316
1341846241.865867 0.0560445 -0.0378409 -0.0077782 0.0605249 -0.0155563 -0.0286005 0.9976356
1341846241.929917 0.0583705 -0.0391105 -0.0069879 0.0611693 -0.0156957 -0.0285211 0.9975964
1341846241.998017 0.0578189 -0.0394879 -0.0065887 0.0606069 -0.0157711 -0.0292452 0.9976085
1341846242.034019 0.0548383 -0.0364387 -0.0113644 0.0611060 -0.0152460 -0.0275807 0.9976337
1341846242.066365 0.0563037 -0.0383474 -0.0100927 0.0614866 -0.0153854 -0.0284956 0.9975824
1341846242.097916 0.0579110 -0.0398421 -0.0052849 0.0627436 -0.0155038 -0.0288770 0.9974914
1341846242.133980 0.0550830 -0.0402516 0.0005418 0.0636212 -0.0156340 -0.0276199 0.9974694
1341846242.165895 0.0594636 -0.0351451 -0.0152473 0.0641365 -0.0155034 -0.0267342 0.9974625
1341846242.197924 0.0583260 -0.0371658 -0.0109359 0.0645193 -0.0152654 -0.0285948 0.9973899
1341846242.269588 0.0591847 -0.0358679 -0.0087384 0.0668587 -0.0153434 -0.0278396 0.9972560
1341846242.301972 0.0568365 -0.0327759 -0.0077489 0.0666064 -0.0148166 -0.0292278 0.9972411
1341846242.333996 0.0549080 -0.0373775 -0.0088295 0.0663011 -0.0142704 -0.0291123 0.9972728
1341846242.366000 0.0558926 -0.0358652 -0.0158183 0.0671500 -0.0142781 -0.0281977 0.9972422
1341846242.401903 0.0583093 -0.0358201 -0.0136065 0.0671038 -0.0150806 -0.0277810 0.9972451
1341846242.433933 0.0592621 -0.0375092 -0.0099685 0.0673790 -0.0148376 -0.0288579 0.9971997
1341846242.469883 0.0584376 -0.0369935 -0.0108262 0.0684347 -0.0142724 -0.0284904 0.9971465
1341846242.501972 0.0589817 -0.0375677 -0.0115120 0.0687314 -0.0145180 -0.0287547 0.9971150
1341846242.534063 0.0589838 -0.0370106 -0.0107513 0.0681307 -0.0147341 -0.0298929 0.9971197
1341846242.569931 0.0585663 -0.0367248 -0.0115470 0.0679705 -0.0141380 -0.0293046 0.9971567
1341846242.602000 0.0573832 -0.0373075 -0.0144201 0.0679189 -0.0137856 -0.0294728 0.9971602
1341846242.634077 0.0549679 -0.0339505 -0.0137991 0.0675200 -0.0136696 -0.0292492 0.9971954
1341846242.670215 0.0573703 -0.0342653 -0.0135961 0.0668440 -0.0136557 -0.0294296 0.9972358
1341846242.701929 0.0588249 -0.0350934 -0.0156552 0.0664766 -0.0137793 -0.0291757 0.9972662
1341846242.769937 0.0589460 -0.0365927 -0.0116932 0.0666231 -0.0147373 -0.0294954 0.9972333
1341846243.137899 0.0562459 -0.0349148 -0.0193900 0.0657182 -0.0159374 -0.0316671 0.9972083
1341846244.077884 0.0584109 -0.0308534 -0.0231641 0.0704759 -0.0140953 -0.0316637 0.9969112
1341846244.583892 0.0614904 -0.0321816 -0.0218651 0.0709319 -0.0119713 -0.0284002 0.9970049
1341846244.820099 0.0717697 -0.0374730 -0.0238614 0.0726947 -0.0106379 -0.0242894 0.9970016
1341846245.088236 0.0785768 -0.0382991 -0.0169120 0.0741802 -0.0050206 -0.0222656 0.9969836
1341846245.591988 0.0682287 -0.0400528 -0.0148593 0.0753302 -0.0030237 -0.0265541 0.9968004
1341846245.927903 0.0663610 -0.0410880 -0.0079157 0.0763395 0.0002420 -0.0255038 0.9967557
1341846246.085916 0.0590420 -0.0383179 -0.0075638 0.0809079 -0.0001632 -0.0249912 0.9964083
1341846246.153949 0.0606288 -0.0419358 -0.0104319 0.0817343 -0.0019054 -0.0264000 0.9963027
1341846246.222002 0.0600889 -0.0356270 -0.0142138 0.0827424 -0.0015809 -0.0296283 0.9961292
1341846246.322001 0.0599850 -0.0347264 -0.0160653 0.0830866 -0.0000928 -0.0326178 0.9960084
1341846246.457915 0.0567688 -0.0348100 -0.0146012 0.0803177 0.0026105 -0.0304401 0.9963010
1341846246.558038 0.0595267 -0.0367882 -0.0124410 0.0771509 0.0064639 -0.0298973 0.9965501
1341846246.589826 0.0591604 -0.0404784 -0.0104849 0.0772705 0.0070477 -0.0280401 0.9965909
1341846246.725903 0.0590832 -0.0361291 -0.0117714 0.0768167 0.0053448 -0.0256279 0.9967015
1341846246.826059 0.0575793 -0.0381178 -0.0106220 0.0753932 0.0052399 -0.0277142 0.9967549
1341846247.126028 0.0578771 -0.0386789 -0.0081563 0.0768710 0.0019046 -0.0287535 0.9966245
1341846247.162093 0.0565254 -0.0424950 0.0002938 0.0775636 0.0017616 -0.0279206 0.9965948
1341846247.293957 0.0643400 -0.0444995 -0.0019977 0.0889025 0.0037993 -0.0237793 0.9957492
1341846247.462223 0.0580870 -0.0405193 -0.0045568 0.0831250 0.0012705 -0.0253806 0.9962151
1341846247.562209 0.0573046 -0.0434052 0.0029203 0.0864548 0.0017682 -0.0248092 0.9959453
1341846247.730051 0.0578296 -0.0420701 0.0007480 0.0847053 -0.0002658 -0.0200359 0.9962046
1341846247.798768 0.0733967 -0.0391699 0.0059095 0.0880050 -0.0023885 -0.0162995 0.9959838
1341846247.865875 0.0750804 -0.0400008 0.0078493 0.0850138 -0.0027381 -0.0164293 0.9962406
1341846247.930002 0.0677861 -0.0369135 0.0065237 0.0885681 -0.0021105 -0.0149376 0.9959559
1341846247.966006 0.0730935 -0.0401210 0.0095906 0.0872887 -0.0050376 -0.0134805 0.9960791
1341846247.998062 0.0769163 -0.0463152 0.0088090 0.0887961 -0.0050030 -0.0130774 0.9959514
1341846248.502139 0.0716354 -0.0310725 0.0192663 0.0903852 0.0033946 -0.0281241 0.9955040
1341846248.534215 0.0714639 -0.0436231 0.0174304 0.0868894 0.0011732 -0.0274698 0.9958385
1341846248.565971 0.0794270 -0.0431439 0.0186396 0.0890184 0.0001893 -0.0266537 0.9956733
1341846248.602003 0.0716830 -0.0322398 0.0195345 0.0888745 0.0023855 -0.0283604 0.9956362
1341846248.640295 0.0757066 -0.0455470 0.0199882 0.0864728 0.0018616 -0.0275694 0.9958709
1341846248.675831 0.0769091 -0.0474591 0.0200212 0.0890238 0.0022204 -0.0269338 0.9956628
1341846248.740085 0.0711241 -0.0456149 0.0199766 0.0900647 0.0037294 -0.0277240 0.9955430
1341846248.901932 0.0777731 -0.0491461 0.0194651 0.0950153 0.0020322 -0.0265706 0.9951191
1341846249.037998 0.0713259 -0.0399454 0.0202136 0.0946031 0.0023319 -0.0268598 0.9951499
1341846249.237872 0.0815660 -0.0399105 0.0182108 0.0945222 0.0036019 -0.0242467 0.9952209
1341846249.574263 0.0870659 -0.0439590 0.0235909 0.0901664 0.0080480 -0.0250453 0.9955792
1341846249.641995 0.0815201 -0.0435967 0.0239365 0.0894326 0.0064762 -0.0216324 0.9957369
1341846249.706034 0.0775366 -0.0382630 0.0243300 0.0858110 0.0051566 -0.0204244 0.9960887
1341846249.909991 0.0801702 -0.0296986 0.0259229 0.0853723 -0.0092669 -0.0075457 0.9962775
1341846250.010384 0.0828621 -0.0283505 0.0241642 0.0851101 -0.0150114 -0.0059769 0.9962406
1341846250.109945 0.0914418 -0.0139624 0.0235204 0.0883433 -0.0161169 -0.0056034 0.9959440
1341846250.346142 0.1013977 -0.0238128 0.0225566 0.0835660 -0.0059855 -0.0118977 0.9964132
1341846250.445984 0.1045842 -0.0153430 0.0252581 0.0870694 -0.0066178 -0.0122820 0.9961045
1341846250.509930 0.0950473 -0.0216651 0.0238396 0.0853320 -0.0077716 -0.0112176 0.9962592
1341846250.745904 0.1000768 -0.0163332 0.0288355 0.0815701 -0.0073237 -0.0027442 0.9966369
1341846251.249978 0.0966724 -0.0241265 0.0211690 0.0893843 -0.0104449 -0.0072070 0.9959164
1341846251.318026 0.0930789 -0.0151637 0.0228659 0.0905450 -0.0125393 -0.0081654 0.9957799
1341846251.449878 0.0870104 -0.0148894 0.0226391 0.0855564 -0.0177103 -0.0110658 0.9961145
1341846251.481872 0.0852725 -0.0189361 0.0265228 0.0828922 -0.0194515 -0.0101033 0.9963174
1341846251.517870 0.0847263 -0.0085285 0.0257011 0.0830941 -0.0210723 -0.0098372 0.9962704
1341846251.618241 0.0905358 -0.0162868 0.0289382 0.0805402 -0.0225261 -0.0070805 0.9964716
1341846251.686034 0.0962037 -0.0171715 0.0283638 0.0815515 -0.0200645 -0.0087361 0.9964288
