1341846226.817920 0.000000000 0.000000000 0.000000000 -0.000000000 -0.000000000 -0.000000000 1.000000000
1341846226.850323 0.004553217 0.003316040 0.002094260 0.001439258 -0.000616038 -0.002000046 0.999996781
1341846226.881894 0.006587088 0.001524365 0.003551141 0.001392691 0.000563009 -0.003091579 0.999994099
1341846226.917980 0.003990419 -0.000907586 0.003234300 0.000241071 -0.000393171 -0.002659074 0.999996364
1341846226.950000 0.005080375 -0.002476024 0.006782775 0.001124679 -0.002812366 -0.002205484 0.999992967
1341846226.985981 0.005733800 -0.001701207 0.005288470 0.002888251 -0.003581604 -0.002707565 0.999985754
1341846227.017919 0.002215732 0.001453725 0.003429055 0.002927782 -0.003741900 -0.003489877 0.999982655
1341846227.050040 0.007238899 -0.001662756 0.007173688 0.002447051 -0.004989517 -0.004009569 0.999976516
1341846227.085982 0.006104611 -0.000761209 0.004443809 0.003215642 -0.004626495 -0.004808737 0.999972582
1341846227.118052 0.005174092 -0.000157647 0.006191256 0.003757466 -0.004309054 -0.005155511 0.999970376
1341846227.149935 0.004961609 -0.001209642 0.003749674 0.004228591 -0.004626133 -0.005009321 0.999967813
1341846227.186053 0.001742532 0.002617287 0.002647009 0.004388389 -0.005229383 -0.006040851 0.999958456
1341846227.218443 0.006344196 0.000798837 0.007245216 0.003162940 -0.006197643 -0.007627040 0.999946713
1341846227.253944 0.009485024 -0.002941817 0.007643786 0.003953925 -0.006293870 -0.009128036 0.999930739
1341846227.285981 0.006305143 -0.003236541 0.005119175 0.005159948 -0.006433071 -0.010011210 0.999915898
1341846227.320064 0.006653483 -0.002462109 0.004828943 0.005375054 -0.008270203 -0.011245159 0.999888182
1341846227.353969 0.005447120 -0.002281440 0.003277648 0.005810178 -0.009789085 -0.013197718 0.999848127
1341846227.385846 0.003086059 0.000263514 0.002010457 0.005360684 -0.011880178 -0.014709037 0.999806881
1341846227.418015 -0.001524181 0.000515805 0.000146183 0.003973701 -0.014611824 -0.016967908 0.999741375
1341846227.453997 0.002475858 0.001451498 0.003187001 0.002743188 -0.017669128 -0.020548239 0.999628961
1341846227.485981 -0.000620060 0.007761365 0.003416605 0.002938358 -0.018280741 -0.022511760 0.999575138
1341846227.521976 -0.002124032 0.002544354 0.005541865 0.002282147 -0.019604879 -0.023045424 0.999539554
1341846227.553980 -0.002301286 -0.000966694 0.005483701 0.003524171 -0.021991005 -0.024044083 0.999462843
1341846227.586047 0.002747708 0.004063370 0.006890335 0.005721923 -0.023405237 -0.024976479 0.999397635
1341846227.622081 0.005200385 0.005704056 0.005073555 0.005420775 -0.023182897 -0.028757267 0.999302864
1341846227.653945 0.003449052 -0.000069984 0.008582549 0.004598574 -0.023451841 -0.028529596 0.999307275
1341846227.686038 0.006601399 -0.007018740 0.008355494 0.006683731 -0.024748975 -0.028326681 0.999269962
1341846227.721966 0.016635502 -0.011388524 0.007338037 0.008342884 -0.023440899 -0.032439787 0.999163926
1341846227.754130 0.016373252 -0.013349916 0.007656058 0.009146901 -0.020597935 -0.032618470 0.999213755
1341846227.789951 0.017885057 -0.013489475 0.007024806 0.010686380 -0.018911015 -0.031136688 0.999279082
1341846227.821920 0.019502779 -0.012702894 0.006392767 0.011234887 -0.017142620 -0.030462334 0.999325752
1341846227.854275 0.018345017 -0.013261411 0.006590390 0.011432268 -0.014955647 -0.030969758 0.999343038
1341846227.889935 0.015800679 -0.012787772 0.005372277 0.011469283 -0.012949941 -0.028944556 0.999431312
1341846227.921967 0.018332288 -0.013366865 0.004059630 0.011504694 -0.012526036 -0.027762046 0.999469876
1341846227.958123 0.019710911 -0.010354217 0.003730812 0.012082820 -0.011211880 -0.028608194 0.999454796
1341846227.989985 0.022950985 -0.009473175 0.003212821 0.011182192 -0.009325169 -0.029885618 0.999447286
1341846228.021937 0.020326979 -0.018786771 0.007436019 0.010129672 -0.008277466 -0.029604780 0.999476075
1341846228.058222 0.016908942 -0.021176172 0.006606414 0.012243961 -0.007542762 -0.028418340 0.999492705
1341846228.090097 0.027302196 -0.007333372 0.004506333 0.013790408 -0.007823731 -0.028267018 0.999474704
1341846228.121845 0.026177928 -0.007387971 0.004343211 0.010394805 -0.005556392 -0.027033683 0.999565065
1341846228.157875 0.019903807 -0.008898221 0.003620655 0.008024166 -0.004791086 -0.023631539 0.999677062
1341846228.189872 0.024496144 -0.005403966 0.007062224 0.006475060 -0.005692678 -0.021942848 0.999722064
1341846228.225994 0.026748750 -0.008868832 0.010459566 0.004475771 -0.005987179 -0.022961892 0.999708474
1341846228.258336 0.023944555 -0.015045198 0.011155221 0.004360647 -0.006307232 -0.023482107 0.999694884
1341846228.289941 0.028813399 -0.012803076 0.009369787 0.005399304 -0.007417999 -0.022093695 0.999713898
1341846228.326018 0.033402521 -0.014032966 0.011465994 0.005630780 -0.007241589 -0.022581471 0.999702990
1341846228.358243 0.029676890 -0.011673462 0.010299250 0.006262851 -0.004876032 -0.022685571 0.999711156
1341846228.389779 0.028255917 -0.012732874 0.008049329 0.005778856 -0.004426792 -0.021502545 0.999742329
1341846228.426073 0.035990428 -0.017497705 0.009898748 0.005499820 -0.004704398 -0.021742586 0.999737442
1341846228.493915 0.029220795 -0.012251168 0.002579923 0.006497205 -0.001406442 -0.020474419 0.999768317
1341846228.525907 0.027086474 -0.015644902 0.002352646 0.005377925 -0.002038341 -0.019736830 0.999788642
1341846228.558208 0.034238420 -0.013559896 0.007123999 0.005857905 -0.002452927 -0.019097501 0.999797523
1341846228.593899 0.030240772 -0.017459577 0.005283116 0.005571128 -0.001482623 -0.018295867 0.999816000
1341846228.626021 0.027643770 -0.013757586 0.003422025 0.005804091 -0.002669033 -0.017271802 0.999830425
1341846228.658069 0.030265445 -0.009887683 0.004384635 0.005539520 -0.004099709 -0.017037028 0.999831200
1341846228.693942 0.033658486 -0.012619642 0.004338047 0.004268961 -0.003737034 -0.017892849 0.999823809
1341846228.726069 0.033211950 -0.012475232 0.003897896 0.003662486 -0.002397185 -0.017593566 0.999835730
1341846228.762090 0.029698597 -0.019026885 0.004513792 0.002764872 -0.001981255 -0.015344456 0.999876559
1341846228.794000 0.031705074 -0.021878984 0.003989995 0.003553113 -0.002739179 -0.014406885 0.999886155
1341846228.825934 0.032363966 -0.019550111 0.003768597 0.004476551 -0.002184549 -0.014677451 0.999879897
1341846228.862015 0.024099080 -0.015063836 0.003289338 0.005339102 -0.001194832 -0.013780706 0.999890149
1341846228.893856 0.022410605 -0.016150936 0.002965532 0.005443981 -0.002057019 -0.013211048 0.999895811
1341846228.926548 0.025488203 -0.011712343 0.003384970 0.006215704 -0.002349778 -0.014003531 0.999879897
1341846228.961940 0.028947651 -0.008067020 0.005960836 0.006269345 -0.002106756 -0.013657286 0.999884903
1341846228.994040 0.026719650 -0.006445576 0.003947207 0.005488088 -0.001714530 -0.013057477 0.999898255
1341846229.029897 0.029527972 -0.014006960 0.007865747 0.004598548 -0.002292988 -0.012689274 0.999906301
1341846229.061870 0.031344470 -0.015748419 0.008416776 0.005641919 -0.002148776 -0.012732948 0.999900758
1341846229.094829 0.028546372 -0.011739326 0.006285278 0.006123353 -0.001150604 -0.011950567 0.999909222
1341846229.129930 0.031099683 -0.011654511 0.004711305 0.005566711 -0.000912719 -0.011134191 0.999922156
1341846229.161882 0.031843144 -0.012525233 0.006146776 0.005027096 -0.000538316 -0.011355910 0.999922752
1341846229.197882 0.030187871 -0.015789757 0.005494131 0.004928541 -0.000266960 -0.011648625 0.999920011
1341846229.229812 0.031532317 -0.023847966 -0.001768247 0.005074998 -0.000998682 -0.010449409 0.999932051
1341846229.261994 0.026567863 -0.023094133 -0.004621092 0.006375550 -0.000467668 -0.011359842 0.999915123
1341846229.297920 0.026833447 -0.022116397 -0.007377995 0.006428975 -0.000738234 -0.012201709 0.999904633
1341846229.329933 0.026568947 -0.022032449 -0.006901026 0.006426989 -0.001612828 -0.012258925 0.999902904
1341846229.361996 0.030098623 -0.028302332 -0.004235389 0.005597839 -0.002644025 -0.011867795 0.999910474
1341846229.398029 0.029722616 -0.034977254 -0.002612371 0.007264879 -0.002039022 -0.011838484 0.999901533
1341846229.430182 0.028439779 -0.033125605 -0.006114025 0.010014419 -0.002311419 -0.011017893 0.999886513
1341846229.471963 0.029816611 -0.026520027 -0.008415994 0.011805508 -0.002691531 -0.011102787 0.999865055
1341846229.530149 0.032937825 -0.018136878 -0.008846671 0.014060869 -0.002497144 -0.009219616 0.999855518
1341846229.566064 0.032572899 -0.025331356 -0.005930309 0.013105366 -0.002557988 -0.008074309 0.999878287
1341846229.630063 0.032819800 -0.022813026 -0.008381440 0.016890407 -0.000231222 -0.005138966 0.999844134
1341846229.665946 0.029536342 -0.022503898 -0.009291485 0.016155599 0.000666088 -0.004714000 0.999858201
1341846229.698150 0.033033155 -0.028582726 -0.001968257 0.016388144 0.000328168 -0.003184804 0.999860644
1341846229.733828 0.032419365 -0.029645415 -0.006124367 0.019486062 0.002010653 -0.003253485 0.999802828
1341846229.765937 0.030888228 -0.025919193 -0.013268094 0.020020824 0.003592395 -0.002858205 0.999789059
1341846229.798002 0.027318094 -0.023534101 -0.013457691 0.018457567 0.004161611 -0.002908653 0.999816775
1341846229.833857 0.028740430 -0.025667777 -0.007454680 0.018433535 0.004166665 -0.003350871 0.999815822
1341846229.865928 0.034364443 -0.029074725 -0.007651861 0.019456292 0.004204921 -0.003341049 0.999796271
1341846229.897926 0.029200129 -0.015607054 -0.016448669 0.020929657 0.005171679 -0.004334922 0.999758244
1341846229.939857 0.033529140 -0.015078307 -0.010872860 0.019165015 0.004959857 -0.004319428 0.999794722
1341846230.002061 0.028927714 -0.011534878 -0.016272495 0.016551482 0.006654717 -0.004726702 0.999829710
1341846230.033858 0.031381331 -0.016683644 -0.011276809 0.013233062 0.005964624 -0.005795681 0.999877870
1341846230.065938 0.032655917 -0.022723768 -0.007969191 0.012279007 0.006475004 -0.004748876 0.999892414
1341846230.103878 0.030333309 -0.019841310 -0.009489424 0.012614038 0.007701212 -0.004383528 0.999881208
1341846230.144719 0.039845984 -0.009938483 -0.007608403 0.013599711 0.006341069 -0.003669444 0.999880672
1341846230.172747 0.038759660 -0.020167178 -0.004735046 0.011672983 0.007121859 -0.002283289 0.999903917
1341846230.208544 0.031911742 -0.017967980 -0.006812519 0.012956024 0.008891041 -0.001831400 0.999874890
1341846230.271971 0.034775153 -0.020512799 -0.004521825 0.011425808 0.008367059 -0.000788362 0.999899447
1341846230.334051 0.036105201 -0.022053758 -0.007601043 0.015427592 0.008749928 0.000863285 0.999842346
1341846230.370031 0.035207909 -0.023507552 -0.004584895 0.017048292 0.009883596 -0.000908503 0.999805450
1341846230.401932 0.036287140 -0.022712627 -0.006354230 0.019177524 0.010767469 -0.001541428 0.999756932
1341846230.437965 0.036675129 -0.022600807 -0.008347635 0.020996081 0.011262300 -0.002977953 0.999711752
1341846230.469920 0.035342801 -0.021686658 -0.004980942 0.022322197 0.011908937 -0.003916932 0.999672234
1341846230.501933 0.051045120 -0.018711340 -0.011829253 0.022760626 0.009064264 -0.003860191 0.999692440
1341846230.537834 0.047213610 -0.021360824 -0.006716130 0.021741729 0.009280493 -0.004245868 0.999711573
1341846230.569803 0.047265373 -0.025480505 -0.003180653 0.022859119 0.008824687 -0.004399016 0.999690115
1341846230.601945 0.047654919 -0.027245864 -0.007420726 0.024217669 0.008010511 -0.003717250 0.999667764
1341846230.637789 0.045151182 -0.024494769 -0.010882582 0.025669828 0.007899755 -0.004058185 0.999631047
1341846230.670057 0.036256634 -0.016221650 -0.029464228 0.026197976 0.008667296 -0.004531615 0.999608934
1341846230.705937 0.031210296 -0.027154135 -0.023920650 0.023469405 0.008657129 -0.006317538 0.999667108
1341846230.737932 0.028338058 -0.031049358 -0.021387143 0.023875831 0.008891205 -0.006780781 0.999652445
1341846230.769960 0.041227113 -0.026180949 -0.017262457 0.025878236 0.006774929 -0.003252510 0.999636889
1341846230.805852 0.030524181 -0.023857454 -0.015395853 0.026453467 0.008191142 -0.004128436 0.999607980
1341846230.837804 0.045081954 -0.027867464 -0.020380581 0.026088664 0.005455781 -0.004471383 0.999634802
1341846230.869829 0.049313225 -0.028854422 -0.019239929 0.027098892 0.005398656 -0.003439147 0.999612331
1341846230.905851 0.030995829 -0.030011328 -0.018612435 0.027178824 0.007524480 -0.004731141 0.999591053
1341846230.937917 0.028654311 -0.030036470 -0.017986055 0.026966020 0.006651516 -0.005351395 0.999599934
1341846230.973933 0.048641164 -0.032938648 -0.012559528 0.027464699 0.003508761 -0.003485780 0.999610543
1341846231.006047 0.048724934 -0.034540560 -0.009920086 0.028438199 0.003487417 -0.003008358 0.999584973
1341846231.037936 0.045328919 -0.025075104 -0.016797222 0.029748544 0.003459369 -0.003003861 0.999547005
1341846231.074310 0.045475528 -0.028641539 -0.018070018 0.029284099 0.002899152 -0.003181444 0.999561906
1341846231.106085 0.043367002 -0.033531394 -0.015610429 0.029861607 0.002891652 -0.002904522 0.999545693
1341846231.138083 0.044157140 -0.031311773 -0.015349556 0.031173209 0.002211625 -0.002889766 0.999507368
1341846231.174011 0.043655228 -0.033668529 -0.017981218 0.030754032 0.001854956 -0.003520007 0.999519110
1341846231.205909 0.045093440 -0.035207029 -0.017644066 0.031429462 0.001560227 -0.003887790 0.999497235
1341846231.241869 0.041161861 -0.030022554 -0.020246347 0.033233233 0.002387485 -0.004152076 0.999436140
1341846231.273832 0.038944617 -0.026349595 -0.005468092 0.033733465 0.002484325 -0.005328767 0.999413550
1341846231.305846 0.045163061 -0.020787181 -0.009579513 0.035858203 0.001365934 -0.004204590 0.999347150
1341846231.341923 0.031567924 -0.018338215 -0.011596592 0.035777144 0.003060724 -0.005291373 0.999341130
1341846231.410022 0.028683305 -0.022645533 -0.010137147 0.032808166 0.003013893 -0.006341578 0.999437094
1341846231.442103 0.034384970 -0.018914487 -0.021301461 0.033381540 0.001374094 -0.005913167 0.999424219
1341846231.484245 0.034642711 -0.015556807 -0.019921608 0.034034882 0.000351111 -0.004426984 0.999410808
1341846231.516816 0.036917489 -0.014156619 -0.022433652 0.033132035 0.000077983 -0.005634895 0.999435186
1341846231.547853 0.039642822 -0.013865454 -0.026516523 0.031039668 0.000978076 -0.006996718 0.999493241
1341846231.583898 0.039669774 -0.015347329 -0.025055118 0.027828339 0.002545413 -0.009530490 0.999564111
1341846231.615993 0.039019786 -0.020703534 -0.017893948 0.025803376 0.004521405 -0.012999829 0.999572277
1341846231.648015 0.029202892 -0.042832572 -0.013861285 0.024192590 0.005641798 -0.013443747 0.999601007
1341846231.683822 0.043398596 -0.043800622 -0.011996132 0.029225128 0.001893939 -0.012803908 0.999489069
1341846231.716153 0.030468730 -0.045252390 -0.016440786 0.035358410 0.002914590 -0.013420377 0.999280334
1341846231.747846 0.032046340 -0.039537769 -0.011859033 0.040072486 0.001058156 -0.013609789 0.999103546
1341846231.783993 0.035874829 -0.031779449 -0.012448914 0.041753627 -0.000394318 -0.013657619 0.999034524
1341846231.817027 0.030459076 -0.034171291 -0.011253463 0.041178647 0.000476795 -0.014010848 0.999053478
1341846231.852317 0.027395269 -0.031627432 -0.014346455 0.040476479 0.000432922 -0.013930314 0.999083340
1341846231.909867 0.025106808 -0.032667499 -0.013919197 0.036797404 -0.001393730 -0.012361316 0.999245346
1341846231.945837 0.045241524 -0.035019655 -0.007103662 0.036455408 -0.004992849 -0.010251856 0.999270260
1341846231.978027 0.044087611 -0.033157934 -0.007809567 0.036541566 -0.005118496 -0.010782738 0.999260843
1341846232.009966 0.038253706 -0.026397897 -0.009319518 0.036325689 -0.004793170 -0.010726468 0.999270976
1341846232.045845 0.038881004 -0.037267826 -0.007740399 0.034077533 -0.005991552 -0.010679730 0.999344170
1341846232.077961 0.043612413 -0.031718906 -0.006587564 0.035521150 -0.007778185 -0.009365484 0.999294817
1341846232.109864 0.036767565 -0.030999834 -0.007524390 0.035414416 -0.007205530 -0.010622064 0.999290347
1341846232.145999 0.040776331 -0.026087612 -0.002933311 0.035597514 -0.008111726 -0.009977934 0.999283493
1341846232.178314 0.039968301 -0.029278854 -0.003634399 0.034665320 -0.007886980 -0.010043532 0.999317408
1341846232.215951 0.037690856 -0.033756182 -0.002370531 0.034708243 -0.007054350 -0.009128931 0.999330878
1341846232.252037 0.042323571 -0.034243841 -0.014391900 0.035725668 -0.007482852 -0.008034609 0.999301374
1341846232.283944 0.033702996 -0.035691068 -0.024249883 0.035764895 -0.006804659 -0.006368233 0.999316752
1341846232.319867 0.035752185 -0.029032966 -0.012978747 0.036736399 -0.006241143 -0.006536751 0.999284089
1341846232.351854 0.043416105 -0.035650969 -0.009819540 0.033888418 -0.006911655 -0.006923504 0.999377787
1341846232.383877 0.035568368 -0.044300009 -0.018546844 0.030246656 -0.006316356 -0.008743801 0.999484301
1341846232.419782 0.037625365 -0.032574859 -0.007096802 0.031379133 -0.007118558 -0.011237672 0.999419034
1341846232.451780 0.037815485 -0.036346626 -0.018472776 0.031869233 -0.007984750 -0.010797708 0.999401867
1341846232.484170 0.043898840 -0.033814106 -0.004460162 0.033465400 -0.007936154 -0.011154792 0.999346137
1341846232.519889 0.042345013 -0.037136249 -0.014621153 0.033525173 -0.008446252 -0.010011238 0.999352098
1341846232.551877 0.057903655 -0.040059168 -0.005067508 0.033886850 -0.010514249 -0.009419044 0.999325991
1341846232.583846 0.062796399 -0.045503214 -0.014769390 0.034316394 -0.011421492 -0.008453136 0.999310076
1341846232.619798 0.059538204 -0.039581433 -0.007036426 0.037162036 -0.009844599 -0.009354524 0.999216974
1341846232.651799 0.058002900 -0.041985933 -0.013932354 0.037583910 -0.009750937 -0.009423033 0.999201536
1341846232.688092 0.051838268 -0.037862029 -0.009284638 0.040020112 -0.007812931 -0.009550379 0.999122679
1341846232.719804 0.047062229 -0.039455947 -0.017582593 0.041742042 -0.006572444 -0.010597036 0.999050617
1341846232.751767 0.058859766 -0.039751504 -0.007135560 0.043869346 -0.007583844 -0.009686899 0.998961568
1341846232.787894 0.056950018 -0.039829925 -0.000753725 0.045783602 -0.006323448 -0.011429502 0.998865962
1341846232.819886 0.057703376 -0.038107954 -0.011257078 0.047811292 -0.005137667 -0.011436033 0.998777688
1341846232.855850 0.054854531 -0.033071831 -0.011219433 0.050643116 -0.004179302 -0.012050466 0.998635411
1341846232.887989 0.052555606 -0.033493418 -0.012078327 0.051794440 -0.002916092 -0.012891313 0.998570323
1341846232.919822 0.056352753 -0.036021061 -0.010730438 0.052556273 -0.002784472 -0.013690202 0.998520255
1341846232.955993 0.052602712 -0.034753323 -0.008929308 0.053749368 -0.002075848 -0.013418534 0.998462200
1341846232.987965 0.058230102 -0.033721037 -0.015381723 0.053610381 -0.002093720 -0.014098899 0.998460174
1341846233.023868 0.057693377 -0.036309678 -0.013857114 0.051734280 -0.000190238 -0.014155912 0.998560548
1341846233.055880 0.055792093 -0.035994738 -0.012213491 0.050457243 0.001614236 -0.014530542 0.998619258
1341846233.087872 0.055906706 -0.037890729 -0.009842161 0.049488980 0.001593453 -0.015188530 0.998657942
1341846233.124060 0.052516665 -0.040113285 -0.008889184 0.050078876 0.001457830 -0.016671937 0.998605013
1341846233.155902 0.051690400 -0.042768616 -0.008492392 0.051976331 0.000289853 -0.017133014 0.998501360
1341846233.218177 0.053689003 -0.032760259 -0.012524907 0.057201996 -0.000746420 -0.019237477 0.998177052
1341846233.249926 0.052021701 -0.035230909 -0.012051377 0.055177502 -0.000786654 -0.019894639 0.998278081
1341846233.286015 0.051750205 -0.038981024 -0.008094463 0.053667482 -0.000325698 -0.021441722 0.998328626
1341846233.317870 0.054706775 -0.037947197 -0.001955361 0.054514367 0.000268842 -0.020967305 0.998292863
1341846233.349815 0.039718978 -0.038088266 -0.002439497 0.055280384 0.002670618 -0.021197958 0.998242319
1341846233.385857 0.050186958 -0.034145825 -0.004253330 0.056022346 0.000485967 -0.019321397 0.998242497
1341846233.417990 0.056686237 -0.038132083 -0.003571647 0.055401165 -0.000772295 -0.018922474 0.998284578
1341846233.453822 0.053150762 -0.041889261 -0.002876017 0.055723265 -0.001163746 -0.018355956 0.998276889
1341846233.485912 0.051977847 -0.043695774 -0.010512809 0.056632545 -0.001726612 -0.019712981 0.998199046
1341846233.517954 0.051173083 -0.042782512 -0.012530464 0.056521930 -0.002639763 -0.021111896 0.998174667
1341846233.553882 0.054596394 -0.040820662 -0.002094756 0.056708828 -0.004098529 -0.021027856 0.998160899
1341846233.585968 0.055300329 -0.041067861 -0.002358357 0.058182683 -0.005046010 -0.020343211 0.998085976
1341846233.621898 0.060578000 -0.040736053 -0.000503321 0.059214577 -0.005700097 -0.019936372 0.998029947
1341846233.654396 0.060841624 -0.036672965 -0.000490472 0.059584640 -0.004637199 -0.020533968 0.998001337
1341846233.685848 0.058113400 -0.038789704 -0.004088236 0.058272500 -0.003342829 -0.021703472 0.998059213
1341846233.721879 0.058520563 -0.038935773 -0.002149160 0.057565365 -0.002944323 -0.021072157 0.998115003
1341846233.753961 0.056973014 -0.042403493 -0.006478080 0.056760881 -0.002430185 -0.020857440 0.998166978
1341846233.822009 0.055902619 -0.042360626 -0.005937770 0.055188306 -0.001059282 -0.019326393 0.998288393
1341846233.853971 0.057554699 -0.040750295 0.001172553 0.054486115 -0.001142925 -0.019369252 0.998326063
1341846233.889920 0.058197338 -0.041847732 -0.000751246 0.053605363 -0.001520870 -0.019796835 0.998364806
1341846233.922045 0.059091121 -0.042363331 -0.000328575 0.052601058 -0.002336763 -0.020235674 0.998407841
1341846233.953967 0.059365265 -0.039762776 0.000074025 0.052642737 -0.003261325 -0.019540219 0.998416960
1341846233.989945 0.060690705 -0.038295414 0.000156576 0.052478921 -0.004541784 -0.019906061 0.998413324
1341846234.021936 0.062661164 -0.037589014 -0.001101985 0.051612087 -0.005483473 -0.019779753 0.998456299
1341846234.053904 0.067356914 -0.040910996 0.000694595 0.050696429 -0.005943221 -0.020061664 0.998494923
1341846234.089899 0.064132564 -0.039509445 0.003464418 0.050838429 -0.004865129 -0.020787174 0.998478711
1341846234.158063 0.063092984 -0.045236811 0.004349890 0.049523327 -0.004501349 -0.020278670 0.998556972
1341846234.189961 0.068703361 -0.047425397 -0.001178559 0.050224368 -0.005184155 -0.019125126 0.998541415
1341846234.222130 0.070349120 -0.035121370 0.001441715 0.051768091 -0.004714232 -0.019412449 0.998459339
1341846234.257875 0.062144581 -0.040615849 -0.000637820 0.049436856 -0.003233919 -0.019504100 0.998581588
1341846234.289820 0.066014208 -0.045594566 0.000814332 0.048526764 -0.002971620 -0.019322786 0.998630643
1341846234.321998 0.065624997 -0.044324126 0.000452693 0.049712386 -0.001974220 -0.020458750 0.998552144
1341846234.357904 0.066161238 -0.042631257 0.002196942 0.050296843 -0.002158213 -0.021332111 0.998504162
1341846234.389919 0.063904695 -0.048526503 0.002323334 0.050023232 -0.002750743 -0.019890351 0.998546183
1341846234.425915 0.064474940 -0.046761066 0.003748157 0.051392797 -0.003488451 -0.018561082 0.998499930
1341846234.457800 0.069015712 -0.034394432 0.000934130 0.052759983 -0.004425439 -0.018442625 0.998427153
1341846234.490016 0.068954378 -0.036029015 0.001521707 0.049691215 -0.004919958 -0.018495701 0.998581290
1341846234.525867 0.073627509 -0.043114159 0.005315446 0.047767896 -0.005559109 -0.017353836 0.998692274
1341846234.557961 0.066915810 -0.039857607 0.001658870 0.047753736 -0.004618406 -0.017111422 0.998701930
1341846234.593900 0.072410211 -0.036094341 0.005912513 0.046739019 -0.006268866 -0.015418663 0.998768568
1341846234.658173 0.071864255 -0.041427076 0.006992258 0.045121603 -0.008358327 -0.013287907 0.998858213
1341846234.694104 0.069371291 -0.042444617 0.007335600 0.044608917 -0.009140555 -0.012944119 0.998878837
1341846234.725911 0.070815772 -0.046975855 0.006257530 0.044275314 -0.010754689 -0.011101644 0.998899817
1341846234.758643 0.073061459 -0.043494206 0.008495309 0.045763079 -0.011797505 -0.011196461 0.998819947
1341846234.793907 0.076846682 -0.039208934 0.006087808 0.045505300 -0.012308083 -0.011633680 0.998820603
1341846234.826106 0.076542325 -0.041997313 0.005504646 0.044336975 -0.012144150 -0.011656712 0.998874903
1341846234.862270 0.073310427 -0.047251742 0.008541940 0.043667849 -0.012034535 -0.011321899 0.998909533
1341846234.893971 0.069824360 -0.045402266 0.007644525 0.045101818 -0.012084731 -0.011323481 0.998845160
1341846234.926031 0.071884811 -0.044476353 0.008501456 0.045892972 -0.012421461 -0.012224457 0.998794317
1341846234.961979 0.068791084 -0.044337749 0.009648792 0.046472006 -0.011986908 -0.013410110 0.998757660
1341846234.994016 0.069675371 -0.040232044 0.006118281 0.047624219 -0.012704939 -0.013601512 0.998691916
1341846235.026311 0.068103127 -0.038598157 0.006117209 0.046336353 -0.013266203 -0.014550296 0.998731792
1341846235.061915 0.071078084 -0.038733952 0.005946861 0.044831675 -0.013445342 -0.015055289 0.998790622
1341846235.094075 0.071627483 -0.039690603 0.008228227 0.043992028 -0.013392337 -0.014879726 0.998831332
1341846235.130068 0.066624887 -0.046585470 0.008288719 0.043478623 -0.013202024 -0.014591386 0.998860538
1341846235.162449 0.068052270 -0.045930091 0.008246498 0.044643387 -0.014666980 -0.013546301 0.998803496
1341846235.193917 0.073441453 -0.044913385 0.006251188 0.045561001 -0.016067373 -0.013173821 0.998745561
1341846235.229939 0.073329106 -0.042326692 0.007830361 0.046989474 -0.015365829 -0.014092882 0.998677850
1341846235.261811 0.071634404 -0.045246322 0.008436536 0.046755407 -0.015487465 -0.014318111 0.998683691
1341846235.294134 0.073289424 -0.045068987 0.007501780 0.047583137 -0.016036373 -0.015307195 0.998621225
1341846235.329890 0.073665097 -0.041955434 0.007949855 0.048134483 -0.016017165 -0.015972331 0.998584747
1341846235.361974 0.073180713 -0.034848303 0.005700980 0.047370579 -0.015093276 -0.019167980 0.998579443
1341846235.398097 0.070371740 -0.036674257 0.006255478 0.044794261 -0.014574477 -0.020359116 0.998682499
1341846235.462163 0.071766801 -0.039649259 0.010230714 0.044645768 -0.015109398 -0.020403937 0.998680294
1341846235.498142 0.070339225 -0.034875911 0.009959315 0.044402067 -0.014650145 -0.022249974 0.998658478
1341846235.529989 0.068456411 -0.040307906 0.010734499 0.042700876 -0.014696996 -0.022959167 0.998715997
1341846235.561921 0.071014017 -0.043190733 0.008644293 0.043492708 -0.015509304 -0.022823408 0.998672605
1341846235.597951 0.067444041 -0.037673704 0.006723322 0.044631172 -0.015113399 -0.023522755 0.998612285
1341846235.630160 0.071744926 -0.039209202 0.007277577 0.043346889 -0.016237568 -0.023955828 0.998640835
1341846235.667679 0.070872135 -0.045464020 0.010380078 0.043154132 -0.016652951 -0.023027338 0.998664200
1341846235.705783 0.072397590 -0.042282328 0.009705920 0.045060139 -0.017123675 -0.023784788 0.998554289
1341846235.730392 0.069596201 -0.042282101 0.008207686 0.045336612 -0.016655058 -0.024979008 0.998520553
1341846235.766032 0.067849174 -0.047098503 0.011481855 0.045928057 -0.016471125 -0.025744868 0.998477161
1341846235.797942 0.069825105 -0.044721760 0.008014413 0.047423717 -0.017246995 -0.025314735 0.998405039
1341846235.833964 0.069072597 -0.044410553 0.006838961 0.047868848 -0.016933031 -0.025413893 0.998386741
1341846235.866037 0.070538715 -0.043397442 0.005647005 0.048140068 -0.017122174 -0.024659075 0.998389363
1341846235.898007 0.070589550 -0.048808143 0.006319696 0.047608253 -0.016927205 -0.023093088 0.998455644
1341846235.934106 0.070487678 -0.051257893 0.008544724 0.049286161 -0.016143473 -0.022130629 0.998409033
1341846235.965921 0.071520343 -0.042731952 0.005739350 0.051478431 -0.015274522 -0.021680450 0.998321950
1341846235.997897 0.075852066 -0.042927429 0.002745338 0.051046666 -0.015218243 -0.021514095 0.998348534
1341846236.034072 0.079096153 -0.044913720 0.009114975 0.051326647 -0.014623915 -0.021231933 0.998349130
1341846236.065823 0.070029266 -0.044269033 0.006665475 0.052764967 -0.012797658 -0.021433501 0.998294890
1341846236.101989 0.072135128 -0.037445966 0.002808075 0.052743360 -0.013272377 -0.021888437 0.998279989
1341846236.134258 0.073330320 -0.043643139 0.003365731 0.051294807 -0.013579154 -0.020919494 0.998372078
1341846236.166269 0.070508093 -0.043040536 0.004883404 0.051939987 -0.013228890 -0.020600978 0.998350084
1341846236.202022 0.071801357 -0.036810979 0.001711049 0.052073278 -0.012884027 -0.021671791 0.998324990
1341846236.233893 0.069997475 -0.040678713 0.001451510 0.049531482 -0.012422330 -0.021680407 0.998459935
1341846236.265924 0.070393354 -0.042422045 0.003674682 0.049396347 -0.012242048 -0.020470139 0.998494446
1341846236.302018 0.073480263 -0.044160064 0.002621694 0.049482688 -0.012651511 -0.019993391 0.998494744
1341846236.333756 0.075912178 -0.039997824 0.000067965 0.050060235 -0.012755792 -0.020724900 0.998449683
1341846236.369949 0.072712585 -0.040762506 0.000655013 0.049547076 -0.011697513 -0.020840578 0.998485863
1341846236.401964 0.070811771 -0.042434171 0.000671319 0.049144544 -0.010782310 -0.021364970 0.998504937
1341846236.433828 0.070871428 -0.044947069 -0.001901927 0.049141165 -0.010501741 -0.021852193 0.998497605
1341846236.469948 0.077350147 -0.041790854 0.001361699 0.050487395 -0.010928435 -0.021420803 0.998435199
1341846236.501946 0.073370121 -0.041448087 -0.000600100 0.050846905 -0.009738805 -0.021171222 0.998434544
1341846236.534764 0.073631838 -0.036133040 -0.001903830 0.050616257 -0.009130365 -0.019628381 0.998483539
1341846236.569956 0.073493674 -0.045036517 0.000901951 0.049029704 -0.008442773 -0.017477956 0.998608768
1341846236.601901 0.073732473 -0.043772195 -0.001595985 0.050179157 -0.008143662 -0.016645446 0.998568296
1341846236.637896 0.075060584 -0.034671061 -0.003624422 0.050192505 -0.007605526 -0.017813433 0.998551786
1341846236.669818 0.074530251 -0.037247825 -0.003287748 0.047831640 -0.006465524 -0.018534342 0.998662531
1341846236.702100 0.076764256 -0.049289912 0.002428880 0.046234518 -0.005438915 -0.019351063 0.998728454
1341846236.738521 0.065016702 -0.058891915 0.000378797 0.050265007 -0.003334491 -0.017223207 0.998581827
1341846236.769905 0.064298652 -0.052615110 0.000691830 0.060269423 -0.004457136 -0.014105099 0.998072624
1341846236.805999 0.064070038 -0.039086375 -0.001784821 0.064232685 -0.005474586 -0.013668029 0.997826397
1341846236.844067 0.070951506 -0.033897672 -0.000264312 0.064642504 -0.006182247 -0.015624670 0.997767031
1341846236.876573 0.066313438 -0.026391204 -0.000456089 0.064542577 -0.005120295 -0.017886266 0.997741520
1341846236.911899 0.064599611 -0.028527115 -0.000337335 0.061243959 -0.005009779 -0.019408332 0.997921586
1341846236.944484 0.068145856 -0.039965224 0.001058550 0.059836425 -0.005671184 -0.017989015 0.998030007
1341846236.975811 0.066969126 -0.041649844 -0.002657505 0.061305169 -0.005613928 -0.016799515 0.997961938
1341846237.011848 0.067358091 -0.029519625 -0.000812926 0.062623560 -0.005181422 -0.017653538 0.997867644
1341846237.043850 0.071764819 -0.037187394 -0.001280749 0.060662899 -0.004477183 -0.018267289 0.997981131
1341846237.075882 0.064628370 -0.040444199 0.000145450 0.061072297 -0.003603278 -0.016246703 0.997994602
1341846237.111887 0.065437265 -0.045462802 0.000111279 0.063231058 -0.004935850 -0.014763173 0.997877538
1341846237.143863 0.067363247 -0.038674861 -0.001429250 0.066295460 -0.005550197 -0.014016307 0.997686148
1341846237.175838 0.065591156 -0.031821102 -0.002599990 0.066574432 -0.005557504 -0.013889552 0.997669399
1341846237.211847 0.069498576 -0.036394391 -0.002608797 0.063828424 -0.005872733 -0.014112202 0.997843862
1341846237.243895 0.070115566 -0.043299031 -0.000909929 0.063772261 -0.004831256 -0.013485149 0.997861683
1341846237.280228 0.063729636 -0.036202315 -0.003734959 0.066077232 -0.003879997 -0.012971424 0.997722685
1341846237.312079 0.064725660 -0.038502645 -0.000020146 0.065122820 -0.004868881 -0.011758458 0.997796118
1341846237.343828 0.069661081 -0.039307427 -0.000990371 0.065396160 -0.005704645 -0.010457186 0.997788310
1341846237.379983 0.070015885 -0.033759154 -0.001832752 0.065814830 -0.005231268 -0.010363366 0.997764349
1341846237.411962 0.062912010 -0.030479385 -0.003194110 0.064591363 -0.004327695 -0.011206747 0.997839510
1341846237.443790 0.065180168 -0.035122249 -0.003537957 0.062119775 -0.004610475 -0.012414698 0.997980893
1341846237.479911 0.066114374 -0.032121919 -0.003930907 0.061365079 -0.003792683 -0.014514354 0.998002708
1341846237.511862 0.060413018 -0.030859826 -0.004955286 0.059946995 -0.003288954 -0.015458153 0.998076499
1341846237.547914 0.060008798 -0.033612475 -0.006508614 0.058088463 -0.005083949 -0.014727301 0.998189867
1341846237.579956 0.061881635 -0.033834599 -0.001830447 0.057538304 -0.006179748 -0.014028776 0.998225629
1341846237.611852 0.061103746 -0.029862216 -0.003833585 0.057512596 -0.006440629 -0.013326751 0.998235047
1341846237.647976 0.062549196 -0.033565890 -0.001303476 0.056495082 -0.007198941 -0.013458268 0.998286247
1341846237.680417 0.061958220 -0.035186119 -0.001324124 0.055934537 -0.007763328 -0.012406379 0.998327196
1341846237.711902 0.058923833 -0.037527606 -0.001156357 0.056147583 -0.008160444 -0.011643765 0.998321235
1341846237.747860 0.059506424 -0.037754409 -0.004575813 0.057592601 -0.008683900 -0.012015292 0.998230100
1341846237.779848 0.056135766 -0.032595038 -0.002890759 0.058706149 -0.008521715 -0.012039265 0.998166382
1341846237.815934 0.055546124 -0.027765224 -0.003243570 0.058150757 -0.009407775 -0.011103029 0.998201728
1341846237.847966 0.057568379 -0.027823959 -0.002126060 0.056920785 -0.010808024 -0.010221478 0.998267889
1341846237.879781 0.056082945 -0.027957698 -0.004937110 0.056300979 -0.010821343 -0.010787579 0.998296976
1341846237.916026 0.054389983 -0.026825033 -0.002229665 0.055212114 -0.011256744 -0.010918421 0.998351514
1341846237.978064 0.057419561 -0.028199857 -0.001843513 0.054223195 -0.011553665 -0.011163210 0.998399615
1341846238.010069 0.057414103 -0.028528305 -0.003866709 0.053249419 -0.011443383 -0.011531555 0.998449147
1341846238.045995 0.055721708 -0.026163490 -0.003119206 0.052253932 -0.011341924 -0.011617314 0.998501897
1341846238.077963 0.055665724 -0.026947239 0.000490947 0.051133338 -0.011484177 -0.011589791 0.998558581
1341846238.109791 0.057101034 -0.029848777 -0.000980151 0.050698932 -0.011536933 -0.011756866 0.998578191
1341846238.145837 0.057667088 -0.031491105 0.002077356 0.051930171 -0.011412091 -0.011941989 0.998514116
1341846238.177943 0.054969262 -0.026225284 -0.001203303 0.053026550 -0.010273904 -0.012982580 0.998455882
1341846238.209943 0.056053471 -0.024052339 0.001586497 0.051498286 -0.010351162 -0.013511873 0.998528063
1341846238.246227 0.054032918 -0.029706206 0.000579878 0.050454557 -0.009804484 -0.013643936 0.998585045
1341846238.278227 0.052368026 -0.029507950 0.001072050 0.050993744 -0.009436960 -0.013639861 0.998561263
1341846238.345918 0.060570899 -0.030193970 0.001362728 0.050703894 -0.009623479 -0.015622220 0.998545170
1341846238.377978 0.056921598 -0.035453927 0.000639327 0.051041234 -0.009419882 -0.015131957 0.998537540
1341846238.413879 0.051774066 -0.033052042 0.001861570 0.052388038 -0.009450789 -0.015654482 0.998459399
1341846238.445979 0.059566904 -0.028553737 -0.000423340 0.053294599 -0.010662047 -0.016483476 0.998385906
1341846238.478188 0.057407942 -0.028447278 -0.000294128 0.052787963 -0.010042512 -0.017292919 0.998405516
1341846238.515328 0.057979889 -0.031432055 0.001726629 0.052977890 -0.010241270 -0.017305925 0.998393238
1341846238.545906 0.053364482 -0.032284517 0.001893323 0.054020755 -0.010182744 -0.017402047 0.998336256
1341846238.587827 0.059365112 -0.032939103 -0.000027747 0.054501556 -0.010861206 -0.017753258 0.998296797
1341846238.645944 0.054971978 -0.024959043 -0.000540323 0.053887643 -0.009251616 -0.018055933 0.998340905
1341846238.681933 0.056186885 -0.032245990 -0.000818459 0.052262388 -0.009613752 -0.017613731 0.998431742
1341846238.713917 0.056318164 -0.031035097 0.000354718 0.053277746 -0.009742774 -0.016505290 0.998395801
1341846238.745925 0.055211619 -0.032402825 -0.000343503 0.053848628 -0.009846159 -0.015645251 0.998378038
1341846238.781932 0.058880016 -0.029694119 0.000911518 0.053087708 -0.010705448 -0.016331129 0.998398900
1341846238.813869 0.059893455 -0.025922146 -0.000514707 0.052524932 -0.010315907 -0.016783824 0.998425305
1341846238.849931 0.057947397 -0.030993655 0.000357393 0.050730530 -0.009694237 -0.017150393 0.998518050
1341846238.881927 0.056663778 -0.040893994 0.002054949 0.049974117 -0.010494915 -0.016202757 0.998563945
1341846238.914000 0.058326326 -0.046697218 0.004246807 0.051775523 -0.012679554 -0.013633552 0.998485208
1341846238.949903 0.058041658 -0.045287669 0.003036186 0.055442773 -0.013968553 -0.012685380 0.998283565
1341846239.017941 0.061618909 -0.035422735 -0.000130110 0.059226286 -0.014280265 -0.016658889 0.998003423
1341846239.050041 0.056614861 -0.033274144 0.000175461 0.059603963 -0.013079430 -0.018140920 0.997971594
1341846239.081902 0.055101186 -0.034924369 0.001444424 0.059922103 -0.012995222 -0.019347543 0.997931004
1341846239.117866 0.056758352 -0.032174990 0.000513595 0.061047167 -0.012955911 -0.020274870 0.997844875
1341846239.149976 0.060603131 -0.032996375 0.000040768 0.061160877 -0.012789901 -0.020225376 0.997841060
1341846239.181897 0.057245985 -0.028191647 -0.000610066 0.061036859 -0.012145669 -0.020695822 0.997847021
1341846239.217929 0.053084150 -0.028580641 0.000403854 0.059115030 -0.011764606 -0.021431478 0.997951806
1341846239.250009 0.058772095 -0.029295959 -0.001032806 0.057811432 -0.012000179 -0.020525344 0.998044372
1341846239.285917 0.058940511 -0.030886156 -0.000286141 0.056568727 -0.011218114 -0.020461665 0.998125970
1341846239.318442 0.059839357 -0.027877415 0.001318947 0.055840049 -0.010844941 -0.020471945 0.998170912
1341846239.349930 0.058892086 -0.030162381 0.002325142 0.053943481 -0.010312081 -0.020154614 0.998287320
1341846239.386011 0.057758454 -0.032591149 0.003339020 0.053833820 -0.009588621 -0.018849069 0.998325944
1341846239.417983 0.055090804 -0.027961381 0.001700280 0.054700200 -0.009326402 -0.018713094 0.998283923
1341846239.450112 0.053320266 -0.026166644 0.001271223 0.054040939 -0.009104043 -0.019267831 0.998311341
1341846239.485973 0.056890748 -0.025829576 0.002927036 0.052944608 -0.009398402 -0.018395955 0.998383760
1341846239.517913 0.056934092 -0.026000252 0.003104807 0.051837813 -0.009010458 -0.017448222 0.998462439
1341846239.553979 0.053590659 -0.024588248 0.004716558 0.051192001 -0.008445322 -0.017568670 0.998498559
1341846239.585911 0.058998074 -0.027267575 0.005918814 0.049847737 -0.009229308 -0.016272850 0.998581648
1341846239.617967 0.057720203 -0.031582735 0.007283510 0.049454041 -0.008829672 -0.015475630 0.998617470
1341846239.653941 0.066357754 -0.042357665 0.001203511 0.048257012 -0.010358310 -0.014296426 0.998678982
1341846239.685852 0.058314655 -0.027663238 0.005454189 0.051004875 -0.009320850 -0.014059345 0.998555958
1341846239.717923 0.058410898 -0.024227543 0.005120547 0.051136326 -0.009946575 -0.014149580 0.998541951
1341846239.753857 0.067423277 -0.043213669 0.001615681 0.048065986 -0.011310384 -0.013018590 0.998695314
1341846239.785918 0.065273315 -0.037138518 -0.000757989 0.047985204 -0.011125561 -0.013284673 0.998697758
1341846239.821950 0.065631919 -0.040310532 0.007331672 0.047395315 -0.011907183 -0.012563237 0.998726308
1341846239.854023 0.053631302 -0.029261390 0.006640760 0.050887421 -0.010141623 -0.013220284 0.998565435
1341846239.891801 0.045759566 -0.028468229 -0.002049214 0.050294269 -0.009182646 -0.014683367 0.998584270
1341846239.953963 0.047664933 -0.034655526 -0.002668096 0.048892979 -0.009218560 -0.014993531 0.998649001
1341846239.985997 0.044566568 -0.028079685 0.000280732 0.050405961 -0.009092670 -0.015712738 0.998563826
1341846240.022055 0.047600541 -0.028356835 0.000200943 0.050276887 -0.009889610 -0.017083257 0.998540282
1341846240.053998 0.047213405 -0.029913183 0.001089149 0.050756924 -0.009614803 -0.017501965 0.998511434
1341846240.089841 0.047125615 -0.033182673 0.002724530 0.051417336 -0.009680500 -0.017634908 0.998474658
1341846240.121795 0.043870464 -0.030990951 0.002252182 0.052179553 -0.009787119 -0.018350037 0.998421133
1341846240.159862 0.048292592 -0.033506878 -0.002116622 0.053596541 -0.009947505 -0.018889962 0.998334408
1341846240.195884 0.048169270 -0.033652097 -0.001720579 0.054263126 -0.009514876 -0.019088568 0.998298883
1341846240.227927 0.045350630 -0.033183631 -0.002787631 0.054377656 -0.009361866 -0.019048557 0.998294830
1341846240.290031 0.044614602 -0.031661563 0.000833326 0.055923223 -0.009711470 -0.018415282 0.998218000
1341846240.322206 0.043976575 -0.030077288 -0.000482883 0.055844538 -0.010019513 -0.018132865 0.998224556
1341846240.357948 0.044203766 -0.028033681 -0.001465005 0.055182993 -0.010535467 -0.017515931 0.998267114
1341846240.422212 0.048241161 -0.037637774 -0.001511642 0.056582242 -0.011308746 -0.018272113 0.998166740
1341846240.458143 0.051227115 -0.038143322 -0.002093437 0.056549437 -0.012103027 -0.018697076 0.998151362
1341846240.490243 0.048649747 -0.037486430 -0.002551638 0.056317236 -0.012904874 -0.018871890 0.998151183
1341846240.525976 0.052192610 -0.039063804 -0.000851536 0.056865737 -0.013860521 -0.019255435 0.998099923
1341846240.557894 0.049008276 -0.037074886 -0.000119240 0.058242109 -0.013460631 -0.021052241 0.997989714
1341846240.590418 0.053337246 -0.038663723 -0.003800495 0.058299087 -0.013908744 -0.021895826 0.997962117
1341846240.626172 0.056037296 -0.035921644 -0.003828284 0.059015319 -0.014990172 -0.022247581 0.997896612
1341846240.657964 0.053050939 -0.038682014 -0.002316073 0.058993630 -0.015054617 -0.022882804 0.997882605
1341846240.689825 0.052433081 -0.038899943 -0.000185103 0.059970662 -0.014852509 -0.022775285 0.997829795
1341846240.725903 0.056265693 -0.037542429 -0.005973252 0.059591874 -0.016129263 -0.021049574 0.997870505
1341846240.757973 0.058515940 -0.039156660 -0.005235960 0.059838407 -0.016770341 -0.020973152 0.997846842
1341846240.794024 0.057854556 -0.039782710 -0.006331876 0.061023217 -0.016906030 -0.020609748 0.997780383
1341846240.826068 0.056041460 -0.036267031 -0.004147170 0.062057074 -0.016576037 -0.020267880 0.997729123
1341846240.858147 0.052816223 -0.036080465 -0.007972643 0.061304327 -0.015901022 -0.021747988 0.997755527
1341846240.894038 0.056296170 -0.038618717 -0.007325514 0.059919436 -0.016550237 -0.021178976 0.997841299
1341846240.925975 0.057355653 -0.041606650 -0.002735149 0.059316106 -0.016490310 -0.021704679 0.997867048
1341846240.958080 0.063968934 -0.040946174 -0.005475521 0.059097268 -0.017629279 -0.021035971 0.997874856
1341846240.994099 0.058315594 -0.040547412 -0.005969280 0.058600191 -0.016714888 -0.022182478 0.997895122
1341846241.026041 0.061441757 -0.042737514 -0.003100058 0.059254654 -0.017215200 -0.022293776 0.997845471
1341846241.062449 0.058601294 -0.037137572 -0.012281604 0.060707174 -0.016528687 -0.021526273 0.997786641
1341846241.094372 0.058151625 -0.035243753 -0.012411213 0.059937973 -0.016463125 -0.021478232 0.997835279
1341846241.126068 0.058960583 -0.035270933 -0.011332879 0.059398960 -0.016570864 -0.021875745 0.997857094
1341846241.167863 0.056821030 -0.039846193 -0.003298566 0.060252264 -0.016301395 -0.023540234 0.997772455
1341846241.230127 0.056357916 -0.042750243 0.000509136 0.059322581 -0.016221739 -0.024571139 0.997804582
1341846241.261868 0.058697257 -0.041976433 -0.000464776 0.060109518 -0.016697241 -0.024488796 0.997751653
1341846241.295211 0.056264978 -0.044834506 -0.007189277 0.059916653 -0.016737323 -0.025591964 0.997734904
1341846241.329804 0.059741382 -0.044609539 -0.008027136 0.059128135 -0.017015256 -0.026597543 0.997750998
1341846241.362000 0.055537157 -0.038464267 -0.004650244 0.059631068 -0.015793696 -0.027006015 0.997730136
1341846241.394012 0.057699814 -0.036935449 -0.007060643 0.060189005 -0.016345661 -0.026772305 0.997694075
1341846241.430126 0.056172077 -0.037684463 -0.007155925 0.059993334 -0.016128033 -0.027286207 0.997695446
1341846241.462018 0.057360739 -0.039842263 -0.006869348 0.059768759 -0.016385756 -0.028134653 0.997681201
1341846241.497907 0.056025811 -0.040545680 -0.005917469 0.059634883 -0.015921472 -0.028364670 0.997690201
1341846241.529930 0.057282850 -0.040650468 -0.006940732 0.059402891 -0.016359610 -0.028553147 0.997691572
1341846241.562493 0.057107829 -0.038794469 -0.007824766 0.059050765 -0.016256077 -0.027935773 0.997731626
1341846241.598412 0.058041915 -0.039344907 -0.008659909 0.059288368 -0.016567703 -0.027993808 0.997710764
1341846241.629998 0.058103886 -0.039621897 -0.008860898 0.059452292 -0.016305588 -0.028005749 0.997704983
1341846241.662234 0.055978239 -0.039149683 -0.009773217 0.059615545 -0.015921727 -0.027536429 0.997714520
1341846241.698098 0.055577308 -0.039750706 -0.010276817 0.059703622 -0.015639534 -0.027912589 0.997703254
1341846241.729805 0.056202941 -0.039839488 -0.010466777 0.059472863 -0.015762173 -0.027995249 0.997712851
1341846241.765805 0.055806544 -0.039647482 -0.009668056 0.059627492 -0.015745254 -0.028163463 0.997699142
1341846241.797970 0.057314847 -0.040307857 -0.008814055 0.060017459 -0.015910642 -0.028470511 0.997664392
1341846241.830240 0.057258457 -0.039895799 -0.010294911 0.060167987 -0.015746733 -0.028399603 0.997659981
1341846241.865867 0.056044471 -0.037840862 -0.007778161 0.060524914 -0.015556312 -0.028600527 0.997635603
1341846241.898156 0.056075215 -0.037169535 -0.007209996 0.060965098 -0.015442713 -0.028684217 0.997608185
1341846241.929917 0.058370519 -0.039110478 -0.006987903 0.061169330 -0.015695671 -0.028521061 0.997596383
1341846241.965882 0.058607776 -0.038656473 -0.008297791 0.060670581 -0.015611055 -0.028872510 0.997618079
1341846241.998017 0.057818882 -0.039487924 -0.006588714 0.060606945 -0.015771132 -0.029245233 0.997608542
1341846242.034019 0.054838266 -0.036438704 -0.011364372 0.061106008 -0.015245995 -0.027580656 0.997633696
1341846242.066365 0.056303710 -0.038347408 -0.010092659 0.061486553 -0.015385378 -0.028495641 0.997582436
1341846242.097916 0.057911001 -0.039842058 -0.005284925 0.062743619 -0.015503753 -0.028877020 0.997491360
1341846242.133980 0.055083022 -0.040251572 0.000541790 0.063621230 -0.015634039 -0.027619911 0.997469366
1341846242.165895 0.059463561 -0.035145067 -0.015247339 0.064136535 -0.015503434 -0.026734173 0.997462511
1341846242.197924 0.058325998 -0.037165757 -0.010935869 0.064519346 -0.015265351 -0.028594838 0.997389913
1341846242.234487 0.058446079 -0.037954237 -0.008269850 0.065776989 -0.015356748 -0.027475415 0.997337759
1341846242.269588 0.059184663 -0.035867885 -0.008738415 0.066858709 -0.015343392 -0.027839586 0.997255981
1341846242.301972 0.056836519 -0.032775860 -0.007748870 0.066606417 -0.014816608 -0.029227773 0.997241080
1341846242.333996 0.054908037 -0.037377529 -0.008829488 0.066301070 -0.014270391 -0.029112322 0.997272789
1341846242.366000 0.055892624 -0.035865154 -0.015818272 0.067150041 -0.014278072 -0.028197687 0.997242153
1341846242.401903 0.058309264 -0.035820138 -0.013606548 0.067103796 -0.015080552 -0.027780980 0.997245133
1341846242.433933 0.059262127 -0.037509207 -0.009968450 0.067378983 -0.014837585 -0.028857911 0.997199655
1341846242.469883 0.058437556 -0.036993451 -0.010826206 0.068434693 -0.014272418 -0.028490365 0.997146547
1341846242.501972 0.058981683 -0.037567738 -0.011511987 0.068731397 -0.014517972 -0.028754700 0.997115016
1341846242.534063 0.058983821 -0.037010569 -0.010751287 0.068130694 -0.014734101 -0.029892862 0.997119665
1341846242.569931 0.058566339 -0.036724813 -0.011546996 0.067970522 -0.014137999 -0.029304607 0.997156680
1341846242.602000 0.057383221 -0.037307516 -0.014420051 0.067918852 -0.013785562 -0.029472785 0.997160196
1341846242.634077 0.054967865 -0.033950526 -0.013799059 0.067520045 -0.013669558 -0.029249195 0.997195423
1341846242.670215 0.057370305 -0.034265295 -0.013596140 0.066843987 -0.013655731 -0.029429561 0.997235835
1341846242.701929 0.058824945 -0.035093449 -0.015655152 0.066476583 -0.013779335 -0.029175684 0.997266173
1341846242.737996 0.056818724 -0.035535086 -0.016931161 0.066200316 -0.014130580 -0.029425871 0.997272313
1341846242.769937 0.058946028 -0.036592714 -0.011693170 0.066623054 -0.014737280 -0.029495355 0.997233272
1341846242.808080 0.059260614 -0.036454044 -0.013817221 0.066821814 -0.014702900 -0.030316252 0.997195899
1341846242.869936 0.059265930 -0.036298450 -0.014641245 0.065381438 -0.014931253 -0.030966861 0.997267962
1341846242.902131 0.058795702 -0.036270618 -0.013566485 0.065612309 -0.014709342 -0.030911600 0.997257829
1341846242.938061 0.058847062 -0.035720758 -0.014144104 0.066251524 -0.015014601 -0.031000163 0.997208297
1341846242.969969 0.058560539 -0.036381766 -0.012365121 0.066971295 -0.015646694 -0.031113038 0.997146964
1341846243.005810 0.057763599 -0.036331464 -0.013270057 0.067494556 -0.015823120 -0.030605465 0.997124553
1341846243.038095 0.058992144 -0.035637863 -0.014419922 0.067210928 -0.016565396 -0.030544121 0.997133613
1341846243.070041 0.059371311 -0.034382831 -0.017189214 0.066319555 -0.017050894 -0.030836491 0.997176051
1341846243.106059 0.058775213 -0.036097061 -0.015767531 0.065123312 -0.017045151 -0.031944599 0.997220159
1341846243.137899 0.056245916 -0.034914829 -0.019389967 0.065718204 -0.015937412 -0.031667124 0.997208297
1341846243.169985 0.056636613 -0.035004608 -0.020462109 0.065838270 -0.016200183 -0.031224426 0.997210085
1341846243.206007 0.057529319 -0.034949996 -0.022802137 0.065480687 -0.016212499 -0.031988289 0.997209191
1341846243.237999 0.056739002 -0.034343719 -0.021994228 0.064638168 -0.015606626 -0.033145897 0.997236073
1341846243.274026 0.056427643 -0.036264390 -0.019918118 0.064371973 -0.015070279 -0.033320665 0.997255743
1341846243.305879 0.056799602 -0.035218082 -0.020020911 0.065337278 -0.015153963 -0.033732198 0.997177839
1341846243.338022 0.056573972 -0.036521051 -0.021105198 0.066106893 -0.015098919 -0.033712815 0.997128606
1341846243.374348 0.055990819 -0.035911605 -0.020866478 0.067014396 -0.015097237 -0.033242032 0.997083843
1341846243.405837 0.056522626 -0.034879509 -0.020964993 0.067455076 -0.015778532 -0.033110328 0.997047961
1341846243.442193 0.056659635 -0.031705286 -0.021418490 0.068043888 -0.015995249 -0.033456482 0.996992946
1341846243.473902 0.056436196 -0.032334808 -0.019702574 0.068297558 -0.015797509 -0.033555832 0.996975422
1341846243.505839 0.056730833 -0.033978023 -0.022586387 0.067840785 -0.016237793 -0.033268664 0.997009099
1341846243.542001 0.056690965 -0.034143284 -0.024023861 0.067584679 -0.016256303 -0.033389941 0.997022152
1341846243.574058 0.057248034 -0.034521747 -0.023793852 0.067396112 -0.015854411 -0.032908451 0.997057438
1341846243.605841 0.056404870 -0.035534408 -0.019509362 0.067721374 -0.015133731 -0.033230223 0.997035980
1341846243.642015 0.056862198 -0.034572024 -0.021946825 0.068480290 -0.015227127 -0.032779165 0.996997595
1341846243.673926 0.057295527 -0.032739561 -0.024904869 0.068469062 -0.015400597 -0.033088841 0.996985495
1341846243.710095 0.056469776 -0.034762505 -0.021703262 0.068523146 -0.014902213 -0.033130042 0.996987998
1341846243.741951 0.057646256 -0.033227231 -0.021930885 0.068670698 -0.015526521 -0.033491753 0.996956170
1341846243.774067 0.057033770 -0.033435274 -0.024718011 0.067871161 -0.015529493 -0.034147963 0.996988595
1341846243.809881 0.057094518 -0.033136200 -0.023801245 0.067761190 -0.015139933 -0.033868223 0.997011602
1341846243.841971 0.056591712 -0.034508009 -0.018740041 0.067981660 -0.015144500 -0.032814730 0.997031748
1341846243.874062 0.058316641 -0.032764301 -0.020933831 0.068955496 -0.015980409 -0.032455646 0.996963620
1341846243.910022 0.060786586 -0.032258119 -0.020918127 0.069798216 -0.016346963 -0.032959245 0.996882498
1341846243.978045 0.060443871 -0.028820917 -0.026315378 0.069811493 -0.014979410 -0.033841237 0.996873498
1341846244.009892 0.058291823 -0.029290292 -0.021610295 0.069252051 -0.014429647 -0.033403937 0.996935427
1341846244.042105 0.059098274 -0.030451678 -0.020356817 0.070102952 -0.014154277 -0.032603435 0.996906340
1341846244.077884 0.058410883 -0.030853402 -0.023164075 0.070475914 -0.014095334 -0.031663701 0.996911168
1341846244.115904 0.058098454 -0.032862186 -0.023424985 0.069393173 -0.013988986 -0.031783439 0.996984839
1341846244.151850 0.061818551 -0.032072060 -0.021857565 0.069143087 -0.014551112 -0.031000135 0.997018814
1341846244.184334 0.061594199 -0.030658094 -0.023610245 0.070355669 -0.014324269 -0.030263722 0.996959925
1341846244.215953 0.061298255 -0.029554125 -0.026786884 0.070251696 -0.014217284 -0.030305946 0.996967494
1341846244.251877 0.061763965 -0.031094056 -0.026240241 0.069324262 -0.014420311 -0.030604849 0.997020364
1341846244.283880 0.060998604 -0.031147854 -0.026724700 0.070368789 -0.014388085 -0.030163212 0.996961117
1341846244.316068 0.061436366 -0.029128067 -0.028752409 0.071158528 -0.014752132 -0.030821271 0.996879637
1341846244.351999 0.059061550 -0.029773168 -0.029173944 0.070628025 -0.014639902 -0.030549796 0.996927321
1341846244.384040 0.061564881 -0.031308580 -0.025865968 0.070963681 -0.015678816 -0.029677190 0.996914029
1341846244.419869 0.062465299 -0.029379265 -0.030589074 0.071498238 -0.015906908 -0.029098777 0.996889293
1341846244.451888 0.060037773 -0.029448424 -0.031107156 0.070682615 -0.014682123 -0.030056646 0.996937811
1341846244.483871 0.059561212 -0.030731158 -0.028078754 0.069596000 -0.013840631 -0.030722268 0.997006059
1341846244.519923 0.061631333 -0.031203704 -0.026276693 0.069760032 -0.013563980 -0.029650988 0.997030854
1341846244.551942 0.061611958 -0.030819202 -0.026417537 0.070607752 -0.012785542 -0.029418835 0.996988297
1341846244.583892 0.061490361 -0.032181572 -0.021865103 0.070931852 -0.011971255 -0.028400224 0.997004926
1341846244.619870 0.061653886 -0.032288857 -0.022214608 0.070752501 -0.011855104 -0.026495490 0.997071505
1341846244.651850 0.061480008 -0.032740850 -0.021052537 0.071209610 -0.011748941 -0.025774434 0.997059107
1341846244.683815 0.061409708 -0.032788258 -0.020930570 0.072140381 -0.011466226 -0.024414189 0.997029722
1341846244.719873 0.061393168 -0.032788653 -0.021086464 0.071730413 -0.010690143 -0.024431923 0.997067511
1341846244.751827 0.065713778 -0.034606028 -0.021889932 0.071361251 -0.010661751 -0.024479173 0.997093141
1341846244.788300 0.062382195 -0.034708437 -0.016311195 0.072220877 -0.009633213 -0.024983499 0.997029185
1341846244.820099 0.071769677 -0.037473004 -0.023861405 0.072694719 -0.010637867 -0.024289431 0.997001648
1341846244.851973 0.081107453 -0.045705009 -0.025288124 0.073312901 -0.011250320 -0.023074105 0.996978581
1341846244.887873 0.084252663 -0.043669987 -0.024210589 0.075312130 -0.010338970 -0.022407092 0.996854663
1341846244.920072 0.083231151 -0.041436452 -0.023773890 0.075874060 -0.008954127 -0.022526218 0.996822774
1341846244.952621 0.084808186 -0.043698315 -0.023672311 0.076227315 -0.008321293 -0.021707729 0.996819437
1341846244.987985 0.087050542 -0.043827310 -0.020744791 0.076786652 -0.008120911 -0.020112230 0.996811628
1341846245.020060 0.088671997 -0.038710345 -0.021646123 0.076243371 -0.008062381 -0.020013710 0.996855736
1341846245.051869 0.091895856 -0.040839810 -0.019582395 0.074475139 -0.007731600 -0.020346846 0.996985316
1341846245.088236 0.078576840 -0.038299114 -0.016912030 0.074180171 -0.005020553 -0.022265581 0.996983647
1341846245.119935 0.081843928 -0.041199870 -0.015066195 0.073470391 -0.005085134 -0.022537159 0.997029781
1341846245.151835 0.082661822 -0.042900857 -0.014420417 0.073514596 -0.005095573 -0.022586383 0.997025371
1341846245.187889 0.082023464 -0.042268232 -0.015206027 0.074534416 -0.004852486 -0.022407860 0.996954858
1341846245.219842 0.082884088 -0.039242432 -0.016805913 0.074756131 -0.005087172 -0.021898411 0.996948421
1341846245.256030 0.086198978 -0.040740278 -0.016027443 0.073859110 -0.005389782 -0.022349691 0.997003734
1341846245.287962 0.078218132 -0.041727770 -0.013450827 0.073533110 -0.003868420 -0.023714250 0.997003317
1341846245.319885 0.080432229 -0.044756811 -0.014932555 0.073084429 -0.004026117 -0.024744865 0.997010648
1341846245.355859 0.075081930 -0.041804932 -0.014846210 0.073317535 -0.003764686 -0.024963094 0.996989071
1341846245.387919 0.086965263 -0.041407876 -0.017051330 0.073299661 -0.006025073 -0.024164174 0.996998966
1341846245.423977 0.082393289 -0.042360883 -0.020520130 0.073456652 -0.005149513 -0.025164165 0.996967673
1341846245.455822 0.074260585 -0.040973566 -0.013811201 0.074323498 -0.003713887 -0.026999898 0.996861696
1341846245.487804 0.077639736 -0.040874746 -0.015291855 0.074673079 -0.004358438 -0.025953880 0.996860743
1341846245.523916 0.075746998 -0.039355863 -0.011523266 0.074909717 -0.004048940 -0.026365500 0.996833503
1341846245.555797 0.071264431 -0.037031300 -0.010302298 0.075238988 -0.003137317 -0.027121425 0.996791720
1341846245.591988 0.068228677 -0.040052779 -0.014859254 0.075330220 -0.003023722 -0.026554113 0.996800423
1341846245.623837 0.081951283 -0.042986449 -0.006177577 0.076468267 -0.005318512 -0.024871204 0.996747613
1341846245.655890 0.076872386 -0.039424866 -0.015577903 0.076653436 -0.004453482 -0.025162598 0.996730328
1341846245.692060 0.075607069 -0.039327305 -0.013539309 0.076067694 -0.003469919 -0.026189897 0.996752620
1341846245.724517 0.068104491 -0.041530252 -0.011596569 0.076272912 -0.002238687 -0.026730541 0.996726096
1341846245.760068 0.068631090 -0.041455176 -0.013283558 0.077362135 -0.002305964 -0.026085803 0.996659100
1341846245.791914 0.064296491 -0.037743840 -0.013817553 0.078020632 -0.001348964 -0.025803521 0.996616840
1341846245.824142 0.070074201 -0.039125718 -0.006820594 0.077538684 -0.001414347 -0.025080150 0.996672869
1341846245.860005 0.068785280 -0.038450308 -0.009325254 0.077127911 -0.000740207 -0.025091259 0.996705174
1341846245.891878 0.068501249 -0.039195597 -0.009985378 0.076080516 -0.000605243 -0.025460688 0.996776402
1341846245.927903 0.066361010 -0.041088045 -0.007915744 0.076339476 0.000242018 -0.025503805 0.996755660
1341846245.986182 0.060980819 -0.040185433 -0.011715631 0.077083603 0.000855481 -0.025427315 0.996700048
1341846246.022057 0.064444020 -0.040959757 -0.011208280 0.077757336 0.000069266 -0.025435062 0.996647835
1341846246.053871 0.061067797 -0.039401453 -0.013200668 0.079123959 0.000467136 -0.025101578 0.996548593
1341846246.085916 0.059041984 -0.038317855 -0.007563810 0.080907851 -0.000163187 -0.024991211 0.996408284
1341846246.121806 0.059367869 -0.039335031 -0.011187118 0.081340261 -0.001352131 -0.025459867 0.996360242
1341846246.153949 0.060628846 -0.041935775 -0.010431862 0.081734315 -0.001905413 -0.026400048 0.996302664
1341846246.222002 0.060088873 -0.035627026 -0.014213825 0.082742356 -0.001580864 -0.029628275 0.996129215
1341846246.253984 0.063633017 -0.046360951 -0.008368950 0.081302449 -0.002335236 -0.030802114 0.996210694
1341846246.289808 0.058822837 -0.038252760 -0.006707872 0.083708480 -0.000996267 -0.032160245 0.995970726
1341846246.322001 0.059985004 -0.034726441 -0.016065253 0.083086595 -0.000092791 -0.032617796 0.996008396
1341846246.353946 0.061124351 -0.033215538 -0.019049929 0.081577294 0.000724147 -0.034266677 0.996077538
1341846246.389885 0.061154541 -0.034244772 -0.016475709 0.080379412 0.001490734 -0.033550538 0.996198475
1341846246.421855 0.063598461 -0.031865809 -0.015859220 0.081210539 0.001594119 -0.032192603 0.996175706
1341846246.457915 0.056768775 -0.034809977 -0.014601231 0.080317654 0.002610463 -0.030440131 0.996300995
1341846246.489829 0.061399698 -0.036766011 -0.018067731 0.078675434 0.002891252 -0.029159147 0.996469617
1341846246.521912 0.055962805 -0.037573393 -0.014710558 0.077590011 0.005386781 -0.028662743 0.996558666
1341846246.558038 0.059526671 -0.036788188 -0.012441048 0.077150948 0.006463905 -0.029897258 0.996550083
1341846246.589826 0.059160426 -0.040478352 -0.010484896 0.077270530 0.007047697 -0.028040133 0.996590912
1341846246.622033 0.058860272 -0.039228640 -0.011358450 0.077575058 0.006897239 -0.025582625 0.996634424
1341846246.658046 0.059961990 -0.034272518 -0.016746830 0.077752635 0.006207430 -0.024975205 0.996640563
1341846246.689939 0.059375107 -0.035794854 -0.013592858 0.077015199 0.005536087 -0.025691427 0.996683538
1341846246.725903 0.059083205 -0.036129110 -0.011771418 0.076816700 0.005344797 -0.025627870 0.996701479
1341846246.757894 0.059257977 -0.036088016 -0.011965181 0.075951420 0.005369030 -0.026691666 0.996739805
1341846246.789989 0.059233587 -0.036156103 -0.011719157 0.075545080 0.005376466 -0.028083574 0.996732414
1341846246.826059 0.057579324 -0.038117807 -0.010621968 0.075393192 0.005239938 -0.027714154 0.996754885
1341846246.857869 0.058185767 -0.037021853 -0.010071969 0.076545440 0.004825999 -0.027713045 0.996669233
1341846246.893944 0.061222997 -0.034077458 -0.012592581 0.076710649 0.003748660 -0.026616938 0.996690989
1341846246.925896 0.058222592 -0.038129658 -0.011220592 0.075439386 0.003567306 -0.026585463 0.996789515
1341846246.958090 0.058188029 -0.038380064 -0.011551932 0.075471781 0.003583629 -0.026625358 0.996785998
1341846246.993936 0.058323786 -0.038858537 -0.010718173 0.075241022 0.003282072 -0.027451210 0.996782064
1341846247.026204 0.061797172 -0.038079467 -0.005718408 0.075615771 0.002314319 -0.029635023 0.996693909
1341846247.057936 0.057707608 -0.039137632 -0.006558768 0.076455332 0.002896357 -0.029913533 0.996619999
1341846247.093899 0.059332427 -0.038102936 -0.007656782 0.077351369 0.002425548 -0.029329225 0.996569455
1341846247.126028 0.057877064 -0.038678877 -0.008156338 0.076871023 0.001904592 -0.028753545 0.996624529
1341846247.162093 0.056525379 -0.042495046 0.000293829 0.077563629 0.001761616 -0.027920581 0.996594787
1341846247.194072 0.060478941 -0.043074422 -0.004259646 0.080444679 0.002571078 -0.026482034 0.996403933
1341846247.225977 0.058507558 -0.038907100 -0.004327462 0.082087353 0.002914554 -0.024054298 0.996330559
1341846247.261953 0.059068196 -0.043804895 -0.002947756 0.084892385 0.003575476 -0.024674354 0.996078193
1341846247.293957 0.064340048 -0.044499535 -0.001997721 0.088902488 0.003799331 -0.023779310 0.995749235
1341846247.325987 0.059795722 -0.038884256 -0.007130468 0.090135805 0.003727104 -0.023308005 0.995649815
1341846247.361940 0.064431310 -0.041467551 -0.009303743 0.087567665 0.001881454 -0.023281390 0.995884776
1341846247.430187 0.062071320 -0.032084193 -0.006881446 0.084656559 0.001493150 -0.023332098 0.996135950
1341846247.462223 0.058086999 -0.040519256 -0.004556784 0.083125010 0.001270459 -0.025380587 0.996215105
1341846247.493952 0.057621121 -0.040720753 -0.004424218 0.083211228 0.001094548 -0.026291640 0.996184468
1341846247.530027 0.056027912 -0.041582156 -0.001491946 0.084086955 0.001618452 -0.025806701 0.996122897
1341846247.562209 0.057304576 -0.043405231 0.002920313 0.086454816 0.001768225 -0.024809204 0.995945275
1341846247.594166 0.059762128 -0.043366108 0.000038598 0.087349266 0.000887985 -0.023538074 0.995899320
1341846247.630035 0.058492955 -0.041903276 -0.002698209 0.085883453 0.000186587 -0.023624195 0.996025026
1341846247.662701 0.065954760 -0.043450836 0.003424020 0.085147917 -0.001123609 -0.022620684 0.996110916
1341846247.697913 0.063100077 -0.046333198 0.001701434 0.085388020 0.000074284 -0.021494785 0.996115923
1341846247.730051 0.057829604 -0.042070076 0.000747969 0.084705278 -0.000265818 -0.020035893 0.996204555
1341846247.762180 0.069510005 -0.046936978 0.009304373 0.085302263 -0.002461057 -0.017817797 0.996192753
1341846247.798768 0.073396698 -0.039169911 0.005909483 0.088004969 -0.002388455 -0.016299510 0.995983779
1341846247.830259 0.072097413 -0.033492550 0.008115328 0.087310359 -0.002450564 -0.015519149 0.996057272
1341846247.865875 0.075080417 -0.040000774 0.007849338 0.085013844 -0.002738119 -0.016429342 0.996240556
1341846247.898157 0.076500930 -0.044234291 0.008882763 0.087062366 -0.001568796 -0.015969545 0.996073663
1341846247.930002 0.067786105 -0.036913492 0.006523720 0.088568084 -0.002110463 -0.014937627 0.995955884
1341846247.966006 0.073093541 -0.040120997 0.009590551 0.087288737 -0.005037637 -0.013480459 0.996079087
1341846247.998062 0.076916322 -0.046315152 0.008809051 0.088796131 -0.005002958 -0.013077355 0.995951414
1341846248.030615 0.073581435 -0.040623173 0.011205168 0.090918772 -0.004102648 -0.013900124 0.995752871
1341846248.065891 0.075358704 -0.035404041 0.012439322 0.089895949 -0.004217348 -0.013453641 0.995851398
1341846248.098211 0.081823587 -0.044233855 0.009926377 0.088402562 -0.003760788 -0.014817250 0.995967567
1341846248.133929 0.084812284 -0.038719818 0.010011062 0.090872124 -0.000097708 -0.017683467 0.995705605
1341846248.166050 0.079487137 -0.037250046 0.009794772 0.089965053 0.002342907 -0.019899478 0.995743394
1341846248.198024 0.075490817 -0.040910047 0.012795249 0.088637322 0.002785243 -0.019924782 0.995860815
1341846248.233930 0.078713648 -0.041052260 0.014004264 0.090838097 0.002754454 -0.020022852 0.995660603
1341846248.265968 0.074456759 -0.039076149 0.012990213 0.091077060 0.004041117 -0.022474127 0.995582044
1341846248.297927 0.074470088 -0.038313039 0.011592379 0.088828512 0.003610597 -0.023723060 0.995757878
1341846248.333956 0.071615450 -0.044289380 0.017333807 0.089016452 0.003572124 -0.026942793 0.995659292
1341846248.366013 0.074324839 -0.040142581 0.017806370 0.091175243 0.003103995 -0.026733767 0.995471120
1341846248.402093 0.075178668 -0.039214902 0.016158905 0.090644166 0.001998310 -0.025599374 0.995552301
1341846248.433862 0.074987754 -0.040946756 0.018479964 0.090766057 0.001927773 -0.026671117 0.995513201
1341846248.466804 0.072533250 -0.042773135 0.015579452 0.091173291 0.003795985 -0.027924247 0.995436251
1341846248.502139 0.071635418 -0.031072548 0.019266289 0.090385236 0.003394574 -0.028124074 0.995503962
1341846248.534215 0.071463943 -0.043623120 0.017430438 0.086889423 0.001173226 -0.027469834 0.995838463
1341846248.565971 0.079426967 -0.043143947 0.018639591 0.089018390 0.000189332 -0.026653729 0.995673299
1341846248.602003 0.071682967 -0.032239787 0.019534530 0.088874511 0.002385484 -0.028360445 0.995636165
1341846248.640295 0.075706609 -0.045547023 0.019988172 0.086472817 0.001861601 -0.027569424 0.995870948
1341846248.675831 0.076909140 -0.047459077 0.020021236 0.089023814 0.002220449 -0.026933776 0.995662808
1341846248.708095 0.076211214 -0.040283710 0.023674445 0.091226444 0.003220343 -0.027235560 0.995452464
1341846248.740085 0.071124069 -0.045614898 0.019976635 0.090064727 0.003729373 -0.027724020 0.995543003
1341846248.802167 0.080427170 -0.042401168 0.019451832 0.093153246 0.001917498 -0.027132947 0.995280206
1341846248.833950 0.075453989 -0.048775394 0.020513773 0.091983035 0.002259307 -0.027752021 0.995371222
1341846248.869901 0.073973611 -0.050402854 0.018946070 0.093468755 0.002277836 -0.027755622 0.995232701
1341846248.901932 0.077773102 -0.049146090 0.019465068 0.095015317 0.002032183 -0.026570581 0.995119095
1341846248.938035 0.072654784 -0.045818433 0.020466158 0.094788238 0.002595332 -0.026617212 0.995138168
1341846248.969908 0.073772714 -0.046749432 0.016215988 0.093809105 0.001796275 -0.027350189 0.995212913
1341846249.001964 0.075000636 -0.047163703 0.015786622 0.093591549 0.001722295 -0.027557818 0.995227754
1341846249.037998 0.071325898 -0.039945390 0.020213623 0.094603054 0.002331895 -0.026859771 0.995149910
1341846249.069961 0.075727902 -0.048433505 0.021803414 0.091903232 0.000720058 -0.026876917 0.995404959
1341846249.105888 0.081210747 -0.047506697 0.020861089 0.092139520 0.000705727 -0.025766425 0.995412469
1341846249.138041 0.078685410 -0.043306399 0.024034647 0.092821620 0.002012332 -0.025568036 0.995352387
1341846249.169904 0.078210674 -0.047009919 0.023371508 0.092101179 0.002054058 -0.024654778 0.995442271
1341846249.206013 0.078596972 -0.044323355 0.025706824 0.094266467 0.002637432 -0.023636911 0.995262861
1341846249.237872 0.081566028 -0.039910536 0.018210847 0.094522238 0.003601938 -0.024246695 0.995220900
1341846249.306095 0.080634139 -0.048638754 0.019763200 0.092927679 0.004497640 -0.023882765 0.995376289
1341846249.337853 0.083185300 -0.040146794 0.019981908 0.094915658 0.005382581 -0.024056183 0.995180070
1341846249.373854 0.081908628 -0.041601297 0.019613368 0.092859820 0.005697540 -0.024451651 0.995362639
1341846249.405928 0.085901923 -0.047009587 0.021658525 0.091677599 0.006557235 -0.025367806 0.995444000
1341846249.437945 0.090827629 -0.041199394 0.021043768 0.093481675 0.007257022 -0.025703691 0.995262682
1341846249.474182 0.083044104 -0.038441692 0.021334743 0.093054734 0.008409691 -0.025667764 0.995294571
1341846249.505956 0.081483021 -0.043150369 0.020930011 0.091091439 0.008669673 -0.025372654 0.995481491
1341846249.538288 0.084477082 -0.045058146 0.024603795 0.090935171 0.008518435 -0.026036536 0.995480001
1341846249.574263 0.087065928 -0.043958951 0.023590894 0.090166412 0.008048048 -0.025045313 0.995579243
1341846249.606015 0.088599600 -0.040476661 0.029624857 0.089527927 0.006694552 -0.022512641 0.995707333
1341846249.641995 0.081520133 -0.043596692 0.023936490 0.089432552 0.006476244 -0.021632448 0.995736897
1341846249.674108 0.082909919 -0.036667660 0.022773158 0.088875383 0.005323730 -0.020504603 0.995817482
1341846249.706034 0.077536575 -0.038263004 0.024329977 0.085810989 0.005156599 -0.020424411 0.996088743
1341846249.742012 0.081255347 -0.038447626 0.028680937 0.085989989 0.003062000 -0.018519750 0.996119201
1341846249.773906 0.070987590 -0.044905555 0.019616967 0.085185811 0.002449717 -0.015712742 0.996238232
1341846249.806093 0.081299230 -0.037852999 0.026184311 0.085153744 -0.002213561 -0.012323152 0.996289194
1341846249.842148 0.086672373 -0.043034472 0.022415398 0.083693251 -0.004600188 -0.011227934 0.996417701
1341846249.873923 0.084120974 -0.044912301 0.025225734 0.083451495 -0.006434105 -0.010035135 0.996440530
1341846249.909991 0.080170162 -0.029698595 0.025922908 0.085372284 -0.009266861 -0.007545719 0.996277452
1341846249.942024 0.087840065 -0.038429961 0.024858704 0.083600506 -0.013187646 -0.005361150 0.996397674
1341846249.974199 0.089372799 -0.027762664 0.028791510 0.085661724 -0.014524457 -0.006483348 0.996197343
1341846250.010384 0.082862072 -0.028350536 0.024164194 0.085110053 -0.015011401 -0.005976885 0.996240556
1341846250.042022 0.090436809 -0.034733512 0.021094713 0.084433109 -0.018237663 -0.004194540 0.996253431
1341846250.078047 0.095838852 -0.029747300 0.026292235 0.086903006 -0.018586481 -0.004090573 0.996034980
1341846250.109945 0.091441765 -0.013962397 0.023520418 0.088343255 -0.016116895 -0.005603357 0.995943964
1341846250.141849 0.097765021 -0.021705572 0.023058683 0.085290447 -0.015680019 -0.004994363 0.996220291
1341846250.177803 0.111457266 -0.021711091 0.021041151 0.085637808 -0.014853307 -0.004421898 0.996205807
1341846250.210137 0.106047548 -0.013023999 0.021551611 0.087175317 -0.010071408 -0.007020184 0.996117353
1341846250.241903 0.105198756 -0.015753284 0.023321711 0.085749589 -0.007688455 -0.009876619 0.996238112
1341846250.277878 0.106380939 -0.014558527 0.027387036 0.085344106 -0.006688634 -0.011467943 0.996263087
1341846250.309873 0.106598541 -0.018029170 0.027170423 0.084230199 -0.006448307 -0.011254160 0.996361971
1341846250.346142 0.101397701 -0.023812786 0.022556577 0.083566040 -0.005985537 -0.011897701 0.996413231
1341846250.377944 0.102469407 -0.019502038 0.022883182 0.084781647 -0.006087407 -0.011721269 0.996312022
1341846250.410038 0.100422300 -0.018191043 0.025317892 0.085792862 -0.005939084 -0.011957848 0.996223569
1341846250.445984 0.104584239 -0.015342970 0.025258139 0.087069415 -0.006617818 -0.012282002 0.996104538
1341846250.477872 0.097400837 -0.015816357 0.023322683 0.086149834 -0.005647558 -0.012756652 0.996184587
1341846250.509930 0.095047332 -0.021665070 0.023839638 0.085331954 -0.007771597 -0.011217617 0.996259153
1341846250.546119 0.105519310 -0.021542856 0.025435353 0.085723646 -0.010184077 -0.010570761 0.996210873
1341846250.577998 0.101728357 -0.016223630 0.023935225 0.085127033 -0.008793194 -0.011761373 0.996261954
1341846250.613828 0.098643787 -0.016599961 0.024584429 0.083957478 -0.008303746 -0.010478309 0.996379673
1341846250.646114 0.103250086 -0.021144751 0.023621183 0.083748862 -0.009156509 -0.007791467 0.996414423
1341846250.677812 0.104958080 -0.016919857 0.023396829 0.083610885 -0.009044976 -0.006104211 0.996438801
1341846250.713958 0.101602718 -0.017537663 0.022880541 0.082011610 -0.007437715 -0.005761395 0.996587038
1341846250.745904 0.100076772 -0.016333206 0.028835541 0.081570134 -0.007323744 -0.002744192 0.996636927
1341846250.777886 0.102024563 -0.008782793 0.031014580 0.082316101 -0.009703996 -0.000447964 0.996558964
1341846250.814024 0.105291553 -0.010611263 0.030762432 0.081145495 -0.010591317 -0.000961140 0.996645510
1341846250.846025 0.101996109 -0.015258615 0.028884787 0.078769952 -0.009719168 -0.002377275 0.996842682
1341846250.881824 0.103944011 -0.022128515 0.030589717 0.078742772 -0.010410201 -0.001387193 0.996839702
1341846250.913808 0.102189012 -0.016382713 0.031332102 0.081571020 -0.009931327 -0.002152954 0.996615767
1341846250.946118 0.104999185 -0.017371088 0.029492045 0.082063124 -0.009776569 -0.002292225 0.996576548
1341846250.981803 0.101542726 -0.015819127 0.030878004 0.083171628 -0.009273386 -0.003050011 0.996487498
1341846251.014047 0.101556376 -0.017588286 0.029837927 0.082835041 -0.010708502 -0.004033426 0.996497631
1341846251.046033 0.105372988 -0.022488730 0.028819578 0.083163172 -0.011941341 -0.004789514 0.996452928
1341846251.081959 0.104578704 -0.024455542 0.026393870 0.084569447 -0.010955608 -0.005831940 0.996340275
1341846251.114058 0.103890620 -0.016448103 0.029798375 0.087639488 -0.010093844 -0.006284427 0.996081293
1341846251.149920 0.106335238 -0.023167174 0.023527456 0.087563001 -0.010205754 -0.006371086 0.996086359
1341846251.181983 0.106218733 -0.022929452 0.024219517 0.088467367 -0.009029384 -0.007140834 0.996012628
1341846251.214205 0.101557545 -0.022457737 0.024062507 0.089540467 -0.008903423 -0.007907340 0.995912075
1341846251.249978 0.096672378 -0.024126546 0.021168966 0.089384317 -0.010444891 -0.007206966 0.995916367
1341846251.281923 0.097347468 -0.023179034 0.019470382 0.090193197 -0.011898370 -0.007160358 0.995827496
1341846251.318026 0.093078889 -0.015163681 0.022865938 0.090545036 -0.012539319 -0.008165432 0.995779932
1341846251.350003 0.093156964 -0.017374510 0.023653653 0.088218085 -0.015005838 -0.008140368 0.995954871
1341846251.382003 0.093836583 -0.022197710 0.023536434 0.088021532 -0.017175538 -0.008037319 0.995938063
1341846251.417971 0.091931656 -0.012380842 0.022453254 0.088961422 -0.017595235 -0.008978724 0.995839179
1341846251.449878 0.087010354 -0.014889375 0.022639086 0.085556395 -0.017710337 -0.011065750 0.996114492
1341846251.481872 0.085272461 -0.018936049 0.026522757 0.082892172 -0.019451536 -0.010103302 0.996317446
1341846251.517870 0.084726334 -0.008528518 0.025701124 0.083094075 -0.021072309 -0.009837152 0.996270359
1341846251.549884 0.091985315 -0.010448765 0.027060786 0.080956489 -0.022432368 -0.009559304 0.996419370
1341846251.586071 0.092410892 -0.015030349 0.030452318 0.079890020 -0.022316782 -0.008617278 0.996516585
1341846251.618241 0.090535752 -0.016286828 0.028938251 0.080540195 -0.022526056 -0.007080534 0.996471643
1341846251.649917 0.096996814 -0.018967547 0.026785024 0.080884166 -0.022485716 -0.006714102 0.996447265
1341846251.686034 0.096203655 -0.017171476 0.028363790 0.081551455 -0.020064518 -0.008736094 0.996428847
1341846251.718103 0.089302428 -0.016511749 0.030051604 0.081774496 -0.018056758 -0.009513963 0.996441901
1341846251.749907 0.091403030 -0.017866729 0.029381409 0.082054786 -0.019127641 -0.008189227 0.996410608
