1341845688.561749 0.0000000 0.0000000 0.0000000 -0.0000000 -0.0000000 -0.0000000 1.0000000
1341845688.663680 -0.0103682 0.0006954 -0.0116256 0.0041881 -0.0120916 0.0127651 0.9998367
1341845688.697719 -0.0134562 -0.0027328 -0.0155105 0.0069001 -0.0171127 0.0186797 0.9996552
1341845688.761762 -0.0079285 0.0066995 -0.0128730 0.0147297 -0.0276167 0.0218502 0.9992712
1341845688.965631 -0.0188515 0.0320259 -0.0243411 0.0186604 -0.0323168 0.0202872 0.9990975
1341845689.133718 -0.0182566 0.0619318 -0.0243451 0.0071430 -0.0264219 0.0149563 0.9995135
1341845689.365881 -0.0267161 0.0668774 -0.0284689 -0.0042497 -0.0219524 0.0250844 0.9994352
1341845689.601682 -0.0343208 0.0567643 -0.0381430 0.0098385 -0.0304360 0.0098117 0.9994401
1341845690.206103 -0.0367090 0.0728162 -0.0421573 0.0193064 -0.0539081 -0.0025302 0.9983560
1341845691.981657 -0.0224323 0.0706801 -0.0395371 0.0261889 -0.0444253 -0.0114942 0.9986032
1341845692.549744 0.0019646 0.0634626 -0.0523341 0.0359086 -0.0542220 -0.0140705 0.9977838
1341845693.689929 0.0109150 0.0722217 -0.0612737 0.0516607 -0.0421754 -0.0193677 0.9975857
1341845694.693720 0.0312458 0.0759014 -0.0599386 0.0577728 -0.0478536 -0.0083431 0.9971473
1341845695.203618 0.0167942 0.0629978 -0.0509723 0.0544445 -0.0269744 0.0043399 0.9981430
1341845695.503710 0.0167520 0.0686801 -0.0578436 0.0675399 -0.0640002 -0.0074709 0.9956337
1341845697.173791 0.0403602 0.0780598 -0.0436818 0.0339884 -0.0689775 0.0084023 0.9970037
1341845702.506265 0.0630593 0.0931042 -0.0232814 0.0315689 -0.0731624 -0.0032205 0.9968151
1341845704.549869 0.0668934 0.0883530 -0.0195618 0.0280181 -0.0618307 -0.0054891 0.9976782
1341845708.169675 0.1065753 0.0811116 0.0125191 0.0526291 -0.0641915 0.0030269 0.9965443
