1341845688.561749 0.000000000 0.000000000 0.000000000 -0.000000000 -0.000000000 -0.000000000 1.000000000
1341845688.593654 -0.004163888 -0.001757639 -0.001694571 0.000701162 -0.002653911 0.003426200 0.999990404
1341845688.629688 -0.011024641 0.001557500 -0.010363774 0.002497185 -0.006692105 0.007512117 0.999946296
1341845688.663680 -0.010368212 0.000695425 -0.011625601 0.004188067 -0.012091595 0.012765144 0.999836683
1341845688.697719 -0.013456216 -0.002732782 -0.015510544 0.006900149 -0.017112745 0.018679669 0.999655247
1341845688.729899 -0.014757682 0.004658537 -0.016013985 0.012403534 -0.023550715 0.020763194 0.999430120
1341845688.761762 -0.007928529 0.006699480 -0.012872979 0.014729739 -0.027616674 0.021850239 0.999271214
1341845688.797687 -0.005773719 0.016498188 -0.014296709 0.017603090 -0.026880840 0.020152468 0.999280453
1341845688.829892 -0.006797058 0.019165007 -0.015487919 0.017585337 -0.024719512 0.018818356 0.999362588
1341845688.865774 -0.013060345 0.019050494 -0.018408211 0.016934143 -0.023578700 0.019685123 0.999384761
1341845688.929779 -0.019136989 0.024011796 -0.026128473 0.017495949 -0.029523449 0.022417147 0.999159575
1341845688.965631 -0.018851453 0.032025922 -0.024341092 0.018660400 -0.032316793 0.020287151 0.999097526
1341845688.997750 -0.014174561 0.045173813 -0.022951582 0.019212719 -0.032693028 0.016466552 0.999145150
1341845689.029751 -0.016210906 0.053341292 -0.025752679 0.016425872 -0.029796917 0.010874623 0.999361873
1341845689.065755 -0.021533895 0.059729531 -0.028616270 0.013663715 -0.027271822 0.009597298 0.999488592
1341845689.097725 -0.019422270 0.060594391 -0.025574798 0.009787603 -0.027097402 0.013076727 0.999499381
1341845689.133718 -0.018256608 0.061931826 -0.024345057 0.007143022 -0.026421946 0.014956286 0.999513507
1341845689.165884 -0.022459907 0.066068210 -0.027204057 0.005002232 -0.024920885 0.018415954 0.999507308
1341845689.198264 -0.020151174 0.068519570 -0.023983069 0.001708864 -0.025251584 0.020888189 0.999461472
1341845689.234322 -0.021593615 0.070153132 -0.025991386 -0.000170534 -0.023962054 0.022845138 0.999451876
1341845689.265745 -0.027526809 0.072119303 -0.024890013 -0.001009249 -0.022681989 0.024339279 0.999445975
1341845689.297769 -0.024247643 0.074964143 -0.025613038 -0.001941504 -0.023742964 0.025041357 0.999402523
1341845689.333650 -0.027365521 0.075817145 -0.029064951 -0.002794074 -0.022042261 0.024683889 0.999448419
1341845689.365881 -0.026716057 0.066877358 -0.028468870 -0.004249717 -0.021952404 0.025084360 0.999435246
1341845689.401592 -0.027992895 0.068187043 -0.028776936 -0.002957979 -0.022616893 0.024778841 0.999432743
1341845689.433744 -0.023400633 0.067675814 -0.031446565 -0.002413818 -0.024482900 0.024266545 0.999402821
1341845689.465651 -0.022822423 0.059712496 -0.032301731 -0.000554266 -0.025960594 0.024624743 0.999359488
1341845689.501840 -0.023759317 0.058431815 -0.037147421 0.002793357 -0.029062757 0.021571232 0.999340892
1341845689.533687 -0.018216249 0.059527695 -0.036274619 0.004890642 -0.031743996 0.017103957 0.999337733
1341845689.565814 -0.022502756 0.058826141 -0.036512289 0.007191546 -0.030825881 0.013539568 0.999407232
1341845689.601682 -0.034320842 0.056764320 -0.038142953 0.009838538 -0.030436046 0.009811693 0.999440134
1341845689.633591 -0.031005781 0.061162669 -0.039580390 0.012447494 -0.033959765 0.005601434 0.999329984
1341845689.669672 -0.029309146 0.058582161 -0.043156609 0.012887385 -0.035820041 0.004107412 0.999266744
1341845689.701700 -0.032934260 0.061471079 -0.045716166 0.014551600 -0.037759345 0.003606166 0.999174476
1341845689.733773 -0.033028841 0.059443958 -0.046641394 0.014277558 -0.040371232 0.001786372 0.999081135
1341845689.769822 -0.032484148 0.062051319 -0.045938764 0.015005176 -0.042061243 0.000917444 0.999001920
1341845689.802003 -0.037026931 0.058435678 -0.046902556 0.014730778 -0.043140016 -0.000073126 0.998960435
1341845689.833757 -0.037790313 0.059025910 -0.045374483 0.015720582 -0.046042088 -0.000966433 0.998815298
1341845689.869861 -0.037669919 0.059318703 -0.046103328 0.016443303 -0.048226450 -0.002273512 0.998698533
1341845689.901825 -0.038139116 0.063115850 -0.044970155 0.017383628 -0.049697183 -0.001937344 0.998611152
1341845689.937674 -0.041737113 0.066056035 -0.045602374 0.018960787 -0.051525209 -0.001611300 0.998490393
1341845689.969679 -0.039467305 0.068638526 -0.045010462 0.019332277 -0.053011462 -0.001618709 0.998405457
1341845690.003830 -0.040802233 0.070115969 -0.045960113 0.019369574 -0.052873299 -0.002002879 0.998411357
1341845690.037686 -0.038928542 0.068582132 -0.044325992 0.019316437 -0.053535804 -0.003153104 0.998374104
1341845690.069636 -0.037393905 0.069198407 -0.045558278 0.019820357 -0.053384192 -0.002784532 0.998373449
1341845690.106587 -0.043903869 0.069111392 -0.048704065 0.019698437 -0.052704334 -0.002789696 0.998412013
1341845690.138859 -0.037044097 0.070933856 -0.045587532 0.019768212 -0.054330781 -0.003833736 0.998319924
1341845690.169919 -0.037821990 0.069896497 -0.048079539 0.019658625 -0.053465221 -0.003238638 0.998370945
1341845690.206103 -0.036708966 0.072816223 -0.042157341 0.019306391 -0.053908054 -0.002530189 0.998356044
1341845690.237700 -0.036077727 0.072107159 -0.041946620 0.018729325 -0.054612409 -0.002872054 0.998327851
1341845690.269981 -0.034314647 0.068054974 -0.042025253 0.018649343 -0.056338295 -0.003367109 0.998231888
1341845690.306143 -0.031564925 0.070697352 -0.042581860 0.019369589 -0.057883009 -0.004112847 0.998127043
1341845690.338646 -0.034886863 0.073949285 -0.043568503 0.019224444 -0.057413816 -0.003423990 0.998159528
1341845690.373833 -0.033677477 0.071474552 -0.042316571 0.017677533 -0.058172401 -0.003486650 0.998143911
1341845690.405976 -0.030857209 0.069606379 -0.041180607 0.017484726 -0.058660828 -0.004738843 0.998113632
1341845690.437908 -0.030973153 0.069339968 -0.041409340 0.017477306 -0.058260359 -0.004482871 0.998138368
1341845690.473654 -0.035164047 0.068092823 -0.043883443 0.017257394 -0.058199603 -0.003140421 0.998150885
1341845690.505978 -0.032205813 0.069063775 -0.041154224 0.018149208 -0.060368162 -0.003692112 0.998004377
1341845690.537884 -0.030369338 0.071621895 -0.040542029 0.018705230 -0.060605742 -0.005342667 0.997972190
1341845690.573708 -0.030436646 0.072553694 -0.040768906 0.018183365 -0.059248704 -0.004612312 0.998066962
1341845690.605848 -0.032409396 0.069614261 -0.040675472 0.017591188 -0.058519386 -0.003337556 0.998125732
1341845690.641747 -0.031888861 0.070237488 -0.039451931 0.018618243 -0.059127662 -0.003731612 0.998069882
1341845690.673751 -0.027321680 0.072111838 -0.037842315 0.018951671 -0.058976650 -0.003950834 0.998071730
1341845690.706003 -0.028796529 0.067985840 -0.037416354 0.018501103 -0.057518546 -0.004071446 0.998164713
1341845690.741684 -0.028975016 0.069160104 -0.038084120 0.019450042 -0.056989145 -0.005165440 0.998171985
1341845690.773770 -0.026644791 0.069412790 -0.037089445 0.019775463 -0.056600217 -0.004516633 0.998190880
1341845690.805715 -0.026090320 0.068627097 -0.036868881 0.020122819 -0.055716548 -0.003857816 0.998236418
1341845690.841674 -0.024215374 0.071423814 -0.036462080 0.020755699 -0.055417057 -0.003572619 0.998241127
1341845690.873770 -0.026033610 0.073454678 -0.037257064 0.020780854 -0.054247618 -0.003899020 0.998303652
1341845690.909837 -0.025952330 0.068609796 -0.037200078 0.019479157 -0.053557027 -0.002900063 0.998370588
1341845690.941576 -0.025648065 0.070340738 -0.036921572 0.019636074 -0.053425014 -0.002651919 0.998375356
1341845690.973879 -0.025246965 0.070308112 -0.037216362 0.019675091 -0.052967314 -0.002662639 0.998398840
1341845691.011558 -0.024244711 0.073078789 -0.036627118 0.019906444 -0.052313771 -0.001266090 0.998431504
1341845691.077986 -0.023044324 0.071720369 -0.035424612 0.020246524 -0.052577410 -0.002935208 0.998407304
1341845691.109685 -0.019109752 0.071775481 -0.035259433 0.020820394 -0.052513745 -0.003085663 0.998398423
1341845691.141759 -0.022730581 0.069494970 -0.035002887 0.020880288 -0.050761476 -0.002896514 0.998488367
1341845691.177729 -0.022389309 0.071163945 -0.036738198 0.021974748 -0.051234916 -0.003991428 0.998436868
1341845691.209644 -0.020916950 0.074339107 -0.036387444 0.022444382 -0.051554792 -0.005621420 0.998402178
1341845691.241757 -0.019430745 0.072691269 -0.035945747 0.022033559 -0.050384965 -0.005759883 0.998470187
1341845691.277595 -0.024532776 0.069382101 -0.038529832 0.022486081 -0.049845137 -0.004549482 0.998493433
1341845691.310138 -0.022409959 0.073357165 -0.039292127 0.023477906 -0.052041031 -0.006124673 0.998350203
1341845691.345620 -0.014372459 0.073397636 -0.036076706 0.023411028 -0.052686084 -0.006924730 0.998312712
1341845691.378062 -0.016778940 0.071420439 -0.038267452 0.023581512 -0.050136212 -0.007860253 0.998433053
1341845691.451922 -0.016994463 0.077524684 -0.039385818 0.024927711 -0.049678892 -0.009395911 0.998409927
1341845691.509739 -0.018423891 0.069443054 -0.040465672 0.022885462 -0.047917794 -0.009064079 0.998547971
1341845691.545833 -0.015645938 0.075945877 -0.039229706 0.024196884 -0.048794944 -0.011100926 0.998454034
1341845691.578399 -0.011405042 0.075809687 -0.037934698 0.023089843 -0.048152003 -0.013239956 0.998485386
1341845691.613857 -0.003237287 0.072423451 -0.033986874 0.022751428 -0.046531063 -0.016940145 0.998514056
1341845691.645632 -0.011476114 0.070407428 -0.036835514 0.023705693 -0.042050421 -0.019873112 0.998636544
1341845691.677793 -0.013335456 0.073499016 -0.038973164 0.025196543 -0.041883424 -0.017549511 0.998650610
1341845691.713727 -0.015238727 0.071495414 -0.039421849 0.025125831 -0.043134946 -0.015082962 0.998639405
1341845691.746050 -0.005825637 0.076399952 -0.034481466 0.026468055 -0.044743445 -0.016556498 0.998510599
1341845691.778411 -0.004135026 0.080701202 -0.036846351 0.025818165 -0.042440079 -0.018263785 0.998598456
1341845691.813646 -0.009839200 0.074755490 -0.037445754 0.023638297 -0.040391095 -0.016263349 0.998771906
1341845691.845603 -0.012497851 0.072970338 -0.039098933 0.023519427 -0.041073181 -0.015436501 0.998760045
1341845691.881595 -0.007307074 0.076546773 -0.036492880 0.024413088 -0.042885326 -0.017016809 0.998636723
1341845691.913600 -0.006399038 0.077679791 -0.036483206 0.024645299 -0.041925412 -0.016413419 0.998681903
1341845691.945997 -0.014688598 0.072374597 -0.037772916 0.024412448 -0.041309915 -0.013891075 0.998751521
1341845691.981657 -0.022432340 0.070680089 -0.039537065 0.026188934 -0.044425260 -0.011494162 0.998603225
1341845692.013904 -0.012847384 0.075473778 -0.037387468 0.028761405 -0.049788814 -0.009644488 0.998299062
1341845692.049676 -0.011171190 0.076866165 -0.039194569 0.029431613 -0.050625965 -0.008743958 0.998245656
1341845692.081862 -0.011739495 0.073757671 -0.038267158 0.029420724 -0.051393934 -0.007792765 0.998214602
1341845692.113695 -0.006344816 0.076620840 -0.039334301 0.030469723 -0.053394668 -0.008770175 0.998070002
1341845692.149736 -0.003211407 0.075606272 -0.038647566 0.029958328 -0.053042419 -0.009617566 0.998096466
1341845692.182123 -0.003155759 0.072396092 -0.039690699 0.030593686 -0.052118514 -0.008986184 0.998131692
1341845692.213661 -0.004668256 0.072211668 -0.043161336 0.031269569 -0.052144330 -0.007914593 0.998118579
1341845692.249828 0.001238358 0.072628595 -0.040854674 0.031046666 -0.052992675 -0.008366401 0.998077154
1341845692.282146 0.000135079 0.070825964 -0.042611293 0.030195013 -0.051960289 -0.009080260 0.998151302
1341845692.317711 -0.002707127 0.068401456 -0.044834305 0.029643614 -0.052176118 -0.009194735 0.998155534
1341845692.349688 0.002217769 0.067580700 -0.043609314 0.030016460 -0.054221295 -0.009358659 0.998033822
1341845692.381560 0.006447101 0.066295557 -0.043167219 0.031203523 -0.055016812 -0.010287554 0.997944713
1341845692.417776 0.004975580 0.065320529 -0.046075162 0.031853523 -0.054231156 -0.011867377 0.997949719
1341845692.449672 0.004923810 0.065915443 -0.047589473 0.032812785 -0.054213487 -0.012779207 0.997908294
1341845692.481594 0.001591232 0.063303016 -0.050787631 0.033204306 -0.054024927 -0.013544246 0.997895479
1341845692.517778 0.008350839 0.060083762 -0.046326723 0.033869389 -0.055738118 -0.013450183 0.997780144
1341845692.549744 0.001964617 0.063462622 -0.052334137 0.035908625 -0.054221999 -0.014070548 0.997783840
1341845692.585822 0.005955532 0.063740283 -0.052181624 0.036174703 -0.054910988 -0.014916413 0.997724235
1341845692.617836 0.004616166 0.060119409 -0.053272024 0.035991792 -0.053648852 -0.014309612 0.997808456
1341845692.649770 0.000756528 0.058334015 -0.056242503 0.036322515 -0.052965097 -0.013719359 0.997841299
1341845692.685749 0.000845480 0.059276499 -0.057763278 0.036741458 -0.053989109 -0.013815812 0.997769773
1341845692.717676 0.003577952 0.062095325 -0.056878969 0.037448969 -0.054025311 -0.014087940 0.997737646
1341845692.749897 -0.000695591 0.058868073 -0.058451291 0.037078172 -0.051882841 -0.013590919 0.997872114
1341845692.785833 -0.005614997 0.054826993 -0.060672656 0.037369270 -0.051960889 -0.014728486 0.997841060
1341845692.817657 0.001162051 0.058008682 -0.059358895 0.038956933 -0.053852551 -0.017708737 0.997631550
1341845692.853833 0.002751027 0.056323819 -0.060269728 0.039655596 -0.052614454 -0.018872069 0.997648776
1341845692.885614 -0.002259475 0.054964270 -0.061724007 0.041064974 -0.051786635 -0.019275850 0.997627378
1341845692.917728 0.001013440 0.056661390 -0.061878975 0.042137232 -0.053020224 -0.020189373 0.997499764
1341845692.953573 0.004962053 0.053855307 -0.063149251 0.042588666 -0.052963525 -0.020588711 0.997475445
1341845692.985667 0.001259189 0.053253233 -0.065359779 0.043608095 -0.051835731 -0.020871086 0.997484803
1341845693.017585 0.001758872 0.056422859 -0.066683955 0.044065427 -0.051934045 -0.021294447 0.997450590
1341845693.053684 0.001763207 0.052653093 -0.065636568 0.043503109 -0.051296130 -0.021478618 0.997504354
1341845693.086059 -0.001549562 0.054268774 -0.066059925 0.044643544 -0.050794367 -0.020240404 0.997505546
1341845693.121690 -0.003735350 0.056300033 -0.068335667 0.045104451 -0.051619083 -0.018622968 0.997473955
1341845693.153852 0.001884583 0.060232077 -0.066543736 0.044870187 -0.053414945 -0.019160563 0.997379780
1341845693.185655 0.005853399 0.057961110 -0.064877138 0.043678902 -0.052290428 -0.019809669 0.997479558
1341845693.221687 -0.004218841 0.056257892 -0.067193545 0.043531485 -0.050301261 -0.017300950 0.997634947
1341845693.254518 -0.008050110 0.055291023 -0.068587154 0.043920256 -0.052713919 -0.015972590 0.997515500
1341845693.289735 0.006385990 0.064469866 -0.063007593 0.045564126 -0.055239845 -0.016666017 0.997293711
1341845693.321741 0.007517574 0.064397603 -0.062289141 0.044865131 -0.050461661 -0.016600041 0.997579694
1341845693.353715 0.004905438 0.062120594 -0.062425446 0.044814464 -0.047079984 -0.015011785 0.997772455
1341845693.421993 0.004441964 0.063004151 -0.064203002 0.045437198 -0.043944322 -0.015825002 0.997874737
1341845693.453700 0.010227256 0.063523717 -0.061523460 0.045676548 -0.043297552 -0.017600747 0.997862339
1341845693.489783 0.007093990 0.060900006 -0.060816627 0.046445623 -0.041231751 -0.018145228 0.997904599
1341845693.522084 0.000149686 0.057891954 -0.063744627 0.047865298 -0.041003715 -0.017249269 0.997862756
1341845693.557666 0.003930527 0.060486697 -0.061630316 0.050065089 -0.043020699 -0.018358132 0.997650087
1341845693.589792 0.009117343 0.062362809 -0.061943788 0.051175013 -0.044166166 -0.019588528 0.997520387
1341845693.622158 0.006611870 0.066557057 -0.063354641 0.051926535 -0.042469069 -0.020499501 0.997536898
1341845693.689929 0.010914988 0.072221726 -0.061273705 0.051660728 -0.042175442 -0.019367749 0.997585714
1341845693.721602 0.011990250 0.072676577 -0.061939355 0.049517591 -0.040873252 -0.020513257 0.997725725
1341845693.757636 0.003560971 0.070058316 -0.064947136 0.047237381 -0.038603842 -0.020660503 0.997923613
1341845693.789776 0.002168431 0.069071002 -0.063763410 0.046261396 -0.039339952 -0.019987285 0.997954309
1341845693.825637 0.004679327 0.073410846 -0.062288050 0.045340538 -0.040101346 -0.019939449 0.997967243
1341845693.857724 0.004016587 0.067956328 -0.060020123 0.043816779 -0.039947938 -0.019017465 0.998059452
1341845693.889741 0.003874087 0.070683114 -0.061138969 0.044689566 -0.039690450 -0.017620139 0.998056650
1341845693.925573 0.004636278 0.069309600 -0.060361292 0.043984246 -0.039535847 -0.016854038 0.998107374
1341845693.957722 0.006230311 0.066729821 -0.061114691 0.044099241 -0.039329965 -0.015758881 0.998128355
1341845693.990410 0.008787649 0.067200467 -0.062027678 0.045030344 -0.038652077 -0.016148118 0.998107016
1341845694.025740 0.010687381 0.068059154 -0.062031213 0.045640245 -0.037571408 -0.016905960 0.998108029
1341845694.057728 0.006051967 0.063537739 -0.062119082 0.045450859 -0.035909496 -0.017247695 0.998171985
1341845694.093631 0.004541147 0.060186923 -0.063153125 0.046530195 -0.035797279 -0.017005358 0.998130441
1341845694.125598 0.007332528 0.063065372 -0.063320287 0.048373014 -0.036472488 -0.016910732 0.998019934
1341845694.157890 0.009590032 0.061363649 -0.064341001 0.048632480 -0.036081694 -0.017549299 0.998010576
1341845694.193528 0.007444382 0.059596997 -0.064449176 0.049320407 -0.035343945 -0.017509578 0.998003900
1341845694.226254 0.008781056 0.061521836 -0.065232120 0.050971203 -0.035717789 -0.017771222 0.997902989
1341845694.261793 0.008233058 0.063043490 -0.063956872 0.051603116 -0.035193432 -0.016551035 0.997910202
1341845694.293655 0.005083518 0.062328085 -0.064408816 0.051978558 -0.034787238 -0.015202575 0.997926354
1341845694.325844 0.002797351 0.059884079 -0.063474752 0.052933916 -0.036044147 -0.012525220 0.997868717
1341845694.361761 0.000127978 0.061321303 -0.065710880 0.054609902 -0.037890293 -0.011017103 0.997727752
1341845694.393754 0.003780648 0.063066192 -0.064159922 0.055793025 -0.040377088 -0.010837306 0.997566760
1341845694.425809 0.004010375 0.064495303 -0.065262444 0.055892766 -0.041935436 -0.011022631 0.997494876
1341845694.461731 0.005392191 0.068646729 -0.064789191 0.056376457 -0.043321714 -0.011653737 0.997401237
1341845694.493931 0.010407053 0.068737254 -0.064506613 0.054902371 -0.043936182 -0.012895437 0.997441292
1341845694.529694 0.007307485 0.066816077 -0.064570017 0.053309787 -0.043031413 -0.013783229 0.997555256
1341845694.561652 0.006489709 0.063688725 -0.063187070 0.052774277 -0.044182312 -0.013440339 0.997538090
1341845694.595586 0.006867882 0.063853763 -0.063763216 0.053721275 -0.045624755 -0.012798661 0.997431040
1341845694.629850 0.009335704 0.062596306 -0.064325698 0.054809228 -0.047987614 -0.011499181 0.997276783
1341845694.661659 0.014452809 0.068691820 -0.064145930 0.057389122 -0.049201965 -0.010217651 0.997086406
1341845694.693720 0.031245789 0.075901359 -0.059938572 0.057772808 -0.047853552 -0.008343120 0.997147322
1341845694.735664 0.030258976 0.075762190 -0.057746261 0.055780213 -0.040568575 -0.007304256 0.997591853
1341845694.767988 0.027452143 0.074009515 -0.063955218 0.053501200 -0.034498978 -0.005890824 0.997954369
1341845694.803611 0.023686448 0.073665775 -0.061427865 0.051558323 -0.028350893 -0.004898571 0.998255551
1341845694.835585 0.018548781 0.071693264 -0.059232451 0.050438412 -0.023650799 -0.004279039 0.998438001
1341845694.867728 0.020752693 0.073328018 -0.060054012 0.049885802 -0.021277258 -0.003155212 0.998523355
1341845694.903566 0.023519645 0.078799270 -0.051461648 0.049368449 -0.019357814 -0.003149512 0.998588085
1341845694.935679 0.022587890 0.075600661 -0.047797952 0.048740283 -0.017482173 -0.002075282 0.998656332
1341845694.967669 0.023574485 0.075272657 -0.048830781 0.049211450 -0.016312532 -0.001028596 0.998654664
1341845695.003730 0.028684523 0.077561922 -0.047169775 0.049584460 -0.015038681 0.000331289 0.998656690
1341845695.035689 0.032021929 0.078002185 -0.042812131 0.049624071 -0.012222090 0.000124246 0.998693168
1341845695.072465 0.023342494 0.071748570 -0.047952186 0.048637621 -0.009085229 0.001427950 0.998774171
1341845695.103895 0.022475643 0.073760860 -0.043552954 0.049365692 -0.010777950 0.001838656 0.998720944
1341845695.135680 0.020148741 0.067850091 -0.044836655 0.049472407 -0.013887532 0.001886255 0.998677194
1341845695.172193 0.016180055 0.062024467 -0.053923924 0.051440127 -0.019122655 0.002629512 0.998489618
1341845695.203618 0.016794246 0.062997773 -0.050972302 0.054444518 -0.026974402 0.004339931 0.998142958
1341845695.235612 0.018539373 0.062699519 -0.048228521 0.058069158 -0.034710277 0.004908435 0.997696936
1341845695.271738 0.021501416 0.068917908 -0.046530195 0.061978526 -0.040609308 0.003465610 0.997245014
1341845695.303569 0.022115907 0.073088415 -0.042890705 0.064285234 -0.044997536 0.002115743 0.996914327
1341845695.335657 0.019464897 0.072885707 -0.044823639 0.064809740 -0.047608968 -0.000393142 0.996761262
1341845695.371706 0.018946648 0.070177615 -0.051113389 0.064628005 -0.050496247 -0.004096289 0.996622622
1341845695.403745 0.019403744 0.068022668 -0.050775763 0.064710371 -0.053508174 -0.006153018 0.996449530
1341845695.435657 0.016806714 0.065835394 -0.051155139 0.065834455 -0.056679811 -0.006626729 0.996197462
1341845695.471720 0.014433751 0.065542012 -0.057367884 0.067207947 -0.060411815 -0.006405044 0.995887816
1341845695.503710 0.016751993 0.068680070 -0.057843603 0.067539878 -0.064000219 -0.007470899 0.995633721
1341845695.539693 0.020937068 0.068101756 -0.053169556 0.067309044 -0.067181699 -0.008687071 0.995429933
1341845695.603908 0.021717384 0.063385062 -0.053648412 0.067079738 -0.069403097 -0.011265212 0.995267153
1341845695.665980 0.021752257 0.062448129 -0.056592744 0.066290319 -0.072232835 -0.012434834 0.995104730
1341845695.701693 0.023266522 0.064209878 -0.056046836 0.066515774 -0.073632501 -0.011829917 0.994994462
1341845695.733686 0.023270417 0.066245921 -0.056275290 0.066449165 -0.074287042 -0.011304075 0.994956434
1341845695.769679 0.024286581 0.064747296 -0.057792496 0.065760709 -0.074516095 -0.011196584 0.994986236
1341845695.801697 0.023508461 0.065250807 -0.059280496 0.064462319 -0.074101485 -0.010884147 0.995105624
1341845695.833635 0.023686284 0.061436243 -0.059372626 0.063000023 -0.074057765 -0.009749716 0.995214224
1341845695.869766 0.023855595 0.061738499 -0.060038280 0.062690370 -0.073659755 -0.008872411 0.995271564
1341845695.901827 0.020872040 0.063707896 -0.063706070 0.061890364 -0.072887465 -0.008251554 0.995383859
1341845695.933900 0.023573134 0.064650290 -0.059527498 0.060700499 -0.073547378 -0.007510109 0.995414436
1341845695.969774 0.028409539 0.066206843 -0.056001849 0.060244460 -0.073632069 -0.006898326 0.995440304
1341845696.001940 0.028859114 0.066159397 -0.053732466 0.059538405 -0.072700076 -0.006155492 0.995556116
1341845696.037778 0.027103342 0.067218013 -0.053488564 0.058758397 -0.071821637 -0.004474055 0.995675206
1341845696.069962 0.024191312 0.065549619 -0.053916629 0.057482101 -0.071532845 -0.002427870 0.995777607
1341845696.102048 0.024651093 0.064181000 -0.053640857 0.057223532 -0.072377734 -0.000653849 0.995734155
1341845696.137759 0.024684753 0.067328185 -0.055559754 0.057145815 -0.072868526 -0.000480303 0.995702982
1341845696.169934 0.026098743 0.068214968 -0.053782530 0.056527689 -0.073472589 -0.000378107 0.995693922
1341845696.201602 0.024345610 0.071205921 -0.056133289 0.056123212 -0.073132411 -0.001597565 0.995740592
1341845696.237582 0.022923110 0.070455603 -0.056501098 0.054284263 -0.072827324 -0.002928587 0.995861888
1341845696.269654 0.023040326 0.065951571 -0.058552045 0.052306797 -0.073555946 -0.003106882 0.995913625
1341845696.305713 0.024818974 0.066758990 -0.056253605 0.052197378 -0.074751504 -0.002663698 0.995831609
1341845696.337790 0.024360197 0.066151686 -0.055011187 0.051731445 -0.075299375 -0.001601126 0.995816946
1341845696.369780 0.022554120 0.072055250 -0.054528210 0.052312892 -0.075573951 -0.001181898 0.995766282
1341845696.406019 0.024742097 0.074499868 -0.051781561 0.051303927 -0.076428488 -0.000943010 0.995753884
1341845696.437910 0.026559442 0.071562119 -0.053585619 0.048997782 -0.076766647 -0.000802151 0.995844126
1341845696.473667 0.026354672 0.073904775 -0.052709393 0.048236076 -0.075919122 -0.001288386 0.995945811
1341845696.505801 0.024998246 0.071618758 -0.052599434 0.046056997 -0.075043507 -0.001013585 0.996115565
1341845696.537879 0.022265663 0.069631502 -0.056682561 0.045037288 -0.074593917 0.000439934 0.996196389
1341845696.573790 0.023056749 0.070879728 -0.056153383 0.045072410 -0.075500891 0.001393330 0.996125579
1341845696.611644 0.024147974 0.070190035 -0.058068343 0.044703569 -0.076440394 0.001394976 0.996070564
1341845696.648592 0.024549607 0.070253730 -0.059388496 0.044065129 -0.076900475 0.001842492 0.996062875
1341845696.705640 0.028584056 0.072033487 -0.055811364 0.042015467 -0.076570794 0.001731755 0.996177018
1341845696.741801 0.031405412 0.072772816 -0.052792653 0.041738179 -0.076180786 0.002359564 0.996217310
1341845696.773765 0.026241841 0.073239923 -0.055213407 0.041414682 -0.073960930 0.002895626 0.996396661
1341845696.805698 0.028627921 0.076815307 -0.053960085 0.040593043 -0.074161522 0.003502147 0.996413589
1341845696.841908 0.032536812 0.074562512 -0.050691839 0.039760627 -0.074461140 0.004930529 0.996418774
1341845696.873637 0.028520226 0.078374408 -0.050469231 0.039708260 -0.072725348 0.004356799 0.996551752
1341845696.905693 0.029668391 0.076333128 -0.051445141 0.037945237 -0.071899906 0.005054532 0.996677041
1341845696.941841 0.030670388 0.078226551 -0.050334264 0.036860384 -0.071444668 0.006173871 0.996744156
1341845696.973560 0.030571599 0.074913643 -0.050669618 0.035593066 -0.071073122 0.008675396 0.996798158
1341845697.009723 0.032140110 0.079313107 -0.049348518 0.035437308 -0.071209140 0.008855499 0.996792376
1341845697.041678 0.032837026 0.075234808 -0.050578363 0.033541899 -0.069787696 0.008639304 0.996960402
1341845697.073636 0.030922329 0.072360866 -0.049475383 0.033231098 -0.068312392 0.007621930 0.997081339
1341845697.109770 0.030883793 0.074611701 -0.052905634 0.033832449 -0.067635238 0.007106103 0.997111022
1341845697.141787 0.034321744 0.077047706 -0.049142230 0.033549331 -0.068020836 0.007399442 0.997092247
1341845697.173791 0.040360235 0.078059785 -0.043681774 0.033988357 -0.068977535 0.008402334 0.997003675
1341845697.209803 0.040627476 0.080367602 -0.044447280 0.034669060 -0.068790704 0.008703170 0.996990621
1341845697.241685 0.041988540 0.081059448 -0.042749822 0.034329198 -0.068517081 0.009082534 0.997017860
1341845697.277780 0.036413632 0.079816818 -0.048275575 0.033776954 -0.067074448 0.009529315 0.997130573
1341845697.309575 0.035285354 0.080832854 -0.046931062 0.033835120 -0.067269467 0.009516987 0.997115612
1341845697.342252 0.035195664 0.081131116 -0.045418177 0.033659447 -0.067518666 0.009461369 0.997105241
1341845697.377604 0.032621007 0.080657423 -0.045366842 0.033910468 -0.067164637 0.009164945 0.997123361
1341845697.409528 0.032067690 0.082393035 -0.045427930 0.033934381 -0.066716634 0.008078401 0.997162104
1341845697.441666 0.030366980 0.079777360 -0.043087099 0.033634961 -0.066344269 0.008210432 0.997195959
1341845697.477718 0.029551672 0.080196045 -0.044002272 0.034601003 -0.066348933 0.007878628 0.997165263
1341845697.509822 0.029824032 0.082615010 -0.043351568 0.035086639 -0.066413030 0.007380609 0.997147918
1341845697.545892 0.028582664 0.081178114 -0.045623932 0.034870852 -0.066493094 0.007661911 0.997147977
1341845697.577742 0.033133276 0.081694059 -0.043823592 0.035518255 -0.068200976 0.008606789 0.997002006
1341845697.609653 0.032003503 0.081783123 -0.048734337 0.035491444 -0.068402454 0.008761308 0.996987879
1341845697.645769 0.033416547 0.083581895 -0.046713583 0.035327993 -0.069148004 0.009253541 0.996937811
1341845697.677795 0.034242589 0.083969541 -0.044920415 0.035228170 -0.069184780 0.009272551 0.996938586
1341845697.713520 0.033065598 0.083798818 -0.044990227 0.034591619 -0.068725899 0.009277513 0.996992528
1341845697.745975 0.033067342 0.083474420 -0.044442039 0.034094848 -0.069055192 0.010070492 0.996979237
1341845697.777683 0.033030454 0.085337780 -0.044931166 0.034156434 -0.069424428 0.010241074 0.996949732
1341845697.813673 0.034422256 0.086881071 -0.044160236 0.033646062 -0.069536023 0.010018305 0.996961594
1341845697.845793 0.031395048 0.087582253 -0.045513943 0.032360468 -0.068588175 0.009603818 0.997073829
1341845697.877887 0.030268243 0.085842654 -0.045211304 0.031161003 -0.068547614 0.009894544 0.997112036
1341845697.913637 0.031278852 0.086154759 -0.043385953 0.030989872 -0.068826810 0.009608936 0.997100890
1341845697.945734 0.030090313 0.087220535 -0.044770423 0.030523185 -0.068641998 0.008622628 0.997137070
1341845697.981763 0.032856844 0.085748672 -0.042472947 0.029971054 -0.069111519 0.008291856 0.997124135
1341845698.013639 0.033761553 0.085161299 -0.041660614 0.030107200 -0.069086321 0.008380432 0.997121155
1341845698.045700 0.032568343 0.084168859 -0.042592585 0.030271994 -0.068948582 0.007760466 0.997130632
1341845698.081804 0.029826416 0.083710276 -0.044360314 0.030002769 -0.068996646 0.007794157 0.997135162
1341845698.113733 0.031894874 0.083820857 -0.043945458 0.030213352 -0.069895633 0.007370701 0.997069478
1341845698.145605 0.035100181 0.085489050 -0.042191491 0.030994847 -0.070786096 0.007332874 0.996982932
1341845698.181637 0.032810666 0.085574083 -0.045619577 0.030824572 -0.070388570 0.006544088 0.997021854
1341845698.213981 0.030642681 0.079529881 -0.046809878 0.030161621 -0.070668325 0.006524567 0.997022390
1341845698.249641 0.030691292 0.084137633 -0.046842631 0.031500950 -0.071814857 0.006083944 0.996901870
1341845698.281737 0.032453049 0.087467134 -0.044860870 0.030754376 -0.072359182 0.005613373 0.996888578
1341845698.313940 0.033210322 0.083202720 -0.043888528 0.030012636 -0.072748229 0.004910487 0.996886611
1341845698.349629 0.031049140 0.085094489 -0.043132175 0.030570166 -0.072326057 0.003824366 0.996905088
1341845698.381667 0.028327592 0.083073616 -0.045439623 0.030201815 -0.072326250 0.004183194 0.996914923
1341845698.413724 0.029132202 0.083200611 -0.047447279 0.030670531 -0.073805511 0.004817559 0.996789277
1341845698.449543 0.030526534 0.085067242 -0.048401114 0.031292431 -0.075584508 0.005731264 0.996631801
1341845698.481693 0.030876946 0.086281173 -0.047652144 0.031345841 -0.076765403 0.005336552 0.996542096
1341845698.517644 0.031716809 0.085693344 -0.047902569 0.031561200 -0.077468500 0.004511113 0.996484935
1341845698.549633 0.032027084 0.084609360 -0.046548564 0.032017276 -0.078302287 0.003532972 0.996409178
1341845698.581773 0.034516674 0.086646751 -0.044117648 0.033061396 -0.079446696 0.002402970 0.996287882
1341845698.617608 0.034341428 0.086285703 -0.046046421 0.033185691 -0.079493456 0.001462966 0.996281803
1341845698.649887 0.037073851 0.084501430 -0.043087617 0.033503756 -0.080346994 0.001238981 0.996202946
1341845698.685838 0.036994971 0.085693471 -0.044400904 0.034639750 -0.080607995 0.000651163 0.996143639
1341845698.717744 0.037449531 0.089884996 -0.045771942 0.034886282 -0.080483533 0.000664561 0.996145070
1341845698.749680 0.038268697 0.087658778 -0.044841088 0.034094069 -0.080325216 0.001344587 0.996184587
1341845698.785826 0.036458127 0.088219754 -0.046184290 0.034162350 -0.079942673 0.001726163 0.996212423
1341845698.817603 0.034277473 0.086920410 -0.050124794 0.033121645 -0.079359747 0.001214052 0.996294975
1341845698.849705 0.037188862 0.087561958 -0.044902503 0.032302279 -0.079870775 0.001084706 0.996281147
1341845698.885714 0.036613479 0.085788585 -0.044702299 0.031783670 -0.079806708 0.001116287 0.996302903
1341845698.917723 0.035030916 0.088957742 -0.045267940 0.031543978 -0.079283558 0.000442770 0.996352792
1341845698.953706 0.036451638 0.087484814 -0.045461308 0.030622587 -0.079097196 0.000280326 0.996396482
1341845698.985694 0.034600820 0.088194720 -0.045992810 0.030222483 -0.078678250 0.000555914 0.996441722
1341845699.017571 0.033744037 0.089088827 -0.047515329 0.029489441 -0.078932203 0.001077248 0.996443152
1341845699.053593 0.036100123 0.090052247 -0.045755487 0.028433481 -0.079660781 0.001329894 0.996415555
1341845699.086340 0.034722645 0.091022372 -0.048240792 0.026742663 -0.079008274 0.000822813 0.996514857
1341845699.117688 0.032787763 0.088604234 -0.047030214 0.024531193 -0.078570455 0.000457533 0.996606588
1341845699.153695 0.033606127 0.089641377 -0.044360291 0.023274571 -0.078617044 0.000249191 0.996633172
1341845699.185845 0.033946548 0.091508955 -0.044089243 0.022485519 -0.078114785 -0.000222399 0.996690810
1341845699.221973 0.032092813 0.091415197 -0.045152120 0.021473149 -0.077319920 -0.000115138 0.996775091
1341845699.253571 0.032193918 0.089974731 -0.044161674 0.021052944 -0.078090593 0.000788332 0.996723711
1341845699.285622 0.035959892 0.088270247 -0.043252379 0.021833420 -0.079937242 0.001648065 0.996559381
1341845699.321906 0.036562175 0.089931019 -0.044855852 0.022646196 -0.080928773 0.002466989 0.996459544
1341845699.354916 0.037954498 0.090217605 -0.045861680 0.022755489 -0.081794344 0.002767641 0.996385634
1341845699.385859 0.040114354 0.088893533 -0.045376305 0.022825474 -0.082231335 0.002518277 0.996348739
1341845699.421535 0.041291676 0.089716010 -0.041836135 0.023522040 -0.081969410 0.001374558 0.996356308
1341845699.454093 0.040154219 0.092845544 -0.043818168 0.023918007 -0.080896869 -0.000102176 0.996435463
1341845699.489836 0.038019508 0.088346638 -0.046266016 0.022866065 -0.079905488 -0.000318207 0.996540070
1341845699.522001 0.039396346 0.087448515 -0.045885846 0.023007924 -0.080766603 0.000824484 0.996467113
1341845699.556281 0.040220499 0.087957539 -0.043115642 0.023907872 -0.081358522 0.001537499 0.996396959
1341845699.595416 0.042486370 0.088271454 -0.043153178 0.024275465 -0.081404865 0.001731785 0.996384025
1341845699.628631 0.043164317 0.088899128 -0.042682700 0.024003832 -0.080328956 0.001342230 0.996478438
1341845699.663810 0.042947102 0.085239820 -0.042780861 0.023349842 -0.079497114 0.001805885 0.996559978
1341845699.696113 0.037874673 0.087756030 -0.045451339 0.024570022 -0.078279257 0.002963402 0.996624291
1341845699.727683 0.038016319 0.092296995 -0.047441609 0.023899324 -0.077964276 0.002313998 0.996666968
1341845699.789808 0.042752504 0.090009883 -0.041166060 0.022030525 -0.077762648 0.001778297 0.996726930
1341845699.821737 0.040859316 0.088757128 -0.044189800 0.021925300 -0.076692924 0.001630453 0.996812344
1341845699.857825 0.037999321 0.090248942 -0.046794768 0.021857841 -0.076407827 0.001527893 0.996835887
1341845699.889686 0.041221641 0.089321926 -0.044389412 0.021941684 -0.077323079 0.001929807 0.996762753
1341845699.925749 0.042552292 0.089628041 -0.042278539 0.022349678 -0.076957539 0.001688441 0.996782482
1341845699.957536 0.043441799 0.087737620 -0.042025898 0.022659456 -0.076833040 0.002647480 0.996783018
1341845699.989671 0.044018012 0.086470552 -0.040733732 0.023457406 -0.077421971 0.004094835 0.996714056
1341845700.025810 0.047276106 0.089073010 -0.038820792 0.024996063 -0.078102089 0.004039542 0.996623814
1341845700.058133 0.047574926 0.088953272 -0.040332500 0.025647985 -0.077660963 0.003499124 0.996643782
1341845700.090754 0.050312344 0.089785613 -0.039647743 0.025940269 -0.077518925 0.002769913 0.996649563
1341845700.125852 0.047367476 0.088281475 -0.040697619 0.025784707 -0.077049397 0.001798040 0.996692181
1341845700.157773 0.049208280 0.089021936 -0.039155103 0.026581006 -0.077441111 0.001608515 0.996641278
1341845700.193533 0.049811572 0.090750054 -0.038644727 0.027149992 -0.076836094 0.001206692 0.996673346
1341845700.225771 0.051213231 0.089733966 -0.038609866 0.026959760 -0.076243013 0.001430971 0.996723711
1341845700.257669 0.052483868 0.090077758 -0.038605005 0.027205462 -0.076040469 0.001842476 0.996731877
1341845700.293641 0.051775046 0.087582499 -0.040492292 0.026637821 -0.075572059 0.002859198 0.996780396
1341845700.325714 0.049122058 0.086854272 -0.041873664 0.026731303 -0.075011127 0.003660707 0.996817648
1341845700.357742 0.051227629 0.089927204 -0.039416492 0.027415097 -0.074818037 0.002721774 0.996816576
1341845700.393681 0.052468669 0.090098403 -0.039050259 0.026812620 -0.074040800 0.002100268 0.996892571
1341845700.425997 0.051989891 0.090067357 -0.039149139 0.026641911 -0.073685810 0.001602913 0.996924341
1341845700.461682 0.051834036 0.090752140 -0.037491359 0.026644785 -0.073582150 0.001060078 0.996932626
1341845700.493808 0.051757541 0.092406370 -0.037637535 0.026749311 -0.073326200 0.000641765 0.996949077
1341845700.526106 0.052212033 0.092206724 -0.036447681 0.026372323 -0.073295601 0.000986884 0.996961057
1341845700.562458 0.051235676 0.092168778 -0.037178345 0.026163235 -0.072917931 0.001246474 0.996993959
1341845700.626137 0.052567113 0.092482023 -0.038182057 0.025746068 -0.073266514 0.001374943 0.996979117
1341845700.661872 0.051248204 0.091675490 -0.039635513 0.025233094 -0.072309978 0.000426107 0.997062922
1341845700.693861 0.049436677 0.091219895 -0.039946247 0.024664495 -0.071485057 -0.000324475 0.997136712
1341845700.732394 0.049483269 0.090363808 -0.037364665 0.024665151 -0.072412476 0.000991455 0.997069299
1341845700.767794 0.051533565 0.093516067 -0.035475321 0.025595326 -0.072926112 0.001584557 0.997007668
1341845700.799058 0.051137064 0.091237254 -0.038327109 0.025530802 -0.072540931 0.000980156 0.997038186
1341845700.867749 0.051339544 0.092287198 -0.036695980 0.025876263 -0.072166741 0.000366153 0.997056842
1341845700.930007 0.052196324 0.090578377 -0.033928018 0.026616385 -0.073307268 0.000657892 0.996953964
1341845700.961797 0.051770296 0.092498213 -0.034670796 0.026883995 -0.072969697 -0.000191734 0.996971786
1341845700.997752 0.050981272 0.091965534 -0.034602482 0.026634162 -0.072778679 -0.000504412 0.996992350
1341845701.029597 0.051435359 0.090464495 -0.035198182 0.026478374 -0.073428676 -0.000184779 0.996948898
1341845701.061618 0.050230578 0.090792872 -0.037848543 0.026934203 -0.073420852 -0.000625325 0.996937156
1341845701.097561 0.052391730 0.091103442 -0.036369674 0.027156185 -0.074055836 -0.000607977 0.996884167
1341845701.129741 0.051416423 0.091537990 -0.036783725 0.027250111 -0.073531732 -0.000563640 0.996920347
1341845701.165734 0.048870485 0.090446465 -0.039482120 0.026819741 -0.072819762 -0.000441369 0.996984363
1341845701.197714 0.046814311 0.091357678 -0.038670667 0.027531313 -0.073052831 -0.000099143 0.996948063
1341845701.230497 0.049218386 0.093112297 -0.037769072 0.028017784 -0.073796012 -0.000525255 0.996879578
1341845701.265852 0.053522989 0.088934109 -0.037344016 0.027700089 -0.074839674 -0.000048827 0.996810794
1341845701.297730 0.054285701 0.089132100 -0.037123617 0.028682776 -0.075845890 -0.000452926 0.996706843
1341845701.329611 0.055547982 0.092069291 -0.035823014 0.029022565 -0.075727403 -0.001131255 0.996705472
1341845701.365791 0.053925566 0.089947678 -0.035729788 0.028250370 -0.075305045 -0.001446106 0.996759236
1341845701.397757 0.054126136 0.092969023 -0.034230292 0.028449547 -0.075132735 -0.001927280 0.996765852
1341845701.433542 0.050914742 0.091396205 -0.034641929 0.027799558 -0.074123010 -0.001132291 0.996860981
1341845701.465617 0.050466806 0.090984553 -0.036270265 0.027879776 -0.074009471 0.000095143 0.996867716
1341845701.497704 0.048504896 0.093901351 -0.039347399 0.028172342 -0.073763527 0.000260450 0.996877730
1341845701.533597 0.052365631 0.094735749 -0.036772985 0.027900835 -0.074546650 0.000606009 0.996827006
1341845701.597762 0.055917017 0.093989879 -0.040038310 0.027511796 -0.074111179 0.000023862 0.996870518
1341845701.633825 0.056608930 0.090403259 -0.041991808 0.027537175 -0.074367329 0.000026303 0.996850669
1341845701.665709 0.058311526 0.090914704 -0.041062504 0.028230160 -0.074414171 0.000010093 0.996827841
1341845701.701676 0.060010523 0.089559942 -0.039781034 0.028707298 -0.074479602 0.000029167 0.996809304
1341845701.733527 0.060072362 0.091563255 -0.036402740 0.029691603 -0.074723132 -0.000347644 0.996762216
1341845701.765764 0.059204292 0.091942683 -0.035478815 0.029792016 -0.074536443 -0.000919657 0.996772766
1341845701.801701 0.056537472 0.091644831 -0.034605742 0.029766230 -0.073801614 -0.000961753 0.996828139
1341845701.833700 0.056977734 0.090275735 -0.034214716 0.029701494 -0.073843934 -0.000537051 0.996827304
1341845701.865775 0.055535518 0.091591679 -0.036523521 0.030053692 -0.073424548 -0.000418963 0.996847749
1341845701.901711 0.058319338 0.093008727 -0.035390455 0.030147715 -0.073805429 -0.000274974 0.996816814
1341845701.933585 0.058006369 0.094275028 -0.037075866 0.030008595 -0.073367655 -0.000671627 0.996853232
1341845701.969726 0.059289157 0.094419464 -0.036624160 0.029691726 -0.073638417 -0.000570085 0.996842802
1341845702.002544 0.060164526 0.095096149 -0.035254855 0.029895134 -0.073638074 -0.000377905 0.996836782
1341845702.034379 0.059721258 0.095640935 -0.035556536 0.030278137 -0.073275626 -0.000941756 0.996851563
1341845702.101809 0.053262837 0.093939759 -0.035645690 0.030374112 -0.072501630 -0.001851342 0.996904016
1341845702.137663 0.055113580 0.096113577 -0.033267878 0.031186571 -0.073420547 -0.001797953 0.996811748
1341845702.169629 0.056834348 0.094761372 -0.032681070 0.031466514 -0.073802739 -0.002115906 0.996774137
1341845702.201769 0.059225012 0.097240515 -0.034080464 0.032147020 -0.073634587 -0.002947129 0.996762753
1341845702.237691 0.057597753 0.094904073 -0.034137789 0.031780403 -0.072966978 -0.002692320 0.996824324
1341845702.269760 0.056752972 0.094354838 -0.033567499 0.031903267 -0.073044859 -0.003227497 0.996813059
1341845702.301761 0.056323521 0.093334205 -0.034225963 0.031903796 -0.072511010 -0.004333450 0.996847808
1341845702.337713 0.051859438 0.092592306 -0.039858613 0.031331848 -0.071096256 -0.004623154 0.996966541
1341845702.369720 0.050980166 0.092071064 -0.035837177 0.031233836 -0.071578279 -0.003979936 0.996937931
1341845702.405655 0.055932578 0.093589932 -0.034953516 0.031368803 -0.072294198 -0.003426683 0.996884108
1341845702.469691 0.059965845 0.091485843 -0.031399284 0.031256493 -0.072234899 -0.003329803 0.996892273
1341845702.506265 0.063059300 0.093104176 -0.023281412 0.031568930 -0.073162369 -0.003220480 0.996815085
1341845702.569753 0.062210727 0.094845191 -0.018680466 0.031701867 -0.073601127 -0.001671603 0.996782362
1341845702.605685 0.062175557 0.092385069 -0.025279783 0.030763913 -0.073290728 -0.001779899 0.996834457
1341845702.637718 0.062539518 0.087856278 -0.026294408 0.029593837 -0.073174477 -0.002297660 0.996877313
1341845702.673733 0.063749433 0.088731728 -0.027846253 0.029592481 -0.073135458 -0.002686350 0.996879339
1341845702.705735 0.064875714 0.090800568 -0.029824434 0.029254165 -0.072702110 -0.003117395 0.996919692
1341845702.737648 0.061008096 0.091983721 -0.031578604 0.028561553 -0.071305782 -0.004884469 0.997033536
1341845702.773644 0.060946718 0.094999641 -0.033345025 0.027132688 -0.070556372 -0.005662908 0.997122645
1341845702.805893 0.061291285 0.088317655 -0.032696798 0.025001464 -0.070006259 -0.006399604 0.997212708
1341845702.837969 0.062747531 0.096315697 -0.031925134 0.025014535 -0.069588207 -0.006924485 0.997238100
1341845702.874009 0.062069025 0.092784032 -0.031159321 0.022645416 -0.068683505 -0.007090966 0.997356296
1341845702.908704 0.060725629 0.090629794 -0.027700288 0.021947132 -0.068306401 -0.007177720 0.997397125
1341845702.941673 0.059366744 0.088615939 -0.027721725 0.022544749 -0.068505690 -0.005917993 0.997378469
1341845702.973595 0.059850924 0.088043123 -0.027966257 0.024689056 -0.069894582 -0.003781860 0.997241676
1341845703.005769 0.059122588 0.088569030 -0.028186942 0.026233485 -0.071235508 -0.002657152 0.997110963
1341845703.041648 0.061382871 0.089028232 -0.028664418 0.027604610 -0.072298937 -0.002837809 0.996996939
1341845703.073714 0.064982608 0.094542541 -0.031170266 0.027502025 -0.072589338 -0.003738284 0.996975660
1341845703.109699 0.066220313 0.094497159 -0.029980298 0.025248388 -0.070982724 -0.005532009 0.997142673
1341845703.142006 0.059333716 0.095229134 -0.029633353 0.023965707 -0.068371728 -0.006917666 0.997348070
1341845703.173706 0.056508396 0.094555005 -0.028327931 0.022652440 -0.067583285 -0.007641748 0.997427225
1341845703.209732 0.059154715 0.090875074 -0.030073665 0.021980394 -0.068015680 -0.007501976 0.997413933
1341845703.242050 0.060823757 0.087271243 -0.033075392 0.022403220 -0.068338871 -0.006969151 0.997386277
1341845703.273874 0.059378922 0.089119993 -0.030646561 0.023386603 -0.069040209 -0.006664845 0.997317493
1341845703.309758 0.058175486 0.090954021 -0.030364031 0.024643958 -0.069742963 -0.005530522 0.997245252
1341845703.341850 0.064737923 0.089035109 -0.029481161 0.024864895 -0.070870623 -0.005222348 0.997161925
1341845703.377702 0.063851759 0.087744318 -0.029759515 0.025326902 -0.070092387 -0.005962641 0.997201204
1341845703.409585 0.059627075 0.090682417 -0.032147586 0.026019523 -0.069154792 -0.006360052 0.997246325
1341845703.441629 0.059132364 0.091381207 -0.031909507 0.025884006 -0.069292217 -0.007267837 0.997234166
1341845703.477741 0.059893034 0.090682112 -0.029649505 0.025758026 -0.069568291 -0.007518151 0.997216284
1341845703.509995 0.058357209 0.090410173 -0.029558949 0.026099039 -0.069217220 -0.007700379 0.997230470
1341845703.541800 0.061786655 0.087874040 -0.031731326 0.026398363 -0.069557682 -0.008442192 0.997192860
1341845703.577765 0.061582617 0.088660799 -0.029877370 0.026651068 -0.069737844 -0.008927478 0.997169316
1341845703.609650 0.062272117 0.088523969 -0.030181509 0.027018942 -0.070064537 -0.009146667 0.997134566
1341845703.651761 0.059516486 0.087376192 -0.031595584 0.027260663 -0.069920458 -0.009612466 0.997133732
1341845703.709916 0.063273117 0.092568748 -0.033508629 0.027983230 -0.071596257 -0.008519833 0.997004688
1341845703.745719 0.064390913 0.094924659 -0.032278009 0.027146760 -0.071344405 -0.009241452 0.997039437
1341845703.777733 0.062449444 0.094238311 -0.027485466 0.025866903 -0.070230663 -0.010065637 0.997144580
1341845703.809711 0.061117455 0.089158684 -0.028939145 0.024720617 -0.069489956 -0.010137453 0.997224867
1341845703.845769 0.061161589 0.089430369 -0.030181261 0.024747793 -0.069529049 -0.010056022 0.997222245
1341845703.877728 0.061891787 0.089265652 -0.029709714 0.024556680 -0.069690242 -0.010128193 0.997214973
1341845703.913808 0.060471427 0.089894868 -0.028789474 0.024203561 -0.069367848 -0.010113349 0.997246265
1341845703.945653 0.062723495 0.088195264 -0.027132023 0.024170903 -0.069339104 -0.010389959 0.997246265
1341845703.977870 0.063392729 0.090198413 -0.029285502 0.024890415 -0.069089025 -0.010233799 0.997247458
1341845704.013637 0.061902072 0.087466367 -0.028611850 0.025410790 -0.069183648 -0.010424404 0.997225821
1341845704.045703 0.064112328 0.086229779 -0.029911645 0.026115535 -0.069744207 -0.009643087 0.997176409
1341845704.077666 0.065636307 0.087488286 -0.030586274 0.026796006 -0.070090279 -0.008892072 0.997141063
1341845704.113706 0.066779971 0.088184476 -0.031648327 0.026856473 -0.069900237 -0.009074237 0.997151196
1341845704.145681 0.066223904 0.089660987 -0.031084443 0.026691061 -0.069505550 -0.009125790 0.997182667
1341845704.181785 0.067362256 0.088798396 -0.030104911 0.026179411 -0.069291845 -0.009743636 0.997205317
1341845704.213778 0.064859323 0.089485705 -0.030008236 0.026099684 -0.068862610 -0.009448910 0.997239947
1341845704.245863 0.066429757 0.088991933 -0.030544119 0.026021810 -0.069012709 -0.009524604 0.997230887
1341845704.281578 0.065756373 0.091653511 -0.029752210 0.026138755 -0.068657480 -0.009058595 0.997256696
1341845704.313707 0.067559496 0.090526856 -0.030565687 0.025172602 -0.068296045 -0.008961544 0.997307241
1341845704.349873 0.069533318 0.091924496 -0.030533401 0.024744352 -0.067068174 -0.009076815 0.997400224
1341845704.381729 0.067904562 0.092001908 -0.027024290 0.024025686 -0.065169089 -0.009403366 0.997540653
1341845704.413817 0.067562319 0.092281923 -0.024765404 0.024051536 -0.063823871 -0.008841212 0.997632146
1341845704.449837 0.066756360 0.093814448 -0.028446134 0.024291992 -0.062102996 -0.009554436 0.997728407
1341845704.481600 0.065020137 0.093628183 -0.026946640 0.023108227 -0.060186118 -0.009755475 0.997871995
1341845704.513671 0.064522937 0.084907413 -0.025426969 0.022937920 -0.059774797 -0.008797358 0.997909546
1341845704.549869 0.066893429 0.088353023 -0.019561842 0.028018123 -0.061830696 -0.005489135 0.997678220
1341845704.581901 0.065318070 0.090840481 -0.020026579 0.032451089 -0.063596278 -0.003991771 0.997439981
1341845704.617838 0.067925699 0.093500935 -0.023874015 0.034584153 -0.064608887 -0.004543749 0.997300863
1341845704.650477 0.066243172 0.091717757 -0.025352061 0.034670819 -0.064057335 -0.006093177 0.997325182
1341845704.681708 0.061971772 0.088110000 -0.025828682 0.035307925 -0.063921779 -0.006620349 0.997308195
1341845704.717704 0.061806191 0.090383910 -0.024988567 0.036947962 -0.065272972 -0.006960887 0.997158945
1341845704.749702 0.061902020 0.093063682 -0.026383458 0.037556700 -0.065422781 -0.008412454 0.997115195
1341845704.781791 0.063047491 0.092949130 -0.026360046 0.036736533 -0.065036796 -0.010341403 0.997152865
1341845704.817744 0.058121882 0.087079875 -0.027208164 0.036420472 -0.064886577 -0.011247662 0.997164369
1341845704.849705 0.058407381 0.089995041 -0.028201282 0.038384125 -0.066729814 -0.011103760 0.996970654
1341845704.885675 0.060923450 0.092473529 -0.026625223 0.038893409 -0.068157054 -0.011283041 0.996852398
1341845704.917742 0.059671905 0.092161216 -0.028877458 0.038226139 -0.068370052 -0.011647237 0.996859491
1341845704.949746 0.059177250 0.091077641 -0.029444633 0.037500188 -0.068737209 -0.013012799 0.996844828
1341845704.985761 0.059293859 0.093679979 -0.029272480 0.037014883 -0.069124438 -0.013499341 0.996829689
1341845705.017537 0.059543528 0.092418149 -0.030177863 0.036229253 -0.069572642 -0.014221601 0.996817350
1341845705.049660 0.061294939 0.092803210 -0.030505760 0.035306823 -0.070055492 -0.014799317 0.996808290
1341845705.085710 0.060787693 0.090170629 -0.030651325 0.034540303 -0.070546366 -0.015221987 0.996794164
1341845705.117831 0.062026553 0.091440983 -0.033832561 0.034715105 -0.071445726 -0.015352669 0.996721983
1341845705.154005 0.062600464 0.093740530 -0.032754250 0.033698779 -0.071646482 -0.015901154 0.996733904
1341845705.185648 0.063952312 0.091879137 -0.029393837 0.032656062 -0.071587577 -0.015454710 0.996779799
1341845705.217695 0.065555520 0.092271432 -0.030280491 0.032698374 -0.071386017 -0.015701756 0.996789038
1341845705.253735 0.064526252 0.092468649 -0.031379148 0.032141622 -0.070776075 -0.015941724 0.996846855
1341845705.285554 0.063253514 0.089200489 -0.029893328 0.031432670 -0.070823170 -0.015984448 0.996865392
1341845705.321646 0.065543808 0.090405621 -0.031112019 0.031994767 -0.071563937 -0.014615396 0.996815622
1341845705.353674 0.063846737 0.088654511 -0.031173088 0.031858772 -0.071691684 -0.014348260 0.996814668
1341845705.385774 0.066641442 0.087287515 -0.031360727 0.031988919 -0.072210632 -0.014122576 0.996776283
1341845705.421801 0.067199185 0.086111955 -0.030655993 0.033062171 -0.071933977 -0.014706272 0.996752799
1341845705.453568 0.065506734 0.085914597 -0.029863227 0.035191994 -0.071749687 -0.014318241 0.996698797
1341845705.485749 0.063412100 0.087543286 -0.030459287 0.037314970 -0.072574690 -0.012981551 0.996580184
1341845705.521655 0.065656349 0.087446831 -0.030615566 0.038549721 -0.073400974 -0.011738372 0.996488094
1341845705.553548 0.065588892 0.089924090 -0.030761633 0.039522301 -0.073512681 -0.010872434 0.996451557
1341845705.589775 0.068507075 0.090398803 -0.031790320 0.039218180 -0.073678702 -0.011097942 0.996448815
1341845705.621894 0.065190576 0.090646349 -0.031531040 0.039333891 -0.073384605 -0.010471769 0.996472716
1341845705.653569 0.060140796 0.091282792 -0.031230796 0.039450716 -0.075166956 -0.009417162 0.996345818
1341845705.689868 0.068007804 0.091130249 -0.029792750 0.039982073 -0.077694543 -0.010135180 0.996123672
1341845705.721810 0.068124734 0.092088714 -0.029533181 0.040082622 -0.076837398 -0.010500368 0.996182323
1341845705.753738 0.067078367 0.091034360 -0.027964072 0.039857455 -0.076260217 -0.011592397 0.996223629
1341845705.789861 0.068580151 0.093469314 -0.027114755 0.040318809 -0.075479582 -0.011370688 0.996267021
1341845705.821704 0.063885868 0.091822267 -0.026874166 0.039776411 -0.074054115 -0.011042953 0.996399522
1341845705.863629 0.061161116 0.091157965 -0.026154803 0.040234368 -0.074638523 -0.011223442 0.996335506
1341845705.895623 0.060108796 0.086645938 -0.026340652 0.041232042 -0.076182917 -0.009106596 0.996199429
1341845705.931726 0.060956273 0.089672200 -0.028138282 0.042938050 -0.078673437 -0.007050070 0.995950401
1341845705.963641 0.060537025 0.096382633 -0.027621150 0.043860879 -0.080227658 -0.009288957 0.995767832
1341845705.995677 0.068715148 0.099528790 -0.023785584 0.042917382 -0.080706231 -0.013868049 0.995716989
1341845706.031837 0.064585671 0.100169003 -0.023396367 0.040671341 -0.078172684 -0.014855220 0.995999098
1341845706.063631 0.058245331 0.091859005 -0.022548905 0.038600717 -0.078112513 -0.014379859 0.996093214
1341845706.095737 0.060984273 0.095760137 -0.019155527 0.039340589 -0.080319256 -0.015487785 0.995872140
1341845706.131716 0.067992419 0.100662947 -0.018380888 0.039029609 -0.080521896 -0.016573211 0.995850503
1341845706.163718 0.064278074 0.093683958 -0.015934179 0.037309259 -0.078711510 -0.015650928 0.996076107
1341845706.195662 0.059983999 0.098254800 -0.016879072 0.038701274 -0.078563832 -0.014813730 0.996047497
1341845706.231610 0.067842856 0.100677185 -0.015374037 0.038137447 -0.079126842 -0.014643851 0.996027172
1341845706.263724 0.067399502 0.099068664 -0.013257093 0.036633361 -0.077136278 -0.013508911 0.996255815
1341845706.299838 0.062071178 0.097904779 -0.013412621 0.035620064 -0.076141268 -0.012420472 0.996383190
1341845706.331753 0.064515494 0.099911869 -0.013347454 0.035236951 -0.077073090 -0.013079765 0.996316791
1341845706.363574 0.063395314 0.099610716 -0.010689656 0.034998540 -0.076702155 -0.012938864 0.996355593
1341845706.399690 0.063501559 0.098613724 -0.008939669 0.035042468 -0.077242307 -0.012679631 0.996315718
1341845706.431735 0.067817435 0.100976817 -0.006590652 0.035668395 -0.077625856 -0.012361431 0.996267676
1341845706.463612 0.066791303 0.098695390 -0.006142404 0.035349924 -0.076612480 -0.011096347 0.996372342
1341845706.499655 0.061903697 0.095393695 -0.008808885 0.035581890 -0.076469414 -0.009887373 0.996387839
1341845706.531782 0.069035396 0.100198500 -0.006835597 0.037140165 -0.078219362 -0.009951031 0.996194422
1341845706.563559 0.074703492 0.100069389 -0.002332693 0.037388526 -0.077065907 -0.009805510 0.996276498
1341845706.599529 0.069025688 0.092419334 -0.007008895 0.037201371 -0.074648254 -0.009674764 0.996468842
1341845706.631786 0.068465553 0.095472611 -0.006803500 0.039455559 -0.076060109 -0.010381901 0.996268213
1341845706.667647 0.074593455 0.098356977 -0.002158340 0.040692694 -0.076040328 -0.010230204 0.996221542
1341845706.700732 0.075212747 0.095489345 -0.003605793 0.040332869 -0.073834091 -0.009639234 0.996407986
1341845706.732115 0.071580097 0.094241783 -0.006903013 0.040892623 -0.072890081 -0.009295920 0.996457994
1341845706.768143 0.075891867 0.094629891 -0.004459959 0.041628066 -0.073153161 -0.007384594 0.996424258
1341845706.800357 0.075520717 0.094654985 -0.004666750 0.042116132 -0.072453618 -0.005963646 0.996464372
1341845706.832602 0.075025074 0.096885882 -0.005963827 0.042484663 -0.072446547 -0.006403705 0.996446490
1341845706.869449 0.075528137 0.097658753 -0.006525413 0.041944765 -0.072243467 -0.006432564 0.996483922
1341845706.933651 0.076423220 0.094454639 -0.005519778 0.040635373 -0.073036671 -0.005498182 0.996485949
1341845706.994021 0.074913561 0.094705693 -0.008441135 0.039479028 -0.072366782 -0.004023299 0.996588349
1341845707.029674 0.073526740 0.092420578 -0.008262094 0.039694615 -0.072621234 -0.002744767 0.996565640
1341845707.061864 0.077431880 0.093578704 -0.008578852 0.040484753 -0.072870173 -0.002645909 0.996515930
1341845707.097704 0.079737552 0.089569226 -0.007664230 0.040260244 -0.072000034 -0.001824760 0.996590078
1341845707.129770 0.073736355 0.086544715 -0.006861310 0.042048376 -0.071220547 -0.001113663 0.996573329
1341845707.161817 0.079090878 0.086909518 -0.008294538 0.044381440 -0.072510146 -0.000509540 0.996379614
1341845707.197721 0.081185110 0.086182117 -0.006162718 0.045242455 -0.071615852 -0.001496517 0.996404588
1341845707.229795 0.082592636 0.088299572 -0.004882994 0.046181392 -0.070889525 -0.001766213 0.996412992
1341845707.261851 0.083189145 0.087061398 -0.005752903 0.046482015 -0.070800550 -0.000637829 0.996406734
1341845707.297710 0.085842103 0.088295475 -0.004796392 0.046694644 -0.070412822 -0.000670346 0.996424258
1341845707.329761 0.088306710 0.087712333 -0.002690927 0.046107732 -0.069096088 -0.001378618 0.996542990
1341845707.365850 0.088162161 0.083651923 -0.002040532 0.045928299 -0.067572713 0.000108863 0.996656716
1341845707.397796 0.086374432 0.082067400 -0.004092725 0.046740375 -0.067282684 0.002405833 0.996635675
1341845707.429752 0.089957073 0.082793176 -0.003097594 0.047974110 -0.067892753 0.003099978 0.996533751
1341845707.465767 0.094789714 0.084490895 -0.001034401 0.049309924 -0.066999912 0.002551513 0.996530533
1341845707.497642 0.093044631 0.082174413 -0.002131581 0.049367771 -0.065076016 0.002867947 0.996654272
1341845707.533665 0.095473059 0.082128718 -0.001234793 0.050298691 -0.064191282 0.003366529 0.996663511
1341845707.565754 0.096723408 0.081361853 0.001360875 0.051112615 -0.062214453 0.003013546 0.996748626
1341845707.597603 0.098273635 0.082258418 0.002410503 0.051810611 -0.060604721 0.002770369 0.996812463
1341845707.633748 0.095485657 0.080491304 0.001693533 0.051732939 -0.059800018 0.003990606 0.996860981
1341845707.665870 0.097331516 0.080383986 0.002033045 0.052330907 -0.060179584 0.004868330 0.996803045
1341845707.698455 0.104229808 0.083886698 0.003079083 0.052251246 -0.060509674 0.004784619 0.996787608
1341845707.734303 0.099828117 0.082480282 0.002003414 0.051482506 -0.059287664 0.003551053 0.996906221
1341845707.766259 0.100230232 0.077981524 0.000159684 0.050799951 -0.059590288 0.004056783 0.996921241
1341845707.836344 0.097459100 0.078896038 -0.000763586 0.052568931 -0.059017550 0.003376201 0.996866167
1341845707.866230 0.098045595 0.082260385 0.000871530 0.053034402 -0.059759885 0.002956701 0.996798575
1341845707.901694 0.099539228 0.081858315 0.001424682 0.052405491 -0.060406499 0.004021694 0.996789157
1341845707.933640 0.098035753 0.079883188 0.000981192 0.052303601 -0.060797948 0.004171777 0.996770084
1341845707.965831 0.102618888 0.082536057 0.004812445 0.053111345 -0.061677720 0.004077447 0.996673703
1341845708.001954 0.098502085 0.080570288 0.004270688 0.052738041 -0.060481399 0.004297879 0.996765971
1341845708.034393 0.099827006 0.081907921 0.004991894 0.053246729 -0.061399907 0.003747103 0.996684909
1341845708.069946 0.100100823 0.082384728 0.005474023 0.052868243 -0.061505083 0.003754311 0.996698558
1341845708.101700 0.098507844 0.079567030 0.006506112 0.052130837 -0.061142445 0.003052175 0.996762097
1341845708.133697 0.096970528 0.076647133 0.004107051 0.051984131 -0.061818216 0.003196677 0.996727645
1341845708.169675 0.106575303 0.081111647 0.012519137 0.052629128 -0.064191453 0.003026893 0.996544302
1341845708.201793 0.104092933 0.077749692 0.010409688 0.051777307 -0.063436642 0.001747488 0.996640325
1341845708.233744 0.102743916 0.077511117 0.008868023 0.052222408 -0.063937716 0.001475627 0.996585488
1341845708.269711 0.101583235 0.076969758 0.006323942 0.052661229 -0.064515829 0.001723627 0.996524692
1341845708.301629 0.100885540 0.078949213 0.003647740 0.053182684 -0.064859837 0.000690446 0.996476054
1341845708.337612 0.103887409 0.080558054 0.004337260 0.052899700 -0.065002874 -0.000910063 0.996481538
1341845708.369900 0.103326254 0.079523794 0.004695355 0.052358042 -0.064601950 -0.001157665 0.996536016
1341845708.401883 0.104884043 0.081406854 0.005718143 0.052940369 -0.065713979 -0.001354642 0.996432245
1341845708.443610 0.106072344 0.082920253 0.005029808 0.053418245 -0.065856442 -0.001698526 0.996396840
1341845708.501776 0.104604870 0.082608245 0.004867623 0.052650757 -0.067185640 -0.000317410 0.996350288
1341845708.543852 0.100689687 0.082646973 0.002727694 0.053005993 -0.068194613 -0.000429148 0.996262908
1341845708.605675 0.100455917 0.086452872 0.000964317 0.052600812 -0.069511235 -0.003232204 0.996188223
1341845708.637641 0.094349027 0.084632598 -0.000201111 0.052436080 -0.070465803 -0.004115270 0.996126592
1341845708.669692 0.100307554 0.088528208 -0.000075488 0.053042900 -0.073010251 -0.004897686 0.995907605
1341845708.705736 0.102353171 0.089855187 -0.000483195 0.052268505 -0.072961755 -0.005674706 0.995948076
1341845708.738027 0.093406744 0.085927665 -0.002883927 0.051395226 -0.072360769 -0.006556736 0.996031880
1341845708.773829 0.096387625 0.089788765 -0.001782440 0.051984362 -0.074874267 -0.006699356 0.995814562
1341845708.805763 0.098931149 0.090318590 0.000220804 0.051205311 -0.075423323 -0.007407892 0.995808482
1341845708.838653 0.093722343 0.087925352 -0.001590585 0.050626956 -0.075278044 -0.009090222 0.995835125
1341845708.873912 0.097680971 0.091615774 -0.001155483 0.051226694 -0.077201046 -0.009662471 0.995651841
1341845708.905735 0.095256321 0.090337075 -0.000984905 0.050615784 -0.077052668 -0.010788791 0.995683014
1341845708.938426 0.093235254 0.090675898 -0.002591308 0.050666772 -0.077336192 -0.012263786 0.995641351
1341845708.973642 0.091429688 0.090403572 -0.004838718 0.050676253 -0.078114353 -0.012063987 0.995582521
1341845709.005742 0.091374323 0.091497160 -0.006413245 0.050341655 -0.078779660 -0.012483357 0.995541930
1341845709.041686 0.090170778 0.091589294 -0.006653392 0.050466109 -0.078993686 -0.013637354 0.995503485
1341845709.073656 0.089766927 0.091528513 -0.006947382 0.049942806 -0.079684541 -0.014891398 0.995456934
1341845709.105658 0.087688610 0.089110434 -0.008045139 0.049363911 -0.080186747 -0.015189417 0.995440900
1341845709.141741 0.090622127 0.092115730 -0.008028797 0.049806286 -0.081986465 -0.015615147 0.995265722
1341845709.173646 0.090063885 0.094726615 -0.007059239 0.049823709 -0.081708029 -0.015457096 0.995290220
1341845709.205765 0.092369705 0.095361531 -0.005403893 0.049374238 -0.082401931 -0.015574964 0.995253563
1341845709.241765 0.093270600 0.095564619 -0.004867673 0.048828654 -0.082416661 -0.015407695 0.995281816
1341845709.273754 0.092054136 0.093544804 -0.004544530 0.048077419 -0.081880897 -0.014823073 0.995371521
1341845709.309890 0.092936113 0.092617266 -0.005959261 0.047909908 -0.082281530 -0.013853141 0.995360494
1341845709.341728 0.091552295 0.095825307 -0.006793642 0.047856200 -0.082259715 -0.013437439 0.995370567
1341845709.373776 0.090951145 0.097894073 -0.008166470 0.046897002 -0.081990212 -0.012885423 0.995445788
1341845709.409657 0.089156210 0.100129962 -0.010557802 0.045336280 -0.081537552 -0.011793412 0.995568871
1341845709.442072 0.085852318 0.099020459 -0.012323147 0.043126833 -0.081681028 -0.010191360 0.995672941
1341845709.473660 0.085383348 0.099905290 -0.011567557 0.041484132 -0.082065947 -0.009533534 0.995717525
1341845709.509632 0.085482143 0.102922603 -0.010783329 0.040094115 -0.081880376 -0.009144727 0.995793402
1341845709.541673 0.082949020 0.101503342 -0.011137982 0.037885915 -0.082466513 -0.008968181 0.995833158
1341845709.578645 0.083585389 0.100605875 -0.009932030 0.036849372 -0.083776549 -0.009090055 0.995761514
1341845709.609672 0.082935616 0.101722740 -0.008399268 0.036741924 -0.084963627 -0.009970650 0.995656431
1341845709.642057 0.084740117 0.100594968 -0.009297954 0.036321882 -0.086272806 -0.009136257 0.995567322
1341845709.709730 0.088078424 0.102099299 -0.006641629 0.035535488 -0.088142172 -0.009862110 0.995425045
1341845709.745593 0.086736336 0.103754237 -0.009874423 0.035116646 -0.087563321 -0.010007876 0.995489538
1341845709.777709 0.085474640 0.099409625 -0.010355838 0.033909008 -0.087850720 -0.008550753 0.995519638
1341845709.809687 0.087603688 0.101659700 -0.010527740 0.034542114 -0.088209234 -0.010365463 0.995448947
1341845709.845686 0.089625418 0.102865845 -0.009776697 0.034594510 -0.086845674 -0.011909058 0.995549738
1341845709.878752 0.086940154 0.101153687 -0.012578550 0.034276713 -0.084441043 -0.013303745 0.995749950
1341845709.909693 0.084160961 0.096788377 -0.013362914 0.034529272 -0.083743423 -0.012016331 0.995816469
1341845709.945663 0.084233247 0.096903078 -0.013243463 0.036316611 -0.084901363 -0.011559127 0.995660245
1341845709.977698 0.086987525 0.098100655 -0.013789477 0.037722908 -0.085416071 -0.011187651 0.995568156
1341845710.013739 0.087484702 0.096651293 -0.012906365 0.038248722 -0.084878922 -0.012245764 0.995581567
1341845710.045754 0.085962676 0.095807694 -0.013930690 0.038789120 -0.084080599 -0.012460681 0.995625734
1341845710.077705 0.086634152 0.098616041 -0.014532366 0.039328035 -0.084687009 -0.012840660 0.995548427
1341845710.113730 0.088108107 0.097728997 -0.014225371 0.039095648 -0.084432594 -0.012826216 0.995579302
1341845710.145759 0.086310528 0.097113058 -0.014188844 0.039212700 -0.084276341 -0.012405299 0.995593309
1341845710.177824 0.084209591 0.096616939 -0.016737472 0.039558262 -0.084746182 -0.012146265 0.995542943
1341845710.213581 0.086341910 0.097767189 -0.015785685 0.040132903 -0.085118085 -0.012235594 0.995487094
1341845710.245636 0.083129890 0.092656665 -0.017498393 0.040175885 -0.084803790 -0.012808276 0.995505035
1341845710.281582 0.082181454 0.094388738 -0.017908748 0.042543262 -0.086487517 -0.014740755 0.995235026
1341845710.313617 0.086705454 0.098053589 -0.016691253 0.043463942 -0.087608516 -0.014457234 0.995101333
1341845710.345643 0.085392542 0.094811678 -0.018403919 0.042925376 -0.086864628 -0.013450823 0.995204031
1341845710.381860 0.082142502 0.094919063 -0.019772755 0.043681130 -0.086988375 -0.013861379 0.995154738
1341845710.413817 0.089522921 0.100246087 -0.016037561 0.044817697 -0.088544361 -0.013432588 0.994972825
1341845710.445824 0.086430140 0.097441934 -0.017637348 0.043707564 -0.087331362 -0.012683649 0.995139241
1341845710.481794 0.085073188 0.095199034 -0.018835900 0.043339886 -0.087982506 -0.013250389 0.995090604
1341845710.513650 0.088013336 0.095441423 -0.015179304 0.043456849 -0.088560618 -0.012385417 0.995045364
1341845710.549635 0.086169317 0.095431238 -0.016875394 0.044008460 -0.088377118 -0.011531645 0.995047688
1341845710.581654 0.086422205 0.095561020 -0.017904025 0.045158770 -0.088846244 -0.011946589 0.994949460
1341845710.613694 0.086414404 0.097284384 -0.018343270 0.045218479 -0.088302024 -0.010779477 0.995008528
1341845710.649564 0.084986173 0.094043143 -0.018301800 0.045134731 -0.088000655 -0.010372074 0.995043337
1341845710.681648 0.086619139 0.094609335 -0.018311255 0.046009298 -0.088324986 -0.011046952 0.994967282
1341845710.713728 0.088939227 0.096051686 -0.016620230 0.046380311 -0.088110343 -0.010325051 0.994976819
1341845710.749785 0.089013040 0.093088664 -0.017911259 0.046111837 -0.087511517 -0.009569262 0.995049775
1341845710.781816 0.089539334 0.095190063 -0.018434487 0.047173422 -0.087668672 -0.009992081 0.994982004
1341845710.817567 0.091108747 0.095454559 -0.017569698 0.047235854 -0.087284163 -0.010537290 0.995007217
1341845710.850205 0.091539286 0.097390078 -0.015580742 0.047076561 -0.086654291 -0.009136537 0.995083630
1341845710.882136 0.089344338 0.095171064 -0.015410807 0.046504896 -0.086885929 -0.008555044 0.995095432
1341845710.917631 0.096272096 0.095912039 -0.013642265 0.046622593 -0.088049814 -0.008714554 0.994986236
1341845710.950281 0.092181116 0.094771340 -0.014693219 0.046300314 -0.086332880 -0.008833535 0.995150745
1341845710.985647 0.087929487 0.090440743 -0.016934225 0.046816695 -0.086606689 -0.008527729 0.995105445
1341845711.017722 0.091395013 0.096537374 -0.016318427 0.049209863 -0.088522404 -0.010832069 0.994798958
1341845711.049965 0.098868519 0.099920899 -0.014693515 0.048308801 -0.087732978 -0.011847575 0.994901478
1341845711.085583 0.093246639 0.094250299 -0.013481234 0.046541877 -0.084611349 -0.011457894 0.995260537
1341845711.117670 0.087770000 0.092782952 -0.015414503 0.047143877 -0.084856011 -0.011182275 0.995214522
1341845711.149770 0.096412934 0.096596479 -0.013613972 0.047716349 -0.086632572 -0.009852660 0.995048285
1341845711.191691 0.096962333 0.095124632 -0.011630335 0.046505772 -0.085201159 -0.009810996 0.995229483
1341845711.253627 0.090175591 0.094987385 -0.015682222 0.047519002 -0.086515278 -0.010349747 0.995062768
1341845711.285627 0.094206907 0.096821420 -0.015830716 0.046732616 -0.087141201 -0.010688324 0.995041907
1341845711.317874 0.092599392 0.096730612 -0.015071192 0.046128690 -0.086055778 -0.011184081 0.995159030
1341845711.353756 0.093536749 0.101269461 -0.017568124 0.045427598 -0.085389227 -0.012879594 0.995228171
1341845711.385687 0.093508691 0.098634973 -0.015905749 0.043453969 -0.083586566 -0.013227820 0.995464802
1341845711.417635 0.089991786 0.092223562 -0.013935954 0.042180337 -0.082788996 -0.012370928 0.995597243
1341845711.485895 0.094905809 0.095561534 -0.011711359 0.044474319 -0.085816398 -0.010267480 0.995264947
1341845711.521704 0.094602585 0.093295701 -0.013863470 0.044529255 -0.084929705 -0.009608072 0.995345056
1341845711.553696 0.094328672 0.096434534 -0.015056767 0.045573596 -0.084592827 -0.009773710 0.995324850
1341845711.585708 0.098072365 0.099678665 -0.014037959 0.045117494 -0.084351711 -0.010439818 0.995359421
1341845711.621659 0.095983490 0.094997734 -0.012443662 0.043825783 -0.082916640 -0.010479562 0.995537221
1341845711.653731 0.094821505 0.095654145 -0.012704281 0.044234406 -0.083246574 -0.009713967 0.995499372
1341845711.685758 0.096963771 0.097738527 -0.012804727 0.044480897 -0.083603017 -0.008942545 0.995465755
1341845711.721850 0.097322486 0.095038392 -0.012773615 0.044559054 -0.083558843 -0.008314197 0.995471418
1341845711.754323 0.093593195 0.093250051 -0.013815233 0.044574898 -0.083744235 -0.007789604 0.995459378
1341845711.789716 0.094279416 0.095739804 -0.015536404 0.045160551 -0.084580377 -0.008258018 0.995358527
1341845711.821820 0.095305204 0.093899153 -0.013372496 0.045011275 -0.084547654 -0.008315358 0.995367527
1341845711.854173 0.095718853 0.095524006 -0.014819832 0.045586586 -0.084253035 -0.009289964 0.995357752
1341845711.889875 0.097760983 0.096769623 -0.014022041 0.045074064 -0.083098687 -0.010138878 0.995469868
1341845711.923959 0.097430497 0.097351961 -0.014693260 0.044366151 -0.081014119 -0.010207246 0.995672762
1341845711.957595 0.093894519 0.095423356 -0.014828602 0.043413401 -0.080275275 -0.011634324 0.995758951
1341845711.989820 0.099539824 0.099015340 -0.011471326 0.043312635 -0.080397964 -0.012578738 0.995741963
1341845712.057899 0.095058694 0.097001247 -0.014703507 0.041696873 -0.079446606 -0.010302217 0.995913446
1341845712.090038 0.100808583 0.100870788 -0.016331909 0.041452233 -0.079025254 -0.013731533 0.995915771
1341845712.127587 0.098362051 0.099388741 -0.012315148 0.039815668 -0.076542839 -0.013722194 0.996176600
1341845712.195638 0.092419311 0.099535234 -0.014380194 0.041937869 -0.080669694 -0.011809808 0.995788217
1341845712.257830 0.094465055 0.097442038 -0.012761663 0.040030245 -0.077435896 -0.014470476 0.996088326
1341845712.289935 0.092398770 0.097250134 -0.014749677 0.040408552 -0.077837430 -0.013370855 0.996057093
