1341846226.817920 0.000000000 0.000000000 0.000000000 -0.000000000 -0.000000000 -0.000000000 1.000000000
1341846226.850323 0.004553217 0.003316040 0.002094260 0.001439258 -0.000616038 -0.002000046 0.999996781
1341846226.881894 0.006587088 0.001524365 0.003551141 0.001392691 0.000563009 -0.003091579 0.999994099
1341846226.917980 0.003990419 -0.000907586 0.003234300 0.000241071 -0.000393171 -0.002659074 0.999996364
1341846226.950000 0.005080375 -0.002476024 0.006782775 0.001124679 -0.002812366 -0.002205484 0.999992967
1341846226.985981 0.005733800 -0.001701207 0.005288470 0.002888251 -0.003581604 -0.002707565 0.999985754
1341846227.017919 0.002215732 0.001453725 0.003429055 0.002927782 -0.003741900 -0.003489877 0.999982655
1341846227.050040 0.007238899 -0.001662756 0.007173688 0.002447051 -0.004989517 -0.004009569 0.999976516
1341846227.085982 0.006104611 -0.000761209 0.004443809 0.003215642 -0.004626495 -0.004808737 0.999972582
1341846227.118052 0.005174092 -0.000157647 0.006191256 0.003757466 -0.004309054 -0.005155511 0.999970376
1341846227.149935 0.004961609 -0.001209642 0.003749674 0.004228591 -0.004626133 -0.005009321 0.999967813
1341846227.186053 0.001742532 0.002617287 0.002647009 0.004388389 -0.005229383 -0.006040851 0.999958456
1341846227.218443 0.006344196 0.000798837 0.007245216 0.003162940 -0.006197643 -0.007627040 0.999946713
1341846227.253944 0.009485024 -0.002941817 0.007643786 0.003953925 -0.006293870 -0.009128036 0.999930739
1341846227.285981 0.006305143 -0.003236541 0.005119175 0.005159948 -0.006433071 -0.010011210 0.999915898
1341846227.320064 0.006653483 -0.002462109 0.004828943 0.005375054 -0.008270203 -0.011245159 0.999888182
1341846227.353969 0.005447120 -0.002281440 0.003277648 0.005810178 -0.009789085 -0.013197718 0.999848127
1341846227.385846 0.003086059 0.000263514 0.002010457 0.005360684 -0.011880178 -0.014709037 0.999806881
1341846227.418015 -0.001524181 0.000515805 0.000146183 0.003973701 -0.014611824 -0.016967908 0.999741375
1341846227.453997 0.002475858 0.001451498 0.003187001 0.002743188 -0.017669128 -0.020548239 0.999628961
1341846227.485981 0.004151764 0.000666403 0.004871365 0.001920970 -0.018944526 -0.023263438 0.999548018
1341846227.521976 0.005429615 -0.003805865 0.004672434 0.001548332 -0.020923924 -0.022999909 0.999515295
1341846227.553980 0.006978661 -0.005667252 0.007709597 0.003000365 -0.023465114 -0.023657475 0.999440193
1341846227.586047 0.009773456 -0.001075379 0.008152775 0.005008393 -0.024193121 -0.027239382 0.999323606
1341846227.622081 0.006962020 0.001370068 0.005121096 0.004808646 -0.022905761 -0.031191207 0.999239385
1341846227.653945 0.009648548 -0.005399912 0.007754430 0.003942510 -0.023976248 -0.030042052 0.999253273
1341846227.686038 0.019956175 -0.011108733 0.009487835 0.006404720 -0.026614405 -0.029113039 0.999201238
1341846227.721966 0.026671333 -0.002043202 0.006895663 0.010056652 -0.025150875 -0.030148707 0.999178350
1341846227.754130 0.027500203 -0.003248963 0.005983851 0.010923252 -0.022438267 -0.030195231 0.999232471
1341846227.789951 0.025185712 -0.002988505 0.004485255 0.012467599 -0.020128125 -0.029213360 0.999292791
1341846227.821920 0.027898552 -0.003337251 0.002421259 0.012809810 -0.018588081 -0.028330896 0.999343693
1341846227.854275 0.026301036 -0.004534045 0.002705129 0.012910593 -0.016207585 -0.028667307 0.999374270
1341846227.889935 0.024575129 -0.007298217 0.007133087 0.013001898 -0.014233734 -0.027875215 0.999425471
1341846227.921967 0.024597669 -0.009740400 0.007486723 0.012635970 -0.013443884 -0.026556212 0.999477029
1341846227.958123 0.027409269 -0.006875751 0.007590317 0.013329936 -0.012322299 -0.027482001 0.999457479
1341846227.989985 0.026206706 -0.003756305 0.006250490 0.012712959 -0.009799244 -0.029564194 0.999433994
1341846228.021937 0.027849099 -0.013329286 0.010559377 0.011665676 -0.009324547 -0.027893929 0.999499381
1341846228.058222 0.027087428 -0.013723289 0.009512018 0.014108560 -0.009012742 -0.027062003 0.999493599
1341846228.090097 0.027953204 -0.002043671 0.007431560 0.015101564 -0.007712322 -0.028108284 0.999461055
1341846228.121845 0.026532143 -0.002645597 0.008066398 0.011610623 -0.005446174 -0.027178140 0.999548376
1341846228.157875 0.023713486 -0.004920154 0.005485132 0.009268154 -0.005345288 -0.023493355 0.999666750
1341846228.189872 0.026483689 -0.007770712 0.005073627 0.005964760 -0.006127765 -0.022371218 0.999713182
1341846228.225994 0.030900599 -0.013459554 0.009919512 0.003478489 -0.006781487 -0.022952652 0.999707520
1341846228.258336 0.029139783 -0.018032428 0.008941235 0.003658993 -0.007268882 -0.023399618 0.999693096
1341846228.289941 0.031112632 -0.016243273 0.010732649 0.004518725 -0.007847146 -0.022391653 0.999708295
1341846228.326018 0.036049139 -0.008842184 0.014976708 0.006563439 -0.008028863 -0.022005595 0.999704063
1341846228.358243 0.032564763 -0.007794286 0.012470853 0.006992988 -0.005589489 -0.022158524 0.999714434
1341846228.389779 0.044721227 -0.006363542 0.008217899 0.007050509 -0.007125448 -0.019258356 0.999764323
1341846228.426073 0.044489920 -0.007467036 0.007050888 0.007330901 -0.006080138 -0.019361712 0.999767244
1341846228.493915 0.039256588 -0.007091430 0.002283593 0.007512615 -0.003066858 -0.018324558 0.999799192
1341846228.525907 0.041270241 -0.008915795 0.003194359 0.006704856 -0.004282717 -0.017258866 0.999819398
1341846228.558208 0.043462183 -0.007513510 0.004458523 0.007047824 -0.003918258 -0.016568614 0.999830246
1341846228.593899 0.039748911 -0.012669919 0.003206422 0.006515666 -0.002993155 -0.015861735 0.999848545
1341846228.626021 0.038836557 -0.010739149 0.000413954 0.006571820 -0.004555447 -0.014819866 0.999858260
1341846228.658069 0.041405998 -0.004487465 0.003118032 0.006522744 -0.005866631 -0.014567398 0.999855459
1341846228.693942 0.044707429 -0.004820857 0.004586437 0.005632970 -0.005414617 -0.015316239 0.999852240
1341846228.726069 0.043857131 -0.005469592 0.003570791 0.005064100 -0.003937995 -0.014849229 0.999869227
1341846228.762090 0.041939173 -0.010079199 0.000330215 0.004320266 -0.003641875 -0.012468601 0.999906361
1341846228.794000 0.050418023 -0.010083654 0.001741880 0.005518824 -0.005551724 -0.010328588 0.999916017
1341846228.825934 0.045691065 -0.006344099 -0.002058743 0.006935921 -0.003994823 -0.012737047 0.999886870
1341846228.862015 0.041057970 -0.007705747 -0.006830885 0.006889047 -0.003416604 -0.011444448 0.999904931
1341846228.893856 0.047745124 -0.006131559 -0.006275119 0.007561049 -0.005674511 -0.010514707 0.999900103
1341846228.926548 0.049587898 -0.004017477 -0.005264737 0.008022950 -0.005543790 -0.011223864 0.999889493
1341846228.961940 0.052818350 -0.006972637 -0.003175464 0.006990644 -0.005396066 -0.010544144 0.999905407
1341846228.994040 0.053004842 -0.005795595 -0.004116670 0.006271469 -0.005497265 -0.010048349 0.999914825
1341846229.029897 0.058512397 -0.011293174 0.000089544 0.005653794 -0.006364315 -0.009423839 0.999919355
1341846229.061870 0.059755303 -0.010381935 -0.000335942 0.006942045 -0.006287153 -0.009134600 0.999914467
1341846229.094829 0.056361511 -0.009108509 -0.003106739 0.007007160 -0.005033604 -0.008398210 0.999927580
1341846229.129930 0.047271751 -0.006132893 -0.010910120 0.006985618 -0.002989227 -0.008850959 0.999931991
1341846229.161882 0.046786796 -0.005522740 -0.011312823 0.006752410 -0.002383814 -0.009925419 0.999925137
1341846229.197882 0.032652266 -0.007801447 -0.016310688 0.006771781 0.000177567 -0.010372614 0.999923289
1341846229.229812 0.032629993 -0.009268498 -0.017516684 0.007992299 -0.000446684 -0.009702403 0.999920905
1341846229.261994 0.029307941 -0.007670726 -0.018126817 0.009281099 -0.000355328 -0.010833976 0.999898195
1341846229.297920 0.026635379 -0.006770325 -0.020377323 0.009414232 -0.000163492 -0.012041801 0.999883235
1341846229.329933 0.024415892 -0.008205873 -0.022120543 0.009052829 -0.000526279 -0.012333709 0.999882817
1341846229.361996 0.032060403 -0.009479631 -0.018517146 0.009165844 -0.002256543 -0.011225296 0.999892533
1341846229.398029 0.034875654 -0.014044489 -0.014699950 0.010992231 -0.002378413 -0.011163780 0.999874473
1341846229.430182 0.030144280 -0.011887341 -0.018830214 0.013795392 -0.002096470 -0.011002129 0.999842107
1341846229.471963 0.028609544 -0.007914191 -0.020561283 0.015057749 -0.001870671 -0.010987133 0.999824524
1341846229.530149 0.049386427 -0.012605889 -0.015916003 0.015931088 -0.004930659 -0.007510823 0.999832749
1341846229.566064 0.052017573 -0.013972001 -0.014735830 0.015895993 -0.005399489 -0.005674324 0.999843001
1341846229.630063 0.047840722 -0.011815172 -0.016584842 0.019458903 -0.002330510 -0.003251558 0.999802649
1341846229.665946 0.050551791 -0.010931578 -0.017092958 0.018927481 -0.002538248 -0.002527112 0.999814451
1341846229.698150 0.058109794 -0.016984368 -0.014416320 0.019171286 -0.003404353 -0.000635059 0.999810219
1341846229.733828 0.053635582 -0.017302342 -0.017998587 0.022322591 -0.001019295 -0.000475469 0.999750197
1341846229.765937 0.047010489 -0.016203120 -0.024099421 0.022556381 0.001411973 -0.000403200 0.999744594
1341846229.798002 0.045674536 -0.015956581 -0.022696666 0.020719796 0.001518128 -0.000754314 0.999783874
1341846229.833857 0.047057994 -0.019086948 -0.019469149 0.020292563 0.001685643 -0.001148029 0.999792039
1341846229.865928 0.047177449 -0.019709714 -0.017733140 0.021753792 0.002561927 -0.001503571 0.999759018
1341846229.897926 0.044178329 -0.013725305 -0.018746508 0.022135198 0.003266842 -0.002308415 0.999746978
1341846229.939857 0.037732244 -0.007956414 -0.018961171 0.021096360 0.004471779 -0.003207481 0.999762356
1341846230.002061 0.031856909 -0.009500086 -0.020561146 0.017741270 0.006401076 -0.004232763 0.999813199
1341846230.033858 0.030962234 -0.009500735 -0.015921375 0.015148540 0.006228175 -0.005032911 0.999853253
1341846230.065938 0.034745149 -0.012549504 -0.014705182 0.014610038 0.006390446 -0.003890254 0.999865294
1341846230.103878 0.031511363 -0.010234637 -0.016143326 0.014963007 0.007819648 -0.003654050 0.999850810
1341846230.144719 0.031855255 -0.008351831 -0.015433551 0.014212598 0.007811609 -0.003633086 0.999861896
1341846230.172747 0.045089871 -0.011051888 -0.011484698 0.013758404 0.006243704 -0.000831781 0.999885559
1341846230.208544 0.045666363 -0.012719281 -0.010663189 0.014225793 0.006874992 0.000868885 0.999874890
1341846230.271971 0.043613389 -0.013581777 -0.013871690 0.013149233 0.007050322 0.000604756 0.999888599
1341846230.334051 0.045643382 -0.010692026 -0.014622916 0.017860655 0.007309074 0.002072659 0.999811649
1341846230.370031 0.042428721 -0.013599948 -0.014810940 0.019332705 0.008963251 0.000742320 0.999772668
1341846230.401932 0.046436016 -0.013078699 -0.013042327 0.021310449 0.009298533 -0.000239272 0.999729693
1341846230.437965 0.044335458 -0.013102922 -0.014227093 0.023105469 0.010150749 -0.001173787 0.999680877
1341846230.469920 0.040655702 -0.010916008 -0.017418843 0.024670897 0.011140559 -0.002573058 0.999630332
1341846230.501933 0.038866509 -0.006466307 -0.018242773 0.024931936 0.011431338 -0.003526082 0.999617636
1341846230.537834 0.048058599 -0.002456599 -0.015736366 0.025166025 0.009428976 -0.002424410 0.999635875
1341846230.569803 0.051525105 -0.017881295 -0.013836286 0.024130117 0.008681875 -0.003169846 0.999666095
1341846230.601945 0.065464757 -0.010576693 -0.016491225 0.027234729 0.005746881 -0.001624128 0.999611259
1341846230.637789 0.076899901 -0.013181997 -0.018701619 0.027696799 0.003632408 -0.000917366 0.999609411
1341846230.670057 0.093081415 -0.014051791 -0.019455528 0.026522098 0.000264912 -0.001223109 0.999647439
1341846230.705937 0.054663137 -0.009747239 -0.019108538 0.026606567 0.005534035 -0.003184370 0.999625623
1341846230.737932 0.071085662 -0.008613834 -0.017586840 0.027932735 0.002806383 -0.002103919 0.999603689
1341846230.769960 0.077358276 -0.013506473 -0.009979952 0.028251449 0.001834063 -0.001670015 0.999597847
1341846230.805852 0.058692817 -0.013603858 -0.017584044 0.028304199 0.004179659 -0.002504714 0.999587476
1341846230.837804 0.077236906 -0.006984331 -0.012504020 0.029756624 0.001002163 -0.001721200 0.999555230
1341846230.869829 0.082276568 -0.012221243 -0.015416951 0.029787997 0.000604643 -0.002930789 0.999551773
1341846230.905851 0.030738836 -0.018390838 -0.019080240 0.029041855 0.008014975 -0.003132755 0.999541163
1341846230.937917 0.051803421 -0.013887553 -0.013884408 0.029846648 0.003527980 -0.002733564 0.999544561
1341846230.973933 0.071452811 -0.019873351 -0.007318760 0.029184427 -0.000099133 -0.002490188 0.999570966
1341846231.006047 0.076723382 -0.013318546 -0.012519010 0.031737696 -0.000316700 -0.002629586 0.999492764
1341846231.037936 0.095229127 -0.011909817 -0.012180931 0.031966496 -0.004011773 -0.002242710 0.999478400
1341846231.074310 0.068079472 -0.018984849 -0.015823113 0.030648937 -0.000502250 -0.002767111 0.999526262
1341846231.106085 0.084313221 -0.021022154 -0.015864136 0.031501986 -0.003482217 -0.001783229 0.999496102
1341846231.138083 0.067650214 -0.022895055 -0.017261432 0.032470744 -0.001284250 -0.001609804 0.999470592
1341846231.174011 0.077667534 -0.023322133 -0.017753428 0.032201286 -0.003462014 -0.002144468 0.999473155
1341846231.205909 0.072458141 -0.020968981 -0.014451729 0.033509292 -0.002584745 -0.002931393 0.999430835
1341846231.241869 0.063820802 -0.020265253 -0.016177202 0.034595244 -0.000643123 -0.003980786 0.999393284
1341846231.273832 0.068474144 -0.022474090 -0.018163232 0.034514140 -0.002042918 -0.002996541 0.999397635
1341846231.305846 0.084605895 -0.014201539 -0.017950000 0.037087008 -0.004819258 -0.002322425 0.999297738
1341846231.341923 0.094443686 -0.005782404 -0.018057881 0.038112234 -0.006832393 -0.001593541 0.999248862
1341846231.410022 0.075698242 -0.020220166 -0.017871156 0.033609942 -0.004231233 -0.003785719 0.999418914
1341846231.442103 0.082026303 -0.010908092 -0.015185850 0.034998700 -0.005556965 -0.002011397 0.999369919
1341846231.484245 0.086332738 -0.008426660 -0.014879100 0.035580825 -0.007263764 -0.001181380 0.999339759
1341846231.516816 0.063748352 -0.020976925 -0.025804460 0.032302845 -0.003603079 -0.003035591 0.999467075
1341846231.547853 0.067299992 -0.014439071 -0.021730077 0.031516239 -0.003006599 -0.004304260 0.999489486
1341846231.583898 0.069955289 -0.017452583 -0.017162727 0.028087536 -0.001807850 -0.006190095 0.999584734
1341846231.615993 0.070742153 -0.022613170 -0.010660048 0.025822099 -0.000059354 -0.008836940 0.999627531
1341846231.648015 0.057937473 -0.043078445 -0.019705104 0.023908861 0.001692862 -0.011043775 0.999651730
1341846231.683822 0.065494388 -0.013651898 -0.016263098 0.033639949 -0.001268600 -0.011914948 0.999362171
1341846231.716153 0.068930425 -0.040381141 -0.015643939 0.035985049 -0.002668800 -0.010862544 0.999289751
1341846231.747846 0.053630043 -0.042034071 -0.021560296 0.039351899 -0.001876055 -0.011400453 0.999158621
1341846231.783993 0.058680590 -0.035248052 -0.022437669 0.041086011 -0.003543550 -0.011547798 0.999082625
1341846231.817027 0.056810796 -0.042045098 -0.022286536 0.039619569 -0.003153960 -0.011642421 0.999142110
1341846231.852317 0.051232055 -0.033717964 -0.025635185 0.040286109 -0.002677121 -0.011526076 0.999118209
1341846231.909867 0.063281715 -0.023151457 -0.017437121 0.038152151 -0.006833416 -0.010049250 0.999198079
1341846231.945837 0.065938003 -0.016820256 -0.009775279 0.039287642 -0.007994968 -0.008660111 0.999158502
1341846231.978027 0.074385040 -0.022641102 -0.014064140 0.038208026 -0.009687554 -0.009020118 0.999182165
1341846232.009966 0.066804588 -0.019047426 -0.018508054 0.037307061 -0.008787529 -0.009197735 0.999222875
1341846232.045845 0.068312697 -0.020526823 -0.010624060 0.036545333 -0.010250934 -0.007790578 0.999249101
1341846232.077961 0.074663565 -0.016662283 -0.012322745 0.037802048 -0.012487290 -0.006943539 0.999183118
1341846232.109864 0.066867106 -0.021163279 -0.017300835 0.037072919 -0.011397964 -0.008456546 0.999211788
1341846232.145999 0.079625249 -0.024857255 -0.018516747 0.035872590 -0.013451925 -0.008444939 0.999230146
1341846232.178314 0.083304688 -0.025083739 -0.015092333 0.035284892 -0.013793828 -0.008623056 0.999244928
1341846232.215951 0.082276016 -0.028342055 -0.015348483 0.035463676 -0.013391955 -0.007828659 0.999250650
1341846232.252037 0.066978671 -0.025282325 -0.017860599 0.037146516 -0.010561177 -0.007706553 0.999224305
1341846232.283944 0.080822147 -0.028891223 -0.014751577 0.036944248 -0.013271157 -0.005403963 0.999214590
1341846232.319867 0.084898353 -0.027039981 -0.014648312 0.036763642 -0.013701951 -0.004675954 0.999219179
1341846232.351854 0.090318210 -0.019341588 -0.015754908 0.036233500 -0.013978085 -0.006124299 0.999226868
1341846232.383877 0.087270170 -0.016264495 -0.014525427 0.035189874 -0.013377513 -0.007599849 0.999262214
1341846232.419782 0.077910565 -0.026646908 -0.011053113 0.032913715 -0.012770718 -0.008847049 0.999337494
1341846232.451780 0.082785726 -0.033518795 -0.010351398 0.033055730 -0.013871566 -0.008652369 0.999319851
1341846232.484170 0.081628546 -0.032378886 -0.009950303 0.033861794 -0.013536928 -0.009103287 0.999293447
1341846232.519889 0.075237893 -0.033791680 -0.009535598 0.034489200 -0.012753802 -0.008247408 0.999289751
1341846232.551877 0.069800392 -0.030870004 -0.009772731 0.035368115 -0.012094289 -0.008902046 0.999261558
1341846232.583846 0.069373399 -0.030105237 -0.010953185 0.037121605 -0.011540879 -0.009344485 0.999200404
1341846232.619798 0.090253904 -0.029123528 -0.011636249 0.038978662 -0.014392359 -0.007841301 0.999105632
1341846232.651799 0.070504270 -0.033503111 -0.015477131 0.039041050 -0.010999994 -0.007940060 0.999145508
1341846232.688092 0.041651245 -0.038532022 -0.013300763 0.039861899 -0.006182865 -0.007353948 0.999159038
1341846232.719804 0.005038272 -0.048893195 -0.014722943 0.040353946 0.000385261 -0.006966260 0.999161184
1341846232.751767 0.084221631 -0.026495481 -0.007319138 0.045932114 -0.011281955 -0.009155127 0.998838902
1341846232.787894 0.049856942 -0.035334922 -0.006376749 0.045980446 -0.005216516 -0.008881429 0.998889208
1341846232.819886 0.004418354 -0.037155338 -0.010749920 0.047395486 0.002829090 -0.008718260 0.998834193
1341846232.855850 0.109509483 -0.040390953 -0.011230444 0.049658578 -0.012286655 -0.011817723 0.998620808
1341846232.887989 0.065644599 -0.045335058 -0.007530853 0.050294232 -0.004444020 -0.011762138 0.998655379
1341846232.919822 0.086657524 -0.031473577 -0.009278022 0.053051893 -0.007549322 -0.012732814 0.998482049
1341846232.955993 0.037865948 -0.029957959 0.002095960 0.054373000 0.000095771 -0.011144409 0.998458564
1341846232.987965 0.103461288 -0.019852037 -0.008627386 0.055799983 -0.009233185 -0.013095350 0.998313427
1341846233.023868 0.056401055 -0.022921450 0.004527330 0.053496778 0.000410161 -0.012619486 0.998488247
1341846233.055880 0.121317066 -0.032245945 -0.011029922 0.051274978 -0.008533025 -0.013515098 0.998556733
1341846233.087872 0.073963791 -0.037469484 -0.000227514 0.049833387 -0.000400613 -0.014021695 0.998659015
1341846233.124060 0.060451966 -0.030225748 -0.005915210 0.051207941 0.000003382 -0.014700199 0.998579860
1341846233.155902 0.016586218 -0.034164093 -0.000306709 0.052483447 0.005578542 -0.013928148 0.998509109
1341846233.218177 0.091204941 -0.030222435 -0.011234350 0.057483364 -0.006648326 -0.017480120 0.998171270
1341846233.249926 0.051731966 -0.032600489 -0.003798948 0.055930510 -0.000398170 -0.020027256 0.998233736
1341846233.286015 0.093262412 -0.026341289 -0.006654259 0.055884678 -0.006599952 -0.020229694 0.998210430
1341846233.317870 0.062990911 -0.025107272 0.005337469 0.056804493 -0.000694918 -0.020126350 0.998182237
1341846233.349815 0.086299613 -0.033775058 -0.007277826 0.056201342 -0.004045923 -0.019712573 0.998216629
1341846233.385857 0.065456234 -0.033497564 0.000888274 0.056702033 -0.001485894 -0.018124238 0.998225510
1341846233.417990 0.134649336 -0.024683449 -0.016127184 0.057907585 -0.013153506 -0.017634304 0.998079538
1341846233.453822 0.079223268 -0.041426133 -0.007608679 0.055734858 -0.004992359 -0.017773533 0.998274982
1341846233.485912 0.079571404 -0.032910347 -0.030070828 0.057964619 -0.007279376 -0.016292689 0.998159170
1341846233.517954 0.126008242 -0.018113116 -0.038616203 0.060393311 -0.015457999 -0.017434413 0.997902691
1341846233.553882 0.129488885 -0.029928302 -0.033804320 0.058422480 -0.017249282 -0.017781606 0.997984529
1341846233.585968 0.094346054 -0.041429229 -0.003377075 0.058103468 -0.011003533 -0.019929804 0.998050988
1341846233.621898 0.090816632 -0.033155233 -0.014163028 0.060506471 -0.010717953 -0.019216400 0.997925282
1341846233.654396 0.095446959 -0.027236646 -0.014519701 0.061224986 -0.010458251 -0.019536296 0.997877955
1341846233.685848 0.103104003 -0.031847592 -0.015385605 0.059635662 -0.010721605 -0.020411184 0.997953951
1341846233.721879 0.114345305 -0.024627263 -0.015108675 0.060182892 -0.012099591 -0.019917235 0.997915328
1341846233.753961 0.088036478 -0.039604779 -0.008371356 0.057446640 -0.006869909 -0.021274438 0.998098254
1341846233.822009 0.111010492 -0.041512754 -0.011014247 0.055533119 -0.009472639 -0.018858775 0.998233795
1341846233.853971 0.113286771 -0.041001897 -0.009801379 0.054627288 -0.009770157 -0.018515445 0.998287380
1341846233.889920 0.113978468 -0.042886358 -0.010497814 0.053637341 -0.010153253 -0.018952455 0.998329043
1341846233.922045 0.117373765 -0.037928034 -0.009645761 0.053629100 -0.011240994 -0.019585760 0.998305559
1341846233.953967 0.090857156 -0.039532028 -0.005142841 0.053011883 -0.007820464 -0.019916540 0.998364687
1341846233.989945 0.088435702 -0.037144691 -0.008686115 0.052797593 -0.008592861 -0.019139534 0.998384833
1341846234.021936 0.088393100 -0.035029791 -0.009863710 0.052130580 -0.009239694 -0.019416060 0.998408794
1341846234.053904 0.088131271 -0.037878852 -0.006467070 0.051250640 -0.009089213 -0.019901661 0.998446167
1341846234.089899 0.093915693 -0.035317171 -0.007341855 0.051638622 -0.009340575 -0.020567100 0.998410344
1341846234.158063 0.093761064 -0.035910372 -0.002169511 0.051164813 -0.009091098 -0.020389123 0.998440742
1341846234.189961 0.093156382 -0.034168877 -0.002205170 0.052416250 -0.008765016 -0.019899078 0.998388588
1341846234.222130 0.096415132 -0.025722882 -0.001933125 0.053594761 -0.008574915 -0.019928094 0.998327136
1341846234.257875 0.094236679 -0.031666879 -0.005351668 0.051206309 -0.007868996 -0.019879328 0.998459280
1341846234.289820 0.094700105 -0.034237307 -0.001055252 0.050498907 -0.007251548 -0.019634269 0.998504817
1341846234.321998 0.096986666 -0.036720075 0.000821727 0.051165424 -0.006843678 -0.020501439 0.998456359
1341846234.357904 0.093053915 -0.030103087 0.000597747 0.052663583 -0.006205888 -0.021567998 0.998360157
1341846234.389919 0.090530463 -0.036560610 -0.000070591 0.052160259 -0.006568557 -0.020791415 0.998400688
1341846234.425915 0.096532293 -0.035849672 0.002945448 0.053391811 -0.008354836 -0.019556856 0.998347223
1341846234.457800 0.092900649 -0.030585138 -0.002555306 0.053973522 -0.007919345 -0.019544356 0.998319685
1341846234.490016 0.091633201 -0.029868683 -0.003195171 0.051207948 -0.008176706 -0.019582435 0.998462558
1341846234.525867 0.092508823 -0.034255408 0.000163555 0.049590338 -0.008402473 -0.019076789 0.998552144
1341846234.557961 0.094069421 -0.032119293 -0.002112836 0.049571592 -0.008641512 -0.018430177 0.998563170
1341846234.593900 0.092954166 -0.020452602 -0.001584125 0.049815394 -0.009196468 -0.016933417 0.998572588
1341846234.658173 0.084345438 -0.028926248 -0.000176655 0.047528323 -0.009943857 -0.014595393 0.998713791
1341846234.694104 0.091421403 -0.029894695 -0.000683954 0.047094934 -0.012237489 -0.014516518 0.998709977
1341846234.725911 0.079317868 -0.039747618 0.000582203 0.045618031 -0.011894472 -0.013194295 0.998800993
1341846234.758643 0.085799403 -0.038286965 0.001403848 0.046755534 -0.013587199 -0.012654761 0.998733819
1341846234.793907 0.087957688 -0.032819953 0.000206401 0.047027823 -0.013871718 -0.013388578 0.998707533
1341846234.826106 0.087267011 -0.034624543 0.000657884 0.045873750 -0.013685956 -0.013595188 0.998761058
1341846234.862270 0.089893989 -0.037788216 0.004689675 0.045498416 -0.014456701 -0.013023994 0.998774946
1341846234.893971 0.085812591 -0.033243407 0.003885073 0.047382362 -0.014317513 -0.012936850 0.998690426
1341846234.926031 0.093457431 -0.036768645 0.004802276 0.047462080 -0.015777295 -0.013575702 0.998656213
1341846234.961979 0.085430712 -0.032061975 0.003297655 0.048843101 -0.014331763 -0.014709118 0.998595357
1341846234.994016 0.086871587 -0.031517778 0.000912904 0.049388193 -0.015117542 -0.014856438 0.998554766
1341846235.026311 0.082067527 -0.030654853 -0.001557856 0.048277963 -0.015068760 -0.015858522 0.998594344
1341846235.061915 0.082062855 -0.027787123 -0.002316803 0.047160067 -0.014902501 -0.016507678 0.998639822
1341846235.094075 0.080117881 -0.031099485 0.001230895 0.045798443 -0.014422449 -0.016481578 0.998710573
1341846235.130068 0.079455607 -0.031616524 0.002428183 0.046226401 -0.014893907 -0.015705124 0.998696506
1341846235.162449 0.084029898 -0.030979434 0.003500530 0.047352444 -0.017018085 -0.014635843 0.998626053
1341846235.193917 0.083202317 -0.039263222 0.003543173 0.046654031 -0.017411975 -0.014572850 0.998653054
1341846235.229939 0.086206600 -0.034725558 0.003530310 0.048606828 -0.017302778 -0.015548057 0.998547077
1341846235.261811 0.083772317 -0.035982557 0.001356369 0.048564367 -0.017101901 -0.016035568 0.998544931
1341846235.294134 0.086804621 -0.034135766 0.002558637 0.049741030 -0.017838424 -0.016619548 0.998464584
1341846235.329890 0.085287206 -0.033558562 -0.001424183 0.049941469 -0.017605901 -0.017710470 0.998439908
1341846235.361974 0.115328535 -0.014197228 0.001563410 0.051343661 -0.021811897 -0.018630134 0.998269022
1341846235.398097 0.102779962 -0.019150525 0.004143656 0.048226841 -0.019654853 -0.020456396 0.998433471
1341846235.462163 0.116423436 -0.025465129 0.006470665 0.047467478 -0.022267396 -0.020295234 0.998418331
1341846235.498142 0.108417429 -0.013439521 0.005586778 0.048505183 -0.020625426 -0.022242054 0.998362303
1341846235.529989 0.111863084 -0.015464013 0.007296716 0.047417030 -0.021450812 -0.023304086 0.998372912
1341846235.561921 0.116453782 -0.021274412 0.007368437 0.047676228 -0.022738049 -0.023496760 0.998327613
1341846235.597951 0.116205722 -0.014663724 0.004911940 0.049130648 -0.022840012 -0.023841174 0.998246551
1341846235.630160 0.112752430 -0.015601566 0.004863222 0.047873139 -0.022609867 -0.024499413 0.998296916
1341846235.667679 0.114128813 -0.019668071 0.008970508 0.047956612 -0.023509435 -0.023563623 0.998294711
1341846235.705783 0.113683395 -0.022427440 0.006743699 0.048875302 -0.023585940 -0.024404481 0.998228133
1341846235.730392 0.112793043 -0.020292817 0.006536452 0.049493138 -0.023368539 -0.025113633 0.998185217
1341846235.766032 0.112984627 -0.019988231 0.010081509 0.050825432 -0.023450436 -0.025704764 0.998101294
1341846235.797942 0.116225712 -0.015609179 0.007628143 0.052601770 -0.024441006 -0.025555877 0.997989357
1341846235.833964 0.112852357 -0.018320750 0.007072437 0.052518163 -0.023686644 -0.025787119 0.998005927
1341846235.866037 0.115206033 -0.014946163 0.005466124 0.053229578 -0.024025865 -0.024788421 0.997985423
1341846235.898007 0.116058990 -0.021836534 0.007266524 0.052382603 -0.023991551 -0.023584522 0.998060286
1341846235.934106 0.117113568 -0.025861848 0.010537530 0.053569999 -0.023529444 -0.022647403 0.998029947
1341846235.965921 0.117246099 -0.020251473 0.005672274 0.055559441 -0.022523871 -0.022293964 0.997952402
1341846235.997897 0.121744998 -0.017877683 0.004313257 0.055497169 -0.022434844 -0.022155140 0.997960925
1341846236.034072 0.084380358 -0.038064949 -0.000217093 0.052405331 -0.015455983 -0.022369493 0.998255730
1341846236.065823 0.085794203 -0.032609854 -0.000486497 0.054779656 -0.015274638 -0.021785554 0.998143911
1341846236.101989 0.117105320 -0.011535388 0.002696056 0.057388842 -0.020290647 -0.022024598 0.997902691
1341846236.134258 0.117588915 -0.019930059 0.003836273 0.055294298 -0.020510629 -0.021533487 0.998027205
1341846236.166269 0.120306581 -0.018324783 0.005868391 0.056325119 -0.021009797 -0.021099450 0.997968435
1341846236.202022 0.123830907 -0.012772706 0.001541587 0.056501579 -0.021007679 -0.021958528 0.997939944
1341846236.233893 0.116149321 -0.018728960 0.000894159 0.053607397 -0.019618463 -0.022259708 0.998121202
1341846236.265924 0.119516440 -0.018070938 0.004182052 0.053597935 -0.019996045 -0.020761477 0.998146534
1341846236.302018 0.121332049 -0.019715024 0.004585363 0.053757515 -0.020128867 -0.020141406 0.998147905
1341846236.333756 0.119617268 -0.018078521 0.003340137 0.054051869 -0.019574752 -0.020940958 0.998126626
1341846236.369949 0.120838650 -0.021455131 0.002142688 0.053042609 -0.019242680 -0.021435067 0.998176754
1341846236.401964 0.122127391 -0.021847703 0.002577709 0.052901585 -0.018750617 -0.021423027 0.998193860
1341846236.433828 0.086423986 -0.033777520 -0.005292469 0.051125426 -0.012762607 -0.022477733 0.998357713
1341846236.469948 0.082359977 -0.037967734 -0.003757837 0.051155392 -0.011808125 -0.023114739 0.998353362
1341846236.501946 0.091928042 -0.032113004 -0.005642908 0.052789852 -0.012621195 -0.022406993 0.998274505
1341846236.534764 0.083588660 -0.029851878 -0.007247207 0.051991813 -0.010660858 -0.021408005 0.998361170
1341846236.569956 0.082721218 -0.039304178 -0.005199068 0.050079200 -0.009918822 -0.019308718 0.998509347
1341846236.601901 0.084871016 -0.036624037 -0.004928320 0.051448874 -0.009896315 -0.018163670 0.998461425
1341846236.637896 0.085963696 -0.032401454 -0.009539672 0.051026661 -0.009310182 -0.019037616 0.998472452
1341846236.669818 0.084529959 -0.030993955 -0.010049191 0.049163949 -0.007958055 -0.020340459 0.998551905
1341846236.702100 0.122321390 -0.033161364 0.002302772 0.049023453 -0.012809464 -0.020300128 0.998509169
1341846236.738521 0.089148939 -0.079682760 -0.003773615 0.046523821 -0.007186899 -0.019438196 0.998702168
1341846236.769905 0.082835391 -0.085153960 -0.009515388 0.054640725 -0.007469994 -0.015132014 0.998363554
1341846236.805999 0.090122618 -0.077214643 -0.013049389 0.058063366 -0.009642660 -0.014592411 0.998159707
1341846236.844067 0.082155593 -0.048241775 -0.008859462 0.062173240 -0.007994599 -0.016742418 0.997892976
1341846236.876573 0.098580420 -0.031682771 -0.008804481 0.063743353 -0.010272915 -0.018139539 0.997748613
1341846236.911899 0.091920339 -0.035372060 -0.008939278 0.060101688 -0.009221568 -0.019799279 0.997953296
1341846236.944484 0.085614949 -0.061270136 -0.007467699 0.056075394 -0.008669971 -0.019107599 0.998206079
1341846236.975811 0.086694039 -0.057729486 -0.008249951 0.058458772 -0.008871867 -0.017754108 0.998092532
1341846237.011848 0.094257973 -0.047786530 -0.007948920 0.059262909 -0.009333954 -0.018294662 0.998031139
1341846237.043850 0.088531248 -0.052295368 -0.009182804 0.057951663 -0.007208852 -0.019341106 0.998106062
1341846237.075882 0.081179090 -0.055623878 -0.006657953 0.058071565 -0.006368598 -0.017544545 0.998138011
1341846237.111887 0.084036328 -0.065810375 -0.007939054 0.059270374 -0.007954951 -0.015771771 0.998085737
1341846237.143863 0.098431706 -0.056235004 -0.007647200 0.063009344 -0.010635885 -0.015030951 0.997843087
1341846237.175838 0.113028899 -0.042157236 -0.008032323 0.064864337 -0.013205362 -0.014586572 0.997700095
1341846237.211847 0.111152709 -0.040202595 -0.009564968 0.063201003 -0.012546101 -0.014323997 0.997819126
1341846237.243895 0.108439349 -0.052919172 -0.007817606 0.062235560 -0.010992657 -0.014577497 0.997894526
1341846237.280228 0.105996616 -0.040783647 -0.006473873 0.065161556 -0.010518351 -0.012825815 0.997736871
1341846237.312079 0.114193417 -0.040112961 -0.004524191 0.064747512 -0.012705010 -0.011857347 0.997750342
1341846237.343828 0.107983485 -0.053612027 -0.006221398 0.063148066 -0.011667853 -0.011991814 0.997863889
1341846237.379983 0.113462441 -0.049473070 -0.008576473 0.063272893 -0.012156888 -0.011291449 0.997858405
1341846237.411962 0.111696057 -0.042594641 -0.008537178 0.062817715 -0.011966999 -0.011240728 0.997889996
1341846237.443790 0.116828099 -0.045103658 -0.007974877 0.060697660 -0.012821372 -0.012918383 0.997990251
1341846237.479911 0.115767159 -0.045917518 -0.008685101 0.059303913 -0.011659509 -0.015333431 0.998054087
1341846237.511862 0.110272877 -0.044464137 -0.008247731 0.058119904 -0.011039071 -0.015780281 0.998123884
1341846237.547914 0.111180417 -0.040254477 -0.007021090 0.057394240 -0.013018723 -0.014643311 0.998159349
1341846237.579956 0.086097419 -0.048432231 -0.010674622 0.054915469 -0.009871654 -0.014418333 0.998338163
1341846237.611852 0.085634649 -0.046496298 -0.010335066 0.054711539 -0.010189825 -0.013945416 0.998352826
1341846237.647976 0.086585931 -0.045311637 -0.009467766 0.054384273 -0.010769548 -0.013849485 0.998365998
1341846237.680417 0.086801872 -0.049639441 -0.010495091 0.053380400 -0.011486152 -0.013112191 0.998422086
1341846237.711902 0.086223252 -0.049519069 -0.007258344 0.053867061 -0.012348961 -0.011804558 0.998401999
1341846237.747860 0.084592402 -0.050354958 -0.008030877 0.055224661 -0.012404639 -0.012283293 0.998321414
1341846237.779848 0.084406666 -0.042683963 -0.009838765 0.056867618 -0.012768340 -0.012168528 0.998225927
1341846237.815934 0.083525866 -0.037296314 -0.012873062 0.056535859 -0.013528781 -0.011065369 0.998247623
1341846237.847966 0.108104408 -0.039302509 -0.006797172 0.055325881 -0.018677328 -0.009810090 0.998245478
1341846237.879781 0.087390415 -0.037905671 -0.011547285 0.054552741 -0.015534180 -0.010574829 0.998334050
1341846237.916026 0.086975336 -0.037389986 -0.012656566 0.053497527 -0.015895471 -0.010789297 0.998383224
1341846237.978064 0.089475475 -0.038804032 -0.011607395 0.052555420 -0.016374428 -0.010676565 0.998426676
1341846238.010069 0.084642798 -0.036949880 -0.013336394 0.051934320 -0.015553397 -0.011386243 0.998464465
1341846238.045995 0.117823794 -0.015729196 -0.006471446 0.053959541 -0.021063663 -0.009999469 0.998270869
1341846238.077963 0.084149860 -0.036117550 -0.010509058 0.049705066 -0.015649145 -0.011366788 0.998576641
1341846238.109791 0.085356899 -0.036543325 -0.007956552 0.049661823 -0.015860487 -0.011473847 0.998574257
1341846238.145837 0.085056819 -0.048212960 -0.008642385 0.049110997 -0.015421875 -0.011783200 0.998604774
1341846238.177943 0.120354272 -0.019339060 -0.004764730 0.054316398 -0.020404408 -0.011762196 0.998246014
1341846238.209943 0.116986066 -0.016437773 -0.004309303 0.052917428 -0.019773761 -0.013046080 0.998317897
1341846238.246227 0.118629284 -0.021526910 -0.002863107 0.051733933 -0.019939819 -0.012600733 0.998382330
1341846238.278227 0.119033724 -0.023532912 -0.002434037 0.052026920 -0.019892015 -0.012438723 0.998370051
1341846238.345918 0.122313254 -0.022977045 -0.003128482 0.051766526 -0.019357316 -0.015154456 0.998356581
1341846238.377978 0.083574496 -0.041216604 -0.007019073 0.049869910 -0.013480451 -0.015251121 0.998548329
1341846238.413879 0.081702650 -0.042637136 -0.006902285 0.050795231 -0.013899413 -0.015236520 0.998496175
1341846238.445979 0.084608741 -0.038124964 -0.010411589 0.051723298 -0.014392188 -0.016185971 0.998426616
1341846238.478188 0.091467656 -0.044256579 -0.009805200 0.050348375 -0.015199332 -0.017140217 0.998468995
1341846238.515328 0.084547386 -0.045092598 -0.007479933 0.050655793 -0.014174413 -0.017232744 0.998466909
1341846238.545906 0.087051563 -0.044501912 -0.006721016 0.051808815 -0.015292831 -0.017093798 0.998393595
1341846238.587827 0.084616840 -0.043160580 -0.008563288 0.052684121 -0.014564876 -0.018038424 0.998342097
1341846238.645944 0.087639123 -0.036560077 -0.009588731 0.052146897 -0.014249415 -0.017950876 0.998376429
1341846238.681933 0.089340709 -0.045748256 -0.008048332 0.050080955 -0.014736093 -0.017418928 0.998484552
1341846238.713917 0.088322185 -0.046465252 -0.006240179 0.050778456 -0.014664371 -0.016589280 0.998464525
1341846238.745925 0.084647857 -0.046125129 -0.008706339 0.051532425 -0.014127117 -0.015989760 0.998443365
1341846238.781932 0.082427137 -0.040045343 -0.010600961 0.051380433 -0.014169610 -0.015974177 0.998450935
1341846238.813869 0.091444112 -0.042070527 -0.010636580 0.050102133 -0.015119839 -0.017264752 0.998480439
1341846238.849931 0.088136226 -0.044078480 -0.008488364 0.048614606 -0.014170657 -0.017343368 0.998566568
1341846238.881927 0.084233820 -0.048831511 -0.006779316 0.048411030 -0.014605584 -0.016383965 0.998586357
1341846238.914000 0.079094604 -0.055962436 -0.005474938 0.049510166 -0.015700644 -0.013833676 0.998554468
1341846238.949903 0.078795299 -0.055780508 -0.003178004 0.053159475 -0.017091922 -0.012581095 0.998360515
1341846239.017941 0.080999099 -0.051531702 -0.008919864 0.056348436 -0.017022491 -0.016580494 0.998128414
1341846239.050041 0.084808163 -0.049244966 -0.009011353 0.056827080 -0.017127460 -0.017825464 0.998077989
1341846239.081902 0.085796721 -0.047783080 -0.007773559 0.057550564 -0.017478289 -0.018711558 0.998014212
1341846239.117866 0.085741706 -0.046703182 -0.006173206 0.058408953 -0.017240822 -0.020173158 0.997940004
1341846239.149976 0.087036446 -0.041414395 -0.005890495 0.059651509 -0.016759854 -0.020663226 0.997864723
1341846239.181897 0.090142027 -0.036301944 -0.010502794 0.059621222 -0.017056340 -0.020067770 0.997873604
1341846239.217929 0.085775860 -0.040123072 -0.010370431 0.057267219 -0.016671238 -0.020428628 0.998010695
1341846239.250009 0.084869392 -0.044802312 -0.008642255 0.055223316 -0.015975235 -0.020962328 0.998126149
1341846239.285917 0.086799420 -0.035213005 -0.005497937 0.055899817 -0.015522606 -0.020857520 0.998097837
1341846239.318442 0.087651178 -0.035255760 -0.008405374 0.054687236 -0.015027214 -0.020518003 0.998179555
1341846239.349930 0.086639687 -0.034602880 -0.006652248 0.053350270 -0.014510625 -0.020161700 0.998266876
1341846239.386011 0.091191396 -0.040173758 -0.005199721 0.052459173 -0.014703174 -0.018870292 0.998336554
1341846239.417983 0.088162385 -0.037822027 -0.006106491 0.053038768 -0.014352338 -0.018721212 0.998313844
1341846239.450112 0.086479329 -0.035346691 -0.008033864 0.052717116 -0.013991065 -0.019041372 0.998329937
1341846239.485973 0.085525036 -0.035325784 -0.007385124 0.051581446 -0.013617400 -0.018631808 0.998402119
1341846239.517913 0.089831360 -0.037967142 -0.008156850 0.050003350 -0.013909373 -0.017707823 0.998495221
1341846239.553979 0.118867487 -0.014700551 -0.001464371 0.052908279 -0.018607719 -0.016333347 0.998292387
1341846239.585911 0.086257413 -0.037012950 -0.006812139 0.048356961 -0.013298794 -0.016552884 0.998604476
1341846239.617967 0.085894726 -0.038951281 -0.004886794 0.048188906 -0.013071624 -0.015807878 0.998627603
1341846239.653941 0.117689557 -0.019557437 0.001642107 0.052310664 -0.018425010 -0.013577433 0.998368561
1341846239.685852 0.086895600 -0.039179754 -0.007431994 0.049235888 -0.013602351 -0.014911198 0.998583257
1341846239.717923 0.083781458 -0.034411594 -0.005991051 0.049655091 -0.013595344 -0.014088198 0.998574555
1341846239.753857 0.084104560 -0.039019763 -0.006061514 0.048973054 -0.013638546 -0.014117769 0.998607159
1341846239.785918 0.084545814 -0.033627287 -0.007874201 0.049238611 -0.013873199 -0.013725154 0.998596430
1341846239.821950 0.086478546 -0.036030043 -0.003278633 0.048547968 -0.014793873 -0.013494289 0.998620152
1341846239.854023 0.079807043 -0.039353080 -0.004800104 0.049306240 -0.013952601 -0.013048119 0.998601019
1341846239.891801 0.087096974 -0.032975852 -0.006605429 0.049981166 -0.015271463 -0.013993918 0.998535395
1341846239.953963 0.110220455 -0.020223424 0.003819653 0.051434621 -0.018865634 -0.013657594 0.998404801
1341846239.985997 0.113386579 -0.016304383 0.000900552 0.052621510 -0.019805107 -0.013644357 0.998324871
1341846240.022055 0.088389330 -0.038965911 -0.006024506 0.048944417 -0.016194837 -0.016276581 0.998537600
1341846240.053998 0.080638535 -0.040706251 -0.001743952 0.049307074 -0.014550441 -0.017056722 0.998532057
1341846240.089841 0.105561621 -0.036303923 0.003216401 0.051375400 -0.018834956 -0.016095957 0.998372078
1341846240.121795 0.138926685 -0.036841571 -0.002587011 0.051850077 -0.024574134 -0.016465612 0.998216689
1341846240.159862 0.174562573 -0.037375335 -0.000268247 0.053471431 -0.029603537 -0.018485131 0.997959316
1341846240.195884 0.204372421 -0.037022881 -0.004537515 0.054397583 -0.033602633 -0.019369483 0.997765839
1341846240.227927 0.103383765 -0.035470188 -0.001817144 0.054492995 -0.018344792 -0.017893156 0.998185277
1341846240.290031 0.107731052 -0.036591381 0.000588604 0.055663984 -0.019512404 -0.016872764 0.998116255
1341846240.322206 0.136539012 -0.037739243 -0.007547427 0.055014674 -0.024216661 -0.017137319 0.998044729
1341846240.357948 0.178288952 -0.033936895 -0.006808827 0.054900184 -0.030864764 -0.018527061 0.997842729
1341846240.422212 0.082449436 -0.033112545 0.005984191 0.057349321 -0.016876075 -0.017196337 0.998063385
1341846240.458143 0.273331344 -0.031388536 0.004103233 0.058268126 -0.045819283 -0.022332452 0.996998847
1341846240.490243 0.123731904 -0.037770819 -0.006163870 0.056396827 -0.023971839 -0.017545149 0.997966409
1341846240.525976 0.154555500 -0.041043956 -0.005866075 0.056461431 -0.029179426 -0.018870048 0.997799933
1341846240.557894 0.095958114 -0.037948411 -0.001050093 0.058222964 -0.020550935 -0.019566171 0.997900248
1341846240.590418 0.094199389 -0.038042065 -0.001216021 0.058552977 -0.020580467 -0.020108286 0.997869551
1341846240.626172 0.117004551 -0.039743815 -0.004896021 0.058458392 -0.024398698 -0.019738402 0.997796476
1341846240.657964 0.105762430 -0.037607424 -0.000970932 0.059163444 -0.023388948 -0.019949012 0.997774899
1341846240.689825 0.144191891 -0.031115105 0.002937220 0.061510060 -0.029247876 -0.022083154 0.997433424
1341846240.725903 0.025281409 -0.036636315 0.005215606 0.060282145 -0.012510332 -0.020040791 0.997901738
1341846240.757973 0.253007501 -0.030731561 0.008652955 0.062126454 -0.046223536 -0.024075188 0.996706665
1341846240.794024 0.076002829 -0.037398577 0.002393541 0.061536986 -0.020169662 -0.020358626 0.997693300
1341846240.826068 0.105578862 -0.035498232 -0.001965786 0.062652685 -0.024845194 -0.020849636 0.997508228
1341846240.858147 0.119820714 -0.035443343 -0.006139309 0.061975028 -0.025911354 -0.021262029 0.997514725
1341846240.894038 0.149247631 -0.039557103 -0.006441872 0.060258590 -0.030632863 -0.020715730 0.997497618
1341846240.925975 0.153695256 -0.038810145 -0.008535279 0.059986062 -0.030633448 -0.020873984 0.997510672
1341846240.958080 0.183540285 -0.036014769 -0.008410172 0.060157202 -0.035754029 -0.020969849 0.997327983
1341846240.994099 0.160833791 -0.040638119 -0.010750901 0.058959376 -0.031622477 -0.021284627 0.997532368
1341846241.026041 0.177920491 -0.038647089 -0.008991409 0.060280249 -0.034441173 -0.020933311 0.997367501
1341846241.062449 0.189387158 -0.035191510 -0.007452358 0.061586395 -0.035856728 -0.021554133 0.997224629
1341846241.094372 0.197374225 -0.025482245 -0.012856825 0.061998066 -0.036451828 -0.023288546 0.997138500
1341846241.126068 0.222522497 -0.021273911 -0.001261811 0.062648743 -0.040485553 -0.024945429 0.996902168
1341846241.167863 0.229326189 -0.023064910 -0.016788771 0.062973678 -0.041616790 -0.022901136 0.996884108
1341846241.230127 0.253258854 -0.014672045 -0.030084630 0.063706532 -0.045300763 -0.025052637 0.996625125
1341846241.261868 0.268293351 -0.012849489 -0.041190557 0.064239167 -0.048087269 -0.025687417 0.996444285
1341846241.295211 0.280194670 -0.010491343 -0.052086890 0.064526029 -0.050388131 -0.026778148 0.996283293
1341846241.329804 0.284545094 -0.009664558 -0.048721038 0.064620771 -0.051378306 -0.026592098 0.996231556
1341846241.362000 0.300284773 -0.018224379 -0.021904267 0.064119212 -0.051354278 -0.027102869 0.996251404
1341846241.394012 0.314831883 -0.012796640 -0.033907034 0.064822443 -0.053903066 -0.027389087 0.996063471
1341846241.430126 0.334191203 -0.006458554 -0.045115925 0.065619662 -0.057971478 -0.027312754 0.995784819
1341846241.462018 0.331234992 -0.008931339 -0.023759689 0.065991707 -0.056053434 -0.027737299 0.995858312
1341846241.497907 0.353379607 0.001489230 -0.047545746 0.067428634 -0.061506502 -0.026823400 0.995465159
1341846241.529930 0.328320473 -0.013920743 -0.025340803 0.065033838 -0.055415079 -0.027933763 0.995951533
1341846241.562493 0.327102989 -0.012430524 -0.025072826 0.064889953 -0.055410229 -0.027984880 0.995959759
1341846241.598412 0.329606712 -0.013463681 -0.020631939 0.065149494 -0.055827711 -0.027526367 0.995932281
1341846241.629998 0.296725154 -0.003454902 -0.012130489 0.066593014 -0.049356706 -0.029488044 0.996122420
1341846241.662234 0.261480361 -0.020333759 -0.015398388 0.063704580 -0.045403585 -0.028076198 0.996540010
1341846241.698098 0.228362292 -0.024509382 -0.009143094 0.062887788 -0.039823499 -0.028783470 0.996810317
1341846241.729805 0.187111750 -0.026983663 -0.005921295 0.062090084 -0.033853721 -0.028794948 0.997080564
1341846241.765805 0.146332413 -0.029525897 -0.006139264 0.061563462 -0.028404387 -0.028191909 0.997300565
1341846241.797970 0.098393016 -0.028922414 -0.007868304 0.061892606 -0.022090275 -0.027121440 0.997469723
1341846241.830240 0.072719611 -0.024367720 -0.006940731 0.062748812 -0.018603826 -0.026767857 0.997496843
1341846241.865867 0.144212082 -0.037362296 -0.009231519 0.060933489 -0.028281137 -0.027749818 0.997355163
1341846241.898156 0.096458487 -0.031478386 -0.006759068 0.061780792 -0.021984184 -0.027079884 0.997480094
1341846241.929917 0.069380924 -0.023844546 -0.004352790 0.063555829 -0.018003047 -0.027223030 0.997444451
1341846241.965882 0.090259418 -0.022117661 -0.008017318 0.063460544 -0.020762872 -0.027569098 0.997387409
1341846241.998017 0.084861405 -0.028852619 -0.006933681 0.062220760 -0.020172721 -0.027522828 0.997478902
1341846242.034019 0.078779906 -0.025343601 -0.006866754 0.063145295 -0.019417403 -0.026766116 0.997456372
1341846242.066365 0.090718403 -0.032089837 -0.003976302 0.062770911 -0.021045698 -0.027346816 0.997431219
1341846242.097916 0.086913630 -0.033446446 -0.002866711 0.063814566 -0.020507639 -0.027230743 0.997379422
1341846242.133980 0.091152735 -0.035572417 -0.005719258 0.064174823 -0.021066461 -0.026323019 0.997368991
1341846242.165895 0.093847580 -0.033587925 -0.007011730 0.065011822 -0.021199351 -0.026526891 0.997306585
1341846242.197924 0.090553164 -0.034641262 -0.006800302 0.065214120 -0.020604512 -0.027620273 0.997276187
1341846242.234487 0.098698005 -0.038728092 -0.009430717 0.065590821 -0.021798821 -0.027066026 0.997241259
1341846242.269588 0.099135309 -0.033953197 -0.009234386 0.067377023 -0.021659868 -0.027032394 0.997126102
1341846242.301972 0.098796584 -0.033650056 -0.011309274 0.066832490 -0.021371925 -0.027608631 0.997153163
1341846242.333996 0.100850284 -0.035714008 -0.006296652 0.066744164 -0.021484047 -0.027437029 0.997161388
1341846242.366000 0.095186539 -0.033736046 -0.008512270 0.067871191 -0.020637020 -0.026871508 0.997118652
1341846242.401903 0.097655274 -0.034507520 -0.011078673 0.067715399 -0.021102184 -0.027088316 0.997113585
1341846242.433933 0.101084612 -0.036618959 -0.008554060 0.067528881 -0.021464901 -0.027678950 0.997102320
1341846242.469883 0.099246234 -0.036896300 -0.008314533 0.068603382 -0.020876111 -0.027418582 0.997048676
1341846242.501972 0.095412858 -0.035741605 -0.011805992 0.069191061 -0.020319747 -0.027832028 0.997008085
1341846242.534063 0.099909611 -0.035003666 -0.012525614 0.068638943 -0.021092020 -0.028501583 0.997011304
1341846242.569931 0.102292843 -0.037027616 -0.011532963 0.068123676 -0.021091381 -0.028867049 0.997036159
1341846242.602000 0.098050646 -0.034787908 -0.011681418 0.068560958 -0.020267596 -0.028365998 0.997037590
1341846242.634077 0.098234259 -0.034199353 -0.012948265 0.067813188 -0.020379536 -0.028436715 0.997084439
1341846242.670215 0.102129176 -0.034483761 -0.011212889 0.067194134 -0.020859340 -0.028195014 0.997123301
1341846242.701929 0.097405195 -0.033313595 -0.013309129 0.067034729 -0.020029465 -0.028294135 0.997148275
1341846242.737996 0.097450212 -0.033837657 -0.013098899 0.066569664 -0.020477159 -0.028385593 0.997167706
1341846242.769937 0.098257363 -0.034748159 -0.012475414 0.067020662 -0.020932488 -0.028502116 0.997124732
1341846242.808080 0.109227031 -0.036216758 -0.013305732 0.067189381 -0.022364331 -0.029396409 0.997056365
1341846242.869936 0.095010221 -0.032782968 -0.015358492 0.066281006 -0.020583380 -0.029894067 0.997140706
1341846242.902131 0.103063703 -0.038761973 -0.014993722 0.065570638 -0.021590557 -0.030086037 0.997160554
1341846242.938061 0.139050320 -0.052271266 -0.017261555 0.063714311 -0.027344489 -0.031482816 0.997096598
1341846242.969969 0.100578576 -0.036179535 -0.013672501 0.067037322 -0.022038795 -0.030465355 0.997041702
1341846243.005810 0.102152169 -0.031383809 -0.015604735 0.068412155 -0.022486834 -0.030556606 0.996935546
1341846243.038095 0.098245256 -0.034476422 -0.016706914 0.067699738 -0.022517096 -0.029850787 0.997004867
1341846243.070041 0.101898156 -0.031649686 -0.017065359 0.067199856 -0.023314632 -0.030265929 0.997007847
1341846243.106059 0.101988897 -0.035831921 -0.015219906 0.065589502 -0.023498138 -0.030977417 0.997088909
1341846243.137899 0.098445088 -0.036582399 -0.016747344 0.065669842 -0.022647919 -0.030634470 0.997113883
1341846243.169985 0.105635881 -0.034767345 -0.015514430 0.066137061 -0.023783211 -0.030432401 0.997062743
1341846243.206007 0.102695383 -0.035070598 -0.018406084 0.065906405 -0.023349497 -0.030879548 0.997074544
1341846243.237999 0.105122231 -0.031462710 -0.017906850 0.065538548 -0.023150720 -0.031458519 0.997085333
1341846243.274026 0.105122268 -0.035053790 -0.015736431 0.064879686 -0.022651574 -0.032270603 0.997113943
1341846243.305879 0.101015441 -0.042638715 -0.018259106 0.064369254 -0.022143815 -0.032323975 0.997156680
1341846243.338022 0.107481010 -0.039908104 -0.018491376 0.065726601 -0.023056272 -0.032494813 0.997041881
1341846243.374348 0.102915511 -0.036438782 -0.017675946 0.067183144 -0.022382349 -0.032334145 0.996965349
1341846243.405837 0.117727213 -0.033483706 -0.012749420 0.068167135 -0.025126811 -0.032238469 0.996836364
1341846243.442193 0.105813168 -0.036067471 -0.020476170 0.067680389 -0.023606753 -0.032023236 0.996913552
1341846243.473902 0.121132538 -0.028533479 -0.009493456 0.069720015 -0.025682755 -0.032624718 0.996702194
1341846243.505839 0.094337247 -0.043848112 -0.024164895 0.066477656 -0.021915743 -0.032149982 0.997029006
1341846243.542001 0.114178710 -0.025745237 -0.014522289 0.069423653 -0.025099751 -0.032909345 0.996728361
1341846243.574058 0.109683350 -0.033039786 -0.019192092 0.068029687 -0.024095554 -0.031988095 0.996879220
1341846243.605841 0.121143587 -0.030012453 -0.011624633 0.069227412 -0.025221234 -0.032309659 0.996758521
1341846243.642015 0.127199858 -0.037398487 -0.017582372 0.068570890 -0.026063967 -0.032223582 0.996785045
1341846243.673926 0.137640759 -0.028531972 -0.011898521 0.069980465 -0.027495597 -0.032820258 0.996629119
1341846243.710095 0.124095760 -0.041998688 -0.019378534 0.067709215 -0.025294073 -0.032215063 0.996864021
1341846243.741951 0.099894725 -0.038252328 -0.024818625 0.068270765 -0.022214370 -0.031743001 0.996914268
1341846243.774067 0.124790251 -0.041207839 -0.019913021 0.067317724 -0.026033750 -0.032753497 0.996854007
1341846243.809881 0.104017511 -0.036690928 -0.022393085 0.067509472 -0.022606120 -0.032564219 0.996930778
1341846243.841971 0.135987028 -0.034825284 -0.011823376 0.068827011 -0.027286412 -0.032497585 0.996725798
1341846243.874062 0.137920797 -0.021279663 -0.007841685 0.071901344 -0.028284214 -0.031762268 0.996504605
1341846243.910022 0.113021232 -0.035766013 -0.019757962 0.069393493 -0.024511380 -0.031502616 0.996790528
1341846243.978045 0.124239683 -0.024764661 -0.016358627 0.071506985 -0.024653554 -0.032887731 0.996592939
1341846244.009892 0.116096549 -0.030328279 -0.013581513 0.069418386 -0.023258418 -0.032349888 0.996791661
1341846244.042105 0.121477179 -0.033464171 -0.013350528 0.069940224 -0.023726210 -0.031642541 0.996766925
1341846244.077884 0.118543066 -0.027277533 -0.013833623 0.071701035 -0.023051588 -0.031514805 0.996661663
1341846244.115904 0.122157082 -0.023188217 -0.011555200 0.071693078 -0.023670826 -0.030869829 0.996667922
1341846244.151850 0.108358502 -0.029084476 -0.013122932 0.070087679 -0.021573104 -0.030446514 0.996842742
1341846244.184334 0.106663108 -0.032275490 -0.015036071 0.070223629 -0.021263303 -0.029502863 0.996868134
1341846244.215953 0.109695666 -0.025568891 -0.016215544 0.071565606 -0.021691406 -0.029580366 0.996761203
1341846244.251877 0.111686431 -0.037482206 -0.018051349 0.068513200 -0.022046316 -0.029360104 0.996974409
1341846244.283880 0.104744621 -0.040649354 -0.018692736 0.068682231 -0.021005796 -0.029078836 0.996993423
1341846244.316068 0.110713273 -0.033576421 -0.019323101 0.070871390 -0.022187578 -0.029871833 0.996791184
1341846244.351999 0.096528985 -0.044643212 -0.024494998 0.068237647 -0.020167612 -0.029345773 0.997033477
1341846244.384040 0.094463333 -0.048040830 -0.024065159 0.067974307 -0.020518510 -0.028395381 0.997071803
1341846244.419869 0.099029236 -0.045816466 -0.024110556 0.068749204 -0.021425199 -0.028075229 0.997008741
1341846244.451888 0.112834468 -0.036064323 -0.021980150 0.070196718 -0.022890713 -0.029705849 0.996827960
1341846244.483871 0.115616448 -0.036466748 -0.023471011 0.068970077 -0.022668378 -0.030108713 0.996906638
1341846244.519923 0.112331569 -0.040423237 -0.020078061 0.068442255 -0.021499095 -0.029777942 0.996978819
1341846244.551942 0.117493622 -0.036276150 -0.018919332 0.070094287 -0.021532461 -0.028984075 0.996886671
1341846244.583892 0.118327223 -0.028460201 -0.019864198 0.071592741 -0.021120558 -0.028099187 0.996814370
1341846244.619870 0.112155907 -0.026136329 -0.020688452 0.071759790 -0.019980295 -0.026063364 0.996881187
1341846244.651850 0.108281836 -0.033784714 -0.018650588 0.071184754 -0.019425089 -0.024020994 0.996984661
1341846244.683815 0.117554627 -0.035714876 -0.021006899 0.071623802 -0.020536762 -0.023435216 0.996944845
1341846244.719873 0.110658318 -0.027937129 -0.017114932 0.073121957 -0.019088205 -0.022773592 0.996880233
1341846244.751827 0.120626166 -0.044122491 -0.017988550 0.070021808 -0.019807901 -0.023642978 0.997068524
1341846244.788300 0.122890100 -0.047101643 -0.017183792 0.070383757 -0.019636966 -0.023943769 0.997039258
1341846244.820099 0.124973960 -0.049535129 -0.016466947 0.070826426 -0.019368319 -0.024381256 0.997002542
1341846244.851973 0.131878003 -0.052098449 -0.015708851 0.072235972 -0.019555997 -0.023620589 0.996916056
1341846244.887873 0.128519475 -0.051928334 -0.011337446 0.074212819 -0.017886093 -0.023624504 0.996802151
1341846244.920072 0.131007984 -0.053469874 -0.010738499 0.074267268 -0.016954204 -0.023916405 0.996807396
1341846244.952621 0.142924830 -0.056875832 -0.013587517 0.074452236 -0.017811175 -0.023115197 0.996797562
1341846244.987985 0.137983397 -0.045469671 -0.011591379 0.076814696 -0.016507009 -0.021543525 0.996675968
1341846245.020060 0.170841947 -0.050946176 -0.012680671 0.075665556 -0.021427454 -0.021399360 0.996673286
1341846245.051869 0.155115411 -0.039646022 -0.006800651 0.075654700 -0.018102113 -0.021841820 0.996730506
1341846245.088236 0.142799377 -0.033953059 -0.005911933 0.075095899 -0.015426335 -0.022205940 0.996809661
1341846245.119935 0.161109224 -0.041504789 -0.003218620 0.074050978 -0.018003469 -0.022462241 0.996838927
1341846245.151835 0.171390235 -0.042347115 0.002020049 0.074830122 -0.019671060 -0.022949627 0.996738136
1341846245.187889 0.144389659 -0.033391722 -0.003605064 0.075852901 -0.015018238 -0.022638176 0.996748865
1341846245.219842 0.152806535 -0.024832027 -0.002372781 0.077516355 -0.016260870 -0.022764707 0.996598542
1341846245.256030 0.143941656 -0.028788228 -0.002762076 0.075911827 -0.014753247 -0.022898028 0.996742427
1341846245.287962 0.153871864 -0.031507101 -0.002551220 0.075387836 -0.016168723 -0.023831563 0.996738374
1341846245.319885 0.135071486 -0.030148814 -0.001884665 0.075376876 -0.012915326 -0.024711104 0.996765256
1341846245.355859 0.141733214 -0.029538969 -0.007277988 0.075180985 -0.014379318 -0.024973040 0.996753454
1341846245.387919 0.140077338 -0.029680379 -0.005356498 0.075166628 -0.014531018 -0.025113465 0.996748805
1341846245.423977 0.139292687 -0.038157783 -0.006224270 0.073991925 -0.014169334 -0.026222697 0.996813357
1341846245.455822 0.137843758 -0.037603322 -0.006931344 0.074541360 -0.013794322 -0.026442040 0.996771932
1341846245.487804 0.141216204 -0.034039743 -0.005004412 0.075902879 -0.014435711 -0.026211781 0.996666133
1341846245.523916 0.142608926 -0.039442834 -0.013919031 0.074588977 -0.014631405 -0.025902329 0.996770561
1341846245.555797 0.135162473 -0.039833598 -0.008670953 0.074529111 -0.013365951 -0.026149871 0.996786356
1341846245.591988 0.137502298 -0.043168619 -0.007795595 0.074752741 -0.013733847 -0.025814850 0.996773362
1341846245.623837 0.140662864 -0.042566072 -0.006796058 0.076151617 -0.014561730 -0.024909569 0.996678710
1341846245.655890 0.147156045 -0.042251501 -0.005973168 0.076583341 -0.015380736 -0.025123121 0.996627986
1341846245.692060 0.153356060 -0.032162789 -0.000419070 0.077942200 -0.015710019 -0.026104132 0.996492267
1341846245.724517 0.153834403 -0.040288460 -0.004103251 0.076632939 -0.015523425 -0.025902545 0.996601999
1341846245.760068 0.137985855 -0.035371393 -0.008828769 0.078329459 -0.012551988 -0.024125870 0.996556520
1341846245.791914 0.145512179 -0.034817427 0.000866463 0.079086334 -0.013866087 -0.024833061 0.996461928
1341846245.824142 0.151754677 -0.037742011 0.001585077 0.078357913 -0.014183652 -0.024581352 0.996521294
1341846245.860005 0.147073463 -0.032938376 -0.000667327 0.078551888 -0.012835332 -0.024317123 0.996530771
1341846245.891878 0.145925447 -0.034430716 -0.000742075 0.077194788 -0.012537532 -0.024617299 0.996633232
1341846245.927903 0.147651896 -0.038340610 -0.000892052 0.076940604 -0.012119717 -0.025135292 0.996645153
1341846245.986182 0.132017225 -0.035760384 -0.002388807 0.078184515 -0.009813637 -0.024534235 0.996588647
1341846246.022057 0.134097144 -0.037613291 0.000224246 0.078427128 -0.010412687 -0.024568588 0.996562660
1341846246.053871 0.130305633 -0.040460352 -0.000989727 0.079098083 -0.010026256 -0.024353845 0.996518910
1341846246.085916 0.122670561 -0.043867961 -0.007003853 0.079627208 -0.009589068 -0.023590725 0.996499360
1341846246.121806 0.132388428 -0.040243331 -0.007073963 0.081028387 -0.012349099 -0.023971321 0.996346951
1341846246.153949 0.128005460 -0.038077395 -0.004127806 0.082188249 -0.012050392 -0.024996767 0.996230423
1341846246.222002 0.128635406 -0.034705121 -0.009608691 0.082997844 -0.011812910 -0.027669419 0.996095538
1341846246.253984 0.126566738 -0.042536017 -0.009293370 0.081545413 -0.011690862 -0.029369697 0.996168256
1341846246.289808 0.133169800 -0.045603555 -0.009775630 0.082315460 -0.012256831 -0.030018963 0.996078730
1341846246.322001 0.136967748 -0.037301458 -0.012359561 0.083177514 -0.011530318 -0.031483110 0.995970607
1341846246.353946 0.133108929 -0.031482611 -0.007889112 0.082660407 -0.010035098 -0.032949593 0.995982349
1341846246.389885 0.126690716 -0.036508836 -0.007834084 0.080684043 -0.008292474 -0.032736450 0.996167541
1341846246.421855 0.123261921 -0.037483450 -0.007612652 0.080761068 -0.007287663 -0.031132495 0.996220529
1341846246.457915 0.120827898 -0.025608173 -0.003922824 0.082195781 -0.007074370 -0.029727066 0.996147633
1341846246.489829 0.127446771 -0.024871644 -0.008316647 0.080965355 -0.007087625 -0.027459392 0.996313393
1341846246.521912 0.137878284 -0.029032648 -0.008911172 0.079324231 -0.006792394 -0.028320746 0.996423364
1341846246.558038 0.132783622 -0.034323573 -0.007933962 0.077744141 -0.004505503 -0.028656704 0.996551275
1341846246.589826 0.073151566 -0.060767915 -0.017584806 0.073798031 0.004881105 -0.024559868 0.996958792
1341846246.622033 0.072680339 -0.061838496 -0.018562293 0.073887311 0.004705383 -0.022108171 0.997010410
1341846246.658046 0.076127604 -0.057972018 -0.021675281 0.073794805 0.003835017 -0.020987168 0.997045279
1341846246.689939 0.079263978 -0.058998421 -0.020350220 0.073173381 0.002698164 -0.021473717 0.997084439
1341846246.725903 0.077756092 -0.056135368 -0.018447658 0.073612384 0.002551670 -0.022058241 0.997039735
1341846246.757894 0.078253798 -0.053539801 -0.018511124 0.073291451 0.002452801 -0.022773501 0.997047544
1341846246.789989 0.080811828 -0.056353290 -0.021438668 0.072052822 0.002170782 -0.023904957 0.997111976
1341846246.826059 0.072633632 -0.055853549 -0.016234111 0.072342470 0.002965787 -0.023535237 0.997097731
1341846246.857869 0.071978100 -0.056954667 -0.016954908 0.073082566 0.002705999 -0.023601448 0.997042954
1341846246.893944 0.071794599 -0.050756492 -0.019718152 0.074042000 0.002154991 -0.022895979 0.996989965
1341846246.925896 0.074718803 -0.052187301 -0.017734321 0.073285326 0.001073135 -0.022753939 0.997050881
1341846246.958090 0.074116416 -0.053208597 -0.017633222 0.073108777 0.001166368 -0.022767698 0.997063398
1341846246.993936 0.083297402 -0.056789316 -0.019962538 0.072441064 -0.000439760 -0.023447337 0.997096956
1341846247.026204 0.086039297 -0.059775855 -0.018791514 0.072010413 -0.001063168 -0.025057262 0.997088552
1341846247.057936 0.072834827 -0.057659358 -0.015401106 0.073199064 0.000757563 -0.025417559 0.996993124
1341846247.093899 0.077324823 -0.058909383 -0.019172896 0.073747985 -0.000147578 -0.025356833 0.996954501
1341846247.126028 0.077984765 -0.059020564 -0.018507697 0.073725618 -0.000937141 -0.024975525 0.996965408
1341846247.162093 0.127623424 -0.036743164 0.001935367 0.078611545 -0.008859127 -0.026724871 0.996507645
1341846247.194072 0.078523010 -0.067078695 -0.016950270 0.076132454 -0.000117637 -0.022306239 0.996848166
1341846247.225977 0.081960678 -0.061816834 -0.018761007 0.078147620 -0.000430107 -0.020585572 0.996729195
1341846247.261953 0.131590515 -0.044373851 -0.001758117 0.083971351 -0.007257249 -0.025040383 0.996127069
1341846247.293957 0.119323514 -0.038897093 0.000721156 0.089720219 -0.004345290 -0.024437731 0.995657682
1341846247.325987 0.080656305 -0.031585462 0.002353646 0.091945775 0.000586502 -0.021248335 0.995537102
1341846247.361940 0.123865522 -0.019432586 0.001690981 0.091635630 -0.007138614 -0.022423323 0.995514512
1341846247.430187 0.124153011 -0.019750398 0.000976428 0.087341778 -0.007837679 -0.023350839 0.995873868
1341846247.462223 0.131205723 -0.036386438 0.000463300 0.083855145 -0.009859831 -0.024625141 0.996124864
1341846247.493952 0.130082935 -0.035564523 0.001034567 0.084315769 -0.009988016 -0.025463060 0.996063650
1341846247.530027 0.129883334 -0.033988222 0.005808750 0.085461758 -0.009830127 -0.025134968 0.995975852
1341846247.562209 0.134650245 -0.044898249 0.007227987 0.086193055 -0.010271432 -0.023852557 0.995939970
1341846247.594166 0.125744775 -0.025691284 0.009244491 0.090817876 -0.009145393 -0.022664135 0.995567620
1341846247.630035 0.129712150 -0.023494624 0.004822186 0.089680433 -0.010713418 -0.022761194 0.995652854
1341846247.662701 0.136312485 -0.031118091 0.012092790 0.087706581 -0.012066173 -0.022165217 0.995826662
1341846247.697913 0.136812031 -0.032744285 0.005800293 0.087971352 -0.011333904 -0.020630937 0.995844901
1341846247.730051 0.135520175 -0.025657691 0.009844227 0.087952971 -0.012101946 -0.019162292 0.995866776
1341846247.762180 0.146721095 -0.042043887 0.009224316 0.085776888 -0.014259514 -0.018966703 0.996031761
1341846247.798768 0.152920887 -0.036043391 0.007872492 0.088660367 -0.014782861 -0.017370619 0.995800734
1341846247.830259 0.150516227 -0.030725159 0.002529054 0.088364236 -0.014546977 -0.016324323 0.995848238
1341846247.865875 0.154538170 -0.041238226 0.007659973 0.085125208 -0.015144613 -0.016856398 0.996112585
1341846247.898157 0.137496725 -0.047982898 0.014234699 0.086603709 -0.011289204 -0.015821459 0.996053278
1341846247.930002 0.130936459 -0.038189955 0.005874783 0.088922217 -0.011780594 -0.014683123 0.995860696
1341846247.966006 0.132945076 -0.036822356 0.012378298 0.088414945 -0.014377444 -0.013860511 0.995883524
1341846247.998062 0.138862267 -0.049034107 0.014860672 0.088637292 -0.014888449 -0.013407965 0.995862484
1341846248.030615 0.139031589 -0.035924491 0.014000228 0.092252880 -0.014396648 -0.014139325 0.995531142
1341846248.065891 0.136717349 -0.024040367 0.013208124 0.092791595 -0.013885959 -0.014543686 0.995482564
1341846248.098211 0.175668538 -0.039939955 0.013390333 0.089617968 -0.018323822 -0.015465705 0.995687544
1341846248.133929 0.159802243 -0.036463000 0.014841793 0.091727063 -0.012543144 -0.018694537 0.995529711
1341846248.166050 0.154918522 -0.023125976 0.016348459 0.093148060 -0.009542176 -0.021122269 0.995382488
1341846248.198024 0.149819717 -0.029754993 0.019216372 0.091030031 -0.009036491 -0.021154284 0.995582461
1341846248.233930 0.146435276 -0.039259817 0.020009615 0.091593362 -0.008166811 -0.019069038 0.995580435
1341846248.265968 0.147522107 -0.019851018 0.017751226 0.094965160 -0.007315979 -0.020823769 0.995235920
1341846248.297927 0.142947957 -0.027518161 0.017533144 0.091487698 -0.006948045 -0.022911871 0.995518327
1341846248.333956 0.149323165 -0.037983641 0.020280089 0.090345971 -0.008455932 -0.024698535 0.995568216
1341846248.366013 0.145925418 -0.033936765 0.021596564 0.092724234 -0.007885054 -0.025284920 0.995339513
1341846248.402093 0.139000565 -0.029377585 0.018733332 0.093023978 -0.007751502 -0.024570450 0.995330453
1341846248.433862 0.155950099 -0.036509860 0.020284984 0.092022173 -0.010640381 -0.024975579 0.995386899
1341846248.466804 0.165811941 -0.035125796 0.017088760 0.093223430 -0.010756434 -0.026678365 0.995229602
1341846248.502139 0.144976184 -0.017148819 0.014374032 0.093795419 -0.007774438 -0.027008129 0.995194793
1341846248.534215 0.136366099 -0.031954594 0.017878965 0.089352638 -0.008643587 -0.025391461 0.995638847
1341846248.565971 0.145642340 -0.035083506 0.024161886 0.090961590 -0.010188175 -0.025400396 0.995478332
1341846248.602003 0.145779267 -0.010434364 0.021302467 0.093706071 -0.009229434 -0.026268341 0.995210588
1341846248.640295 0.146640763 -0.031652037 0.020795586 0.089145876 -0.009345158 -0.025974749 0.995635986
1341846248.675831 0.145593449 -0.045521669 0.024001246 0.089908011 -0.008434805 -0.025192128 0.995595694
1341846248.708095 0.157201543 -0.032996781 0.021676194 0.093291841 -0.009249271 -0.026066689 0.995254576
1341846248.740085 0.144377530 -0.029469343 0.023444969 0.093311399 -0.007565238 -0.025683012 0.995276928
1341846248.802167 0.150415957 -0.030141031 0.020450311 0.095720969 -0.008996496 -0.026238633 0.995021701
1341846248.833950 0.143647477 -0.030872628 0.023186680 0.095254526 -0.008200324 -0.026008278 0.995079398
1341846248.869901 0.139620617 -0.042553965 0.023963030 0.094905123 -0.007991377 -0.025295915 0.995132864
1341846248.901932 0.147943094 -0.036951832 0.023376530 0.097491011 -0.008807464 -0.025372989 0.994873941
1341846248.938035 0.142609194 -0.030993817 0.018237868 0.097811930 -0.008014808 -0.025517540 0.994845510
1341846248.969908 0.146167129 -0.032732818 0.021770505 0.096837156 -0.009294827 -0.025841530 0.994921327
1341846249.001964 0.147847235 -0.035508830 0.023268059 0.096045554 -0.009458854 -0.026135240 0.994988859
1341846249.037998 0.143446714 -0.029161008 0.020170117 0.097143464 -0.008805168 -0.025603157 0.994902074
1341846249.069961 0.141326293 -0.029213723 0.020537253 0.095591694 -0.009511878 -0.024251081 0.995079756
1341846249.105888 0.154832423 -0.034796294 0.023995284 0.094752543 -0.010865285 -0.024965636 0.995128512
1341846249.138041 0.133460954 -0.022713518 0.023544094 0.096726142 -0.006556544 -0.025628163 0.994959474
1341846249.169904 0.138398200 -0.029503662 0.022819567 0.095483802 -0.007364355 -0.024278499 0.995107651
1341846249.206013 0.153205216 -0.036719251 0.023872759 0.095991194 -0.008961694 -0.023689713 0.995059967
1341846249.237872 0.144571558 -0.019055208 0.023091348 0.098723203 -0.006297263 -0.024073012 0.994803846
1341846249.306095 0.160613641 -0.040038485 0.025474515 0.094981834 -0.008213637 -0.024243683 0.995149851
1341846249.337853 0.155888781 -0.027941409 0.022352437 0.097705401 -0.006223787 -0.024208168 0.994901478
1341846249.373854 0.160761446 -0.024882959 0.024442323 0.096557371 -0.006673349 -0.024683909 0.994998932
1341846249.405928 0.170193970 -0.039439552 0.024980063 0.093598671 -0.006974337 -0.025652677 0.995255053
1341846249.437945 0.175880477 -0.042505454 0.020159451 0.093907103 -0.006101241 -0.026467251 0.995210409
1341846249.474182 0.169170171 -0.034638684 0.019902483 0.094584674 -0.005006287 -0.026766187 0.995144367
1341846249.505956 0.166629046 -0.035579778 0.023456011 0.093192667 -0.004842099 -0.026152121 0.995292842
1341846249.538288 0.170008108 -0.037123654 0.023812007 0.092978060 -0.004991319 -0.026741207 0.995296478
1341846249.574263 0.164730936 -0.031732947 0.023857160 0.093085431 -0.004135569 -0.026490096 0.995297134
1341846249.606015 0.156359643 -0.031171689 0.025308264 0.091824651 -0.003942425 -0.024539284 0.995464981
1341846249.641995 0.161278635 -0.035966221 0.025669325 0.091371141 -0.006026222 -0.022157423 0.995552182
1341846249.674108 0.165218458 -0.020771069 0.024215236 0.092520751 -0.007662606 -0.021145899 0.995456755
1341846249.706034 0.156183019 -0.022049118 0.024996474 0.089421868 -0.007238552 -0.020606387 0.995754361
1341846249.742012 0.157802001 -0.034339294 0.026176274 0.087386325 -0.008903756 -0.019337777 0.995947063
1341846249.773906 0.153146341 -0.025133377 0.026181864 0.089300431 -0.010438850 -0.016404292 0.995814919
1341846249.806093 0.155242383 -0.018645575 0.026795778 0.089389995 -0.013784402 -0.013789506 0.995805860
1341846249.842148 0.163154155 -0.021296822 0.026875250 0.088300459 -0.016774110 -0.012793629 0.995870471
1341846249.873923 0.159161270 -0.023314446 0.026252992 0.087829389 -0.018123908 -0.011074659 0.995909095
1341846249.909991 0.152456820 -0.014521895 0.023687690 0.088867329 -0.020698920 -0.008352625 0.995793343
1341846249.942024 0.159197733 -0.019518539 0.026961956 0.087764487 -0.024672901 -0.006191476 0.995816469
1341846249.974199 0.163367927 -0.009484038 0.029343644 0.089815468 -0.026513735 -0.007179208 0.995579600
1341846250.010384 0.158016771 -0.011580914 0.025290530 0.089109711 -0.027122790 -0.007532933 0.995624006
1341846250.042022 0.165612906 -0.015022022 0.029253196 0.088781506 -0.030546101 -0.005641713 0.995566666
1341846250.078047 0.175314516 -0.010630734 0.033345584 0.091364957 -0.031855498 -0.005607188 0.995292068
1341846250.109945 0.184646979 0.009833420 0.033109248 0.094398744 -0.031691179 -0.007404412 0.995002389
1341846250.141849 0.182060331 0.008671251 0.033708695 0.092120945 -0.029722923 -0.008173197 0.995270550
1341846250.177803 0.198290482 -0.003615846 0.033476040 0.090759136 -0.029990057 -0.008253496 0.995387018
1341846250.210137 0.200216785 0.004281976 0.033515003 0.092482075 -0.026462302 -0.009050322 0.995321512
1341846250.241903 0.195525691 0.006852193 0.029270364 0.091821231 -0.023333812 -0.011719867 0.995433092
1341846250.277878 0.191905290 0.013381504 0.031961866 0.092179663 -0.021367153 -0.013955221 0.995415330
1341846250.309873 0.187866628 0.011970943 0.030927213 0.091351025 -0.020469446 -0.014188140 0.995507300
1341846250.346142 0.181281731 0.000639094 0.029751331 0.089651838 -0.019714378 -0.014422516 0.995673597
1341846250.377944 0.187575936 0.005824632 0.029970825 0.091176987 -0.020898025 -0.014223835 0.995513856
1341846250.410038 0.184344336 0.003805766 0.029993212 0.091241889 -0.020217804 -0.014016016 0.995524883
1341846250.445984 0.183235615 0.004673570 0.033037569 0.092714824 -0.020226536 -0.015077579 0.995373070
1341846250.477872 0.190124512 0.006420049 0.030093763 0.091980286 -0.020940859 -0.014317728 0.995437682
1341846250.509930 0.167781040 0.002480058 0.027663076 0.091311641 -0.020059481 -0.013932590 0.995522857
1341846250.546119 0.181656659 0.010404070 0.032428928 0.093430012 -0.023357505 -0.013719111 0.995257318
1341846250.577998 0.187037081 0.016349439 0.032900888 0.092930458 -0.022740809 -0.015695773 0.995289147
1341846250.613828 0.179691702 0.014800645 0.037164222 0.091280855 -0.021428093 -0.015020894 0.995481312
1341846250.646114 0.182049930 -0.002606955 0.034705877 0.088557340 -0.021940032 -0.009958675 0.995779693
1341846250.677812 0.184845358 0.006563776 0.034799568 0.089628711 -0.021988468 -0.008444203 0.995696664
1341846250.713958 0.186178595 0.009091244 0.038242988 0.088637441 -0.021188851 -0.007871347 0.995807469
1341846250.745904 0.178983271 0.002197056 0.036427289 0.086666748 -0.019897101 -0.005944683 0.996020973
1341846250.777886 0.180083379 0.006742869 0.032397941 0.086721592 -0.021921998 -0.003262253 0.995986104
1341846250.814024 0.187558293 0.008672909 0.036006741 0.086289875 -0.023800101 -0.003021785 0.995981216
1341846250.846025 0.185888678 0.009640379 0.036382206 0.085112102 -0.023146907 -0.004285131 0.996093333
1341846250.881824 0.179568067 -0.012191344 0.032444481 0.081832431 -0.022299021 -0.004254826 0.996387601
1341846250.913808 0.187448531 -0.003524639 0.034823511 0.085317202 -0.023627341 -0.003596638 0.996067226
1341846250.946118 0.184450269 0.000651146 0.036823105 0.086559296 -0.022453086 -0.004096087 0.995985270
1341846250.981803 0.182568833 0.001066729 0.034887657 0.087433323 -0.022127109 -0.004662002 0.995913744
1341846251.014047 0.180956736 -0.003095018 0.031287771 0.086703278 -0.023183636 -0.005656043 0.995948374
1341846251.046033 0.183865711 -0.007301914 0.035196103 0.086917348 -0.024360688 -0.006597614 0.995895803
1341846251.081959 0.189714298 -0.006739649 0.038190536 0.088747427 -0.024755053 -0.007210164 0.995720446
1341846251.114058 0.184861451 -0.009860265 0.035420015 0.089891821 -0.023414362 -0.007777883 0.995645940
1341846251.149920 0.190121531 -0.005919544 0.034463607 0.091793187 -0.023777902 -0.008305852 0.995459497
1341846251.181983 0.192554951 -0.007219704 0.035636626 0.092428498 -0.023189191 -0.009435921 0.995404541
1341846251.214205 0.180659220 -0.006865291 0.031514768 0.093336232 -0.021485627 -0.009790836 0.995354652
1341846251.249978 0.174733892 -0.004924211 0.031740565 0.093755849 -0.022759624 -0.008383733 0.995299757
1341846251.281923 0.179687589 -0.008040669 0.033943240 0.094108231 -0.024834970 -0.008601084 0.995214999
1341846251.318026 0.171235070 0.005325905 0.033748344 0.095772929 -0.024838002 -0.009197623 0.995050848
1341846251.350003 0.162050411 0.002401762 0.029269587 0.093090937 -0.025817590 -0.009203309 0.995280325
1341846251.382003 0.177945212 -0.015634794 0.028240941 0.090436652 -0.030328568 -0.008875586 0.995400786
1341846251.417971 0.172537073 0.000568576 0.029730409 0.093002148 -0.030194860 -0.009940269 0.995158374
1341846251.449878 0.169598475 0.008911127 0.030732410 0.091754168 -0.030576691 -0.011141728 0.995249808
1341846251.481872 0.174658239 0.018637937 0.034191262 0.091649212 -0.033622794 -0.013340386 0.995134175
1341846251.517870 0.174244419 0.018283624 0.034536388 0.089824237 -0.035029307 -0.011829922 0.995271146
1341846251.549884 0.180147350 0.022218430 0.037696872 0.088673040 -0.036161542 -0.012025120 0.995331526
1341846251.586071 0.174082041 0.011207248 0.037458315 0.086463466 -0.035010796 -0.011517982 0.995573044
1341846251.618241 0.171837777 0.011409661 0.036704987 0.087278768 -0.035486653 -0.009808496 0.995503426
1341846251.649917 0.186887622 0.009870535 0.037055966 0.087803021 -0.037148349 -0.009288234 0.995401621
1341846251.686034 0.187568307 0.013281609 0.039093040 0.088908076 -0.034841646 -0.011232911 0.995366871
1341846251.718103 0.177360088 0.013585931 0.037142992 0.088935353 -0.032192748 -0.012123022 0.995443285
1341846251.749907 0.171068490 0.013677695 0.039010029 0.089333616 -0.031823386 -0.011494796 0.995426893
