1341846226.817920 0.0000000 0.0000000 0.0000000 -0.0000000 -0.0000000 -0.0000000 1.0000000
1341846227.686038 0.0199562 -0.0111087 0.0094878 0.0064047 -0.0266144 -0.0291130 0.9992012
1341846227.721966 0.0266713 -0.0020432 0.0068957 0.0100567 -0.0251509 -0.0301487 0.9991783
1341846227.889935 0.0245751 -0.0072982 0.0071331 0.0130019 -0.0142337 -0.0278752 0.9994255
1341846228.389779 0.0447212 -0.0063635 0.0082179 0.0070505 -0.0071254 -0.0192584 0.9997643
1341846228.825934 0.0456911 -0.0063441 -0.0020587 0.0069359 -0.0039948 -0.0127370 0.9998869
1341846229.129930 0.0472717 -0.0061329 -0.0109101 0.0069856 -0.0029892 -0.0088510 0.9999320
1341846229.530149 0.0493864 -0.0126059 -0.0159160 0.0159311 -0.0049307 -0.0075108 0.9998327
1341846230.172747 0.0450899 -0.0110519 -0.0114847 0.0137584 0.0062437 -0.0008318 0.9998856
1341846230.569803 0.0515251 -0.0178813 -0.0138363 0.0241301 0.0086819 -0.0031698 0.9996661
1341846230.705937 0.0546631 -0.0097472 -0.0191085 0.0266066 0.0055340 -0.0031844 0.9996256
1341846230.805852 0.0586928 -0.0136039 -0.0175840 0.0283042 0.0041797 -0.0025047 0.9995875
1341846230.905851 0.0307388 -0.0183908 -0.0190802 0.0290419 0.0080150 -0.0031328 0.9995412
1341846231.006047 0.0767234 -0.0133185 -0.0125190 0.0317377 -0.0003167 -0.0026296 0.9994928
1341846231.074310 0.0680795 -0.0189848 -0.0158231 0.0306489 -0.0005023 -0.0027671 0.9995263
1341846231.138083 0.0676502 -0.0228951 -0.0172614 0.0324707 -0.0012843 -0.0016098 0.9994706
1341846231.273832 0.0684741 -0.0224741 -0.0181632 0.0345141 -0.0020429 -0.0029965 0.9993976
1341846231.410022 0.0756982 -0.0202202 -0.0178712 0.0336099 -0.0042312 -0.0037857 0.9994189
1341846231.547853 0.0673000 -0.0144391 -0.0217301 0.0315162 -0.0030066 -0.0043043 0.9994895
1341846231.648015 0.0579375 -0.0430784 -0.0197051 0.0239089 0.0016929 -0.0110438 0.9996517
1341846231.747846 0.0536301 -0.0420341 -0.0215603 0.0393519 -0.0018761 -0.0114005 0.9991586
1341846231.909867 0.0632817 -0.0231515 -0.0174371 0.0381522 -0.0068334 -0.0100492 0.9991981
1341846232.009966 0.0668046 -0.0190474 -0.0185081 0.0373071 -0.0087875 -0.0091977 0.9992229
1341846232.145999 0.0796252 -0.0248573 -0.0185167 0.0358726 -0.0134519 -0.0084449 0.9992301
1341846232.283944 0.0808222 -0.0288912 -0.0147516 0.0369442 -0.0132712 -0.0054040 0.9992146
1341846232.484170 0.0816285 -0.0323789 -0.0099503 0.0338618 -0.0135369 -0.0091033 0.9992934
1341846232.619798 0.0902539 -0.0291235 -0.0116362 0.0389787 -0.0143924 -0.0078413 0.9991056
1341846232.751767 0.0842216 -0.0264955 -0.0073191 0.0459321 -0.0112820 -0.0091551 0.9988389
1341846232.919822 0.0866575 -0.0314736 -0.0092780 0.0530519 -0.0075493 -0.0127328 0.9984820
1341846233.218177 0.0912049 -0.0302224 -0.0112344 0.0574834 -0.0066483 -0.0174801 0.9981713
1341846233.286015 0.0932624 -0.0263413 -0.0066543 0.0558847 -0.0066000 -0.0202297 0.9982104
1341846233.349815 0.0862996 -0.0337751 -0.0072778 0.0562013 -0.0040459 -0.0197126 0.9982166
1341846233.989945 0.0884357 -0.0371447 -0.0086861 0.0527976 -0.0085929 -0.0191395 0.9983848
1341846235.361974 0.1153285 -0.0141972 0.0015634 0.0513437 -0.0218119 -0.0186301 0.9982690
1341846236.738521 0.0891489 -0.0796828 -0.0037736 0.0465238 -0.0071869 -0.0194382 0.9987022
1341846240.089841 0.1055617 -0.0363039 0.0032164 0.0513754 -0.0188350 -0.0160960 0.9983721
1341846240.227927 0.1033838 -0.0354702 -0.0018171 0.0544930 -0.0183448 -0.0178932 0.9981853
1341846240.290031 0.1077311 -0.0365914 0.0005886 0.0556640 -0.0195124 -0.0168728 0.9981163
1341846240.422212 0.0824494 -0.0331125 0.0059842 0.0573493 -0.0168761 -0.0171963 0.9980634
1341846240.490243 0.1237319 -0.0377708 -0.0061639 0.0563968 -0.0239718 -0.0175451 0.9979664
1341846240.557894 0.0959581 -0.0379484 -0.0010501 0.0582230 -0.0205509 -0.0195662 0.9979002
1341846240.590418 0.0941994 -0.0380421 -0.0012160 0.0585530 -0.0205805 -0.0201083 0.9978696
1341846240.626172 0.1170046 -0.0397438 -0.0048960 0.0584584 -0.0243987 -0.0197384 0.9977965
1341846240.657964 0.1057624 -0.0376074 -0.0009709 0.0591634 -0.0233889 -0.0199490 0.9977749
1341846240.725903 0.0252814 -0.0366363 0.0052156 0.0602821 -0.0125103 -0.0200408 0.9979017
1341846240.794024 0.0760028 -0.0373986 0.0023935 0.0615370 -0.0201697 -0.0203586 0.9976933
1341846240.858147 0.1198207 -0.0354433 -0.0061393 0.0619750 -0.0259114 -0.0212620 0.9975147
1341846240.925975 0.1536953 -0.0388101 -0.0085353 0.0599861 -0.0306334 -0.0208740 0.9975107
1341846240.994099 0.1608338 -0.0406381 -0.0107509 0.0589594 -0.0316225 -0.0212846 0.9975324
1341846241.094372 0.1973742 -0.0254822 -0.0128568 0.0619981 -0.0364518 -0.0232885 0.9971385
1341846241.230127 0.2532589 -0.0146720 -0.0300846 0.0637065 -0.0453008 -0.0250526 0.9966251
1341846241.362000 0.3002848 -0.0182244 -0.0219043 0.0641192 -0.0513543 -0.0271029 0.9962514
1341846241.462018 0.3312350 -0.0089313 -0.0237597 0.0659917 -0.0560534 -0.0277373 0.9958583
1341846241.529930 0.3283205 -0.0139207 -0.0253408 0.0650338 -0.0554151 -0.0279338 0.9959515
1341846241.598412 0.3296067 -0.0134637 -0.0206319 0.0651495 -0.0558277 -0.0275264 0.9959323
1341846241.662234 0.2614804 -0.0203338 -0.0153984 0.0637046 -0.0454036 -0.0280762 0.9965400
1341846241.698098 0.2283623 -0.0245094 -0.0091431 0.0628878 -0.0398235 -0.0287835 0.9968103
1341846241.729805 0.1871118 -0.0269837 -0.0059213 0.0620901 -0.0338537 -0.0287949 0.9970806
1341846241.765805 0.1463324 -0.0295259 -0.0061393 0.0615635 -0.0284044 -0.0281919 0.9973006
1341846241.797970 0.0983930 -0.0289224 -0.0078683 0.0618926 -0.0220903 -0.0271214 0.9974697
1341846241.830240 0.0727196 -0.0243677 -0.0069407 0.0627488 -0.0186038 -0.0267679 0.9974968
1341846241.865867 0.1442121 -0.0373623 -0.0092315 0.0609335 -0.0282811 -0.0277498 0.9973552
1341846241.898156 0.0964585 -0.0314784 -0.0067591 0.0617808 -0.0219842 -0.0270799 0.9974801
1341846241.929917 0.0693809 -0.0238445 -0.0043528 0.0635558 -0.0180030 -0.0272230 0.9974445
1341846241.965882 0.0902594 -0.0221177 -0.0080173 0.0634605 -0.0207629 -0.0275691 0.9973874
1341846241.998017 0.0848614 -0.0288526 -0.0069337 0.0622208 -0.0201727 -0.0275228 0.9974789
1341846242.034019 0.0787799 -0.0253436 -0.0068668 0.0631453 -0.0194174 -0.0267661 0.9974564
1341846242.066365 0.0907184 -0.0320898 -0.0039763 0.0627709 -0.0210457 -0.0273468 0.9974312
1341846242.097916 0.0869136 -0.0334464 -0.0028667 0.0638146 -0.0205076 -0.0272307 0.9973794
1341846242.133980 0.0911527 -0.0355724 -0.0057193 0.0641748 -0.0210665 -0.0263230 0.9973690
1341846242.165895 0.0938476 -0.0335879 -0.0070117 0.0650118 -0.0211994 -0.0265269 0.9973066
1341846242.197924 0.0905532 -0.0346413 -0.0068003 0.0652141 -0.0206045 -0.0276203 0.9972762
1341846242.234487 0.0986980 -0.0387281 -0.0094307 0.0655908 -0.0217988 -0.0270660 0.9972413
1341846242.269588 0.0991353 -0.0339532 -0.0092344 0.0673770 -0.0216599 -0.0270324 0.9971261
1341846242.301972 0.0987966 -0.0336501 -0.0113093 0.0668325 -0.0213719 -0.0276086 0.9971532
1341846242.333996 0.1008503 -0.0357140 -0.0062967 0.0667442 -0.0214840 -0.0274370 0.9971614
1341846242.366000 0.0951866 -0.0337360 -0.0085123 0.0678712 -0.0206370 -0.0268715 0.9971187
1341846242.401903 0.0976553 -0.0345075 -0.0110787 0.0677154 -0.0211022 -0.0270883 0.9971136
1341846242.433933 0.1010846 -0.0366190 -0.0085541 0.0675289 -0.0214649 -0.0276789 0.9971023
1341846242.469883 0.0992462 -0.0368963 -0.0083145 0.0686034 -0.0208761 -0.0274186 0.9970487
1341846242.501972 0.0954129 -0.0357416 -0.0118060 0.0691911 -0.0203197 -0.0278320 0.9970081
1341846242.534063 0.0999096 -0.0350037 -0.0125256 0.0686389 -0.0210920 -0.0285016 0.9970113
1341846242.602000 0.0980506 -0.0347879 -0.0116814 0.0685610 -0.0202676 -0.0283660 0.9970376
1341846242.634077 0.0982343 -0.0341993 -0.0129483 0.0678132 -0.0203795 -0.0284367 0.9970844
1341846242.670215 0.1021292 -0.0344838 -0.0112129 0.0671941 -0.0208593 -0.0281950 0.9971233
1341846242.701929 0.0974052 -0.0333136 -0.0133091 0.0670347 -0.0200295 -0.0282941 0.9971483
1341846242.737996 0.0974502 -0.0338377 -0.0130989 0.0665697 -0.0204772 -0.0283856 0.9971677
1341846242.769937 0.0982574 -0.0347482 -0.0124754 0.0670207 -0.0209325 -0.0285021 0.9971247
1341846242.869936 0.0950102 -0.0327830 -0.0153585 0.0662810 -0.0205834 -0.0298941 0.9971407
1341846242.902131 0.1030637 -0.0387620 -0.0149937 0.0655706 -0.0215906 -0.0300860 0.9971606
1341846242.969969 0.1005786 -0.0361795 -0.0136725 0.0670373 -0.0220388 -0.0304654 0.9970417
1341846243.038095 0.0982452 -0.0344764 -0.0167069 0.0676997 -0.0225171 -0.0298508 0.9970049
1341846243.070041 0.1018982 -0.0316497 -0.0170654 0.0671999 -0.0233146 -0.0302659 0.9970078
1341846243.106059 0.1019889 -0.0358319 -0.0152199 0.0655895 -0.0234981 -0.0309774 0.9970889
1341846243.137899 0.0984451 -0.0365824 -0.0167473 0.0656698 -0.0226479 -0.0306345 0.9971139
1341846243.169985 0.1056359 -0.0347673 -0.0155144 0.0661371 -0.0237832 -0.0304324 0.9970627
1341846243.206007 0.1026954 -0.0350706 -0.0184061 0.0659064 -0.0233495 -0.0308795 0.9970745
1341846243.237999 0.1051222 -0.0314627 -0.0179069 0.0655385 -0.0231507 -0.0314585 0.9970853
1341846243.274026 0.1051223 -0.0350538 -0.0157364 0.0648797 -0.0226516 -0.0322706 0.9971139
1341846243.305879 0.1010154 -0.0426387 -0.0182591 0.0643693 -0.0221438 -0.0323240 0.9971567
1341846243.338022 0.1074810 -0.0399081 -0.0184914 0.0657266 -0.0230563 -0.0324948 0.9970419
1341846243.374348 0.1029155 -0.0364388 -0.0176759 0.0671831 -0.0223823 -0.0323341 0.9969653
1341846243.442193 0.1058132 -0.0360675 -0.0204762 0.0676804 -0.0236068 -0.0320232 0.9969136
1341846243.574058 0.1096834 -0.0330398 -0.0191921 0.0680297 -0.0240956 -0.0319881 0.9968792
1341846243.741951 0.0998947 -0.0382523 -0.0248186 0.0682708 -0.0222144 -0.0317430 0.9969143
1341846243.809881 0.1040175 -0.0366909 -0.0223931 0.0675095 -0.0226061 -0.0325642 0.9969308
1341846243.910022 0.1130212 -0.0357660 -0.0197580 0.0693935 -0.0245114 -0.0315026 0.9967905
1341846244.009892 0.1160965 -0.0303283 -0.0135815 0.0694184 -0.0232584 -0.0323499 0.9967917
1341846244.115904 0.1221571 -0.0231882 -0.0115552 0.0716931 -0.0236708 -0.0308698 0.9966679
1341846244.316068 0.1107132 -0.0335764 -0.0193231 0.0708714 -0.0221876 -0.0298718 0.9967912
1341846244.551942 0.1174936 -0.0362761 -0.0189193 0.0700943 -0.0215325 -0.0289841 0.9968867
1341846244.683815 0.1175546 -0.0357149 -0.0210069 0.0716238 -0.0205368 -0.0234352 0.9969448
1341846244.851973 0.1318780 -0.0520984 -0.0157089 0.0722360 -0.0195560 -0.0236206 0.9969161
1341846244.987985 0.1379834 -0.0454697 -0.0115914 0.0768147 -0.0165070 -0.0215435 0.9966760
1341846245.088236 0.1427994 -0.0339531 -0.0059119 0.0750959 -0.0154263 -0.0222059 0.9968097
1341846245.187889 0.1443896 -0.0333917 -0.0036051 0.0758529 -0.0150182 -0.0226382 0.9967489
1341846245.256030 0.1439417 -0.0287882 -0.0027621 0.0759118 -0.0147532 -0.0228980 0.9967424
1341846245.487804 0.1412162 -0.0340397 -0.0050044 0.0759029 -0.0144357 -0.0262118 0.9966661
1341846245.791914 0.1455122 -0.0348174 0.0008665 0.0790863 -0.0138661 -0.0248331 0.9964619
1341846246.457915 0.1208279 -0.0256082 -0.0039228 0.0821958 -0.0070744 -0.0297271 0.9961476
1341846247.162093 0.1276234 -0.0367432 0.0019354 0.0786115 -0.0088591 -0.0267249 0.9965076
1341846247.361940 0.1238655 -0.0194326 0.0016910 0.0916356 -0.0071386 -0.0224233 0.9955145
1341846247.730051 0.1355202 -0.0256577 0.0098442 0.0879530 -0.0121019 -0.0191623 0.9958668
1341846248.098211 0.1756685 -0.0399400 0.0133903 0.0896180 -0.0183238 -0.0154657 0.9956875
1341846249.373854 0.1607614 -0.0248830 0.0244423 0.0965574 -0.0066733 -0.0246839 0.9949989
1341846249.773906 0.1531463 -0.0251334 0.0261819 0.0893004 -0.0104389 -0.0164043 0.9958149
1341846250.477872 0.1901245 0.0064200 0.0300938 0.0919803 -0.0209409 -0.0143177 0.9954377
1341846251.481872 0.1746583 0.0186379 0.0341913 0.0916492 -0.0336228 -0.0133404 0.9951342
