1341845820.751833 0.0000000 0.0000000 0.0000000 -0.0000000 -0.0000000 -0.0000000 1.0000000
1341845821.424470 0.0123658 -0.0106021 -0.0030906 0.0051298 0.0113289 0.0027497 0.9999189
1341845821.455778 0.0116084 -0.0036475 -0.0034162 0.0063088 0.0138105 0.0017873 0.9998832
1341845821.823697 0.0070250 -0.0065250 -0.0062267 0.0100867 0.0142794 -0.0005360 0.9998471
1341845822.459970 -0.0363934 -0.0145264 -0.0013356 0.0139962 0.0161045 -0.0048236 0.9997607
1341845823.057775 -0.1009448 -0.0289784 0.0097616 0.0261704 0.0129715 0.0043203 0.9995640
1341845823.529780 -0.1613947 -0.0320860 0.0142445 0.0273803 0.0294766 0.0111444 0.9991283
1341845823.695523 -0.1946788 -0.0483157 0.0167225 0.0271815 0.0261884 0.0144443 0.9991831
1341845823.797871 -0.2114513 -0.0433722 0.0132351 0.0344918 0.0190495 0.0164918 0.9990873
1341845824.097956 -0.2193451 -0.0530836 -0.0212127 0.0310166 0.0084885 0.0066476 0.9994607
1341845824.130299 -0.2027393 -0.0439166 -0.0092395 0.0275797 0.0207153 0.0066975 0.9993825
1341845825.075793 -0.4055647 -0.0870030 0.0158724 0.0255091 0.0062672 0.0320481 0.9991411
1341845826.651722 -0.5569499 -0.0806988 0.0012291 0.0150932 -0.0424268 0.0553688 0.9974500
1341845826.819713 -0.5532261 -0.0634913 -0.0100162 -0.0007437 -0.0431458 0.0500691 0.9978131
1341845826.945792 -0.5619211 -0.0544621 0.0022549 -0.0175802 -0.0334648 0.0465784 0.9981992
1341845827.045694 -0.5462497 -0.0349765 -0.0092087 -0.0258773 -0.0331043 0.0603580 0.9972920
1341845827.349700 -0.5500705 -0.0565027 0.0293229 -0.0438298 -0.0225512 0.0605723 0.9969460
1341845828.721870 -0.3923758 -0.0320557 0.0631284 -0.0310506 0.0421208 0.0617511 0.9967189
1341845831.905728 0.1564631 0.0210145 0.0021765 -0.0019189 0.0205430 0.0431846 0.9988540
1341845832.509635 0.2518947 0.0416409 -0.0016052 -0.0167280 0.0249761 0.0406023 0.9987231
1341845832.913787 0.3083012 0.0634666 -0.0090146 -0.0251832 0.0335631 0.0508843 0.9978227
1341845833.181891 0.3598664 0.0750511 -0.0249342 -0.0334332 0.0423214 0.0477488 0.9974023
1341845833.581733 0.4211317 0.0652217 -0.0239136 -0.0315524 0.0489878 0.0520496 0.9969431
1341845835.089820 0.2115850 0.0466392 -0.0129253 -0.0354486 0.0230938 0.0299867 0.9986545
1341845835.725724 0.0537883 0.0219716 -0.0122454 -0.0167608 -0.0135270 0.0306590 0.9992979
1341845836.739779 -0.1156860 -0.0284783 -0.0332772 0.0120250 -0.0190965 0.0492920 0.9985294
1341845837.843915 -0.0942165 -0.2505575 -0.0423222 0.0386760 0.0317731 0.0207179 0.9985316
1341845838.173678 -0.0875820 -0.2853341 -0.0362142 0.0370640 0.0422262 0.0120808 0.9983473
1341845838.745913 -0.0628080 -0.3413683 -0.0338178 0.0221146 0.0492221 -0.0045628 0.9985326
1341845838.877695 -0.0607694 -0.3624527 -0.0349252 0.0085830 0.0541199 -0.0072018 0.9984716
1341845839.246198 -0.0501172 -0.4151660 -0.0245992 0.0051028 0.0617268 -0.0121861 0.9980056
1341845839.587666 -0.0313687 -0.4187135 -0.0273603 0.0116972 0.0735474 -0.0064659 0.9972022
1341845839.985757 -0.0415453 -0.3925315 -0.0205926 -0.0006907 0.0695010 -0.0056871 0.9975654
1341845840.285914 -0.0701751 -0.3497897 -0.0045261 -0.0294138 0.0600361 -0.0022354 0.9977602
1341845843.601912 -0.1458324 0.1140508 0.0612926 -0.0115373 0.0208737 0.0361887 0.9990603
1341845844.173729 -0.1297486 0.1870818 0.0731567 -0.0005436 0.0483842 0.0429042 0.9979067
1341845844.441868 -0.1334832 0.2412367 0.0752342 -0.0009932 0.0468686 0.0502998 0.9976333
1341845844.811162 -0.1556630 0.3002350 0.0819839 -0.0128458 0.0273109 0.0595032 0.9977718
1341845845.481809 -0.1488975 0.4124633 0.0856957 -0.0257174 -0.0003110 0.0249002 0.9993591
1341845846.453757 -0.1440690 0.5732701 0.0868735 -0.0637076 -0.0005995 0.0310669 0.9974847
1341845847.357899 -0.1266794 0.4263917 0.0716319 -0.0340612 0.0044151 0.0212443 0.9991842
1341845847.893697 -0.1241924 0.2740945 0.0301529 -0.0358327 -0.0038060 0.0228297 0.9990898
1341845848.940608 -0.1088128 0.1132088 0.0053535 -0.0262566 -0.0019955 0.0302165 0.9991965
1341845850.511722 -0.1292799 0.1369611 0.3788831 -0.0291596 0.0269615 0.0111028 0.9991494
1341845857.077896 -0.2471315 0.1779675 -0.1902874 -0.0334601 0.0008245 0.0316023 0.9989400
1341845859.289745 -0.1870096 0.1560476 -0.3462079 -0.0713738 0.0123693 -0.0046143 0.9973623
1341845859.925740 -0.1685252 0.1392563 -0.3679056 -0.0560124 0.0383512 -0.0084898 0.9976571
1341845860.057745 -0.1800609 0.1332124 -0.3630531 -0.0504298 0.0310660 -0.0134698 0.9981534
1341845860.294553 -0.1825332 0.1240312 -0.3640439 -0.0387392 0.0063839 -0.0248548 0.9989198
1341845860.529831 -0.1743909 0.1323727 -0.3754419 -0.0296749 -0.0155539 -0.0267331 0.9990810
1341845861.333616 -0.1631659 0.1364065 -0.3761306 -0.0372672 -0.0334561 -0.0281923 0.9983472
1341845861.839701 -0.1618608 0.1221773 -0.3539899 -0.0295201 -0.0330435 -0.0358461 0.9983746
1341845862.107644 -0.1458260 0.1196963 -0.3563078 -0.0237956 -0.0328060 -0.0346997 0.9985757
1341845862.847856 -0.1367898 0.1277157 -0.3481083 -0.0237655 0.0006968 -0.0242841 0.9994223
