1341845688.561749 0.0000000 0.0000000 0.0000000 -0.0000000 -0.0000000 -0.0000000 1.0000000
1341845688.663680 -0.0093899 0.0005988 -0.0102709 0.0040981 -0.0123638 0.0128630 0.9998325
1341845688.697719 -0.0136432 -0.0039518 -0.0149522 0.0066248 -0.0171855 0.0186794 0.9996559
1341845688.761762 -0.0087627 0.0076804 -0.0124341 0.0149798 -0.0274726 0.0216131 0.9992766
1341845688.965631 -0.0192250 0.0337721 -0.0218035 0.0189169 -0.0323188 0.0198646 0.9991011
1341845689.165884 -0.0222396 0.0672308 -0.0260731 0.0050730 -0.0250683 0.0182400 0.9995065
1341845689.265745 -0.0227015 0.0558095 -0.0337636 -0.0039892 -0.0232162 0.0242261 0.9994289
1341845689.501840 -0.0318796 0.0511899 -0.0419284 0.0017819 -0.0272931 0.0202951 0.9994199
1341845689.701700 -0.0343993 0.0549312 -0.0479165 0.0132935 -0.0375824 0.0038336 0.9991978
1341845690.338646 -0.0362922 0.0623906 -0.0525345 0.0174245 -0.0570565 -0.0043879 0.9982092
1341845691.981657 -0.0233891 0.0568814 -0.0463927 0.0240109 -0.0442996 -0.0119642 0.9986581
1341845692.381560 0.0020410 0.0567950 -0.0513893 0.0297139 -0.0538770 -0.0109016 0.9980459
1341845692.953573 0.0009682 0.0513247 -0.0682924 0.0423755 -0.0522547 -0.0216915 0.9974985
1341845693.321741 0.0129891 0.0546273 -0.0777274 0.0435960 -0.0512801 -0.0178531 0.9975726
1341845693.721602 0.0099206 0.0625777 -0.0747196 0.0478327 -0.0401596 -0.0212280 0.9978219
1341845694.325844 0.0032965 0.0522949 -0.0696234 0.0518984 -0.0363349 -0.0130433 0.9979059
1341845694.693720 0.0327904 0.0633719 -0.0798043 0.0555586 -0.0474838 -0.0089351 0.9972857
1341845695.203618 0.0218564 0.0492485 -0.0713618 0.0521880 -0.0269483 0.0024840 0.9982705
1341845696.037778 0.0206757 0.0633537 -0.0674313 0.0580858 -0.0706710 -0.0053961 0.9957924
1341845697.173791 0.0325299 0.0674619 -0.0609751 0.0321371 -0.0671141 0.0073741 0.9972004
1341845699.454093 0.0486752 0.0776849 -0.0594269 0.0212736 -0.0817930 -0.0001804 0.9964223
1341845701.701676 0.0592830 0.0741903 -0.0501227 0.0260880 -0.0741669 -0.0009984 0.9969041
1341845706.700732 0.0735848 0.0790495 -0.0274531 0.0374426 -0.0727945 -0.0105473 0.9965881
1341845708.443610 0.1059067 0.0685974 -0.0222433 0.0507028 -0.0645899 -0.0025958 0.9966196
