1341845688.561749 0.000000000 0.000000000 0.000000000 -0.000000000 -0.000000000 -0.000000000 1.000000000
1341845688.593654 -0.004163888 -0.001757639 -0.001694571 0.000701162 -0.002653911 0.003426200 0.999990404
1341845688.629688 -0.011024641 0.001557500 -0.010363774 0.002497185 -0.006692105 0.007512117 0.999946296
1341845688.663680 -0.009389867 0.000598816 -0.010270946 0.004098104 -0.012363800 0.012862985 0.999832451
1341845688.697719 -0.013643201 -0.003951815 -0.014952161 0.006624773 -0.017185470 0.018679375 0.999655902
1341845688.729899 -0.015798612 0.003083757 -0.014936239 0.012040382 -0.023477526 0.020566974 0.999440312
1341845688.761762 -0.008762667 0.007680386 -0.012434081 0.014979779 -0.027472565 0.021613056 0.999276638
1341845688.797687 -0.005897301 0.016789932 -0.014118380 0.017701717 -0.026894538 0.019773392 0.999285936
1341845688.829892 -0.006036185 0.019235982 -0.014951655 0.017677058 -0.024915177 0.018605653 0.999360085
1341845688.865774 -0.012057946 0.019653782 -0.017362412 0.017113134 -0.023823677 0.019553674 0.999378443
1341845688.929779 -0.019351153 0.024661420 -0.026409479 0.017718496 -0.029512258 0.022091605 0.999163210
1341845688.965631 -0.019225013 0.033772144 -0.021803509 0.018916873 -0.032318760 0.019864580 0.999101102
1341845688.997750 -0.012480243 0.046538558 -0.021196246 0.019362278 -0.033129945 0.016247872 0.999131382
1341845689.029751 -0.013181068 0.056146894 -0.020947063 0.016847758 -0.030447634 0.010555633 0.999338686
1341845689.065755 -0.020609036 0.061567303 -0.026700726 0.013856680 -0.027523054 0.009304611 0.999481797
1341845689.097725 -0.015946323 0.061451085 -0.024591221 0.009806774 -0.027862124 0.012850454 0.999481082
1341845689.133718 -0.014759158 0.064890854 -0.021659724 0.007804313 -0.027125644 0.015342042 0.999483824
1341845689.165884 -0.022239624 0.067230843 -0.026073126 0.005072990 -0.025068261 0.018239953 0.999506474
1341845689.198264 -0.021289285 0.067000531 -0.025093149 0.001407538 -0.025049172 0.020798709 0.999468863
1341845689.234322 -0.022431009 0.067924052 -0.026065713 -0.000666809 -0.023861939 0.022560565 0.999460459
1341845689.265745 -0.022701493 0.055809461 -0.033763621 -0.003989235 -0.023216248 0.024226062 0.999428928
1341845689.297769 -0.015340693 0.055431049 -0.036084760 -0.005590253 -0.024880230 0.025015250 0.999361753
1341845689.333650 -0.014906340 0.054712880 -0.037280302 -0.006634489 -0.023810344 0.024507383 0.999394059
1341845689.365881 -0.023004312 0.056134194 -0.035871807 -0.005888541 -0.022225991 0.024379209 0.999438345
1341845689.401592 -0.021818684 0.052222535 -0.040402628 -0.005531420 -0.023171404 0.023784515 0.999433279
1341845689.433744 -0.020404223 0.050848413 -0.039816584 -0.005132003 -0.024404449 0.023588631 0.999410689
1341845689.465651 -0.028375300 0.041161798 -0.041135885 -0.003659007 -0.024390955 0.023311755 0.999423981
1341845689.501840 -0.031879611 0.051189862 -0.041928418 0.001781882 -0.027293062 0.020295108 0.999419868
1341845689.533687 -0.027002050 0.051552668 -0.040016133 0.003812003 -0.029709846 0.015683142 0.999428332
1341845689.565814 -0.028135790 0.045373995 -0.044926029 0.005242512 -0.029452268 0.012065995 0.999479592
1341845689.601682 -0.034515962 0.044083357 -0.048975248 0.007794185 -0.030268783 0.009480571 0.999466479
1341845689.633591 -0.032460999 0.051445588 -0.048667848 0.010855025 -0.033574231 0.005040337 0.999364555
1341845689.669672 -0.033489384 0.049545687 -0.051490035 0.011373726 -0.035086658 0.004289737 0.999310374
1341845689.701700 -0.034399293 0.054931238 -0.047916535 0.013293453 -0.037582353 0.003833621 0.999197781
1341845689.733773 -0.036384702 0.058062565 -0.048226953 0.014001458 -0.039966732 0.002012010 0.999100864
1341845689.769822 -0.033445183 0.059569534 -0.050524786 0.014443133 -0.041993603 0.001183635 0.999012828
1341845689.802003 -0.038900245 0.056046739 -0.047369577 0.014240583 -0.042980164 0.000209246 0.998974442
1341845689.833757 -0.038335100 0.058387514 -0.050292328 0.015486152 -0.046077359 -0.000580131 0.998817742
1341845689.869861 -0.037357081 0.060611587 -0.048694544 0.016665366 -0.048452940 -0.002145871 0.998684108
1341845689.901825 -0.039667055 0.052587353 -0.052252930 0.015554493 -0.049378801 -0.002264115 0.998656511
1341845689.937674 -0.039561763 0.060509685 -0.050541800 0.017855737 -0.052041657 -0.001432938 0.998484313
1341845689.969679 -0.034111071 0.060887232 -0.051443864 0.017927896 -0.054047033 -0.001678409 0.998376071
1341845690.003830 -0.035032935 0.056390226 -0.052133217 0.017024018 -0.053890999 -0.002173757 0.998399317
1341845690.037686 -0.033718415 0.054435458 -0.052887775 0.016926887 -0.054358672 -0.003698850 0.998371124
1341845690.069636 -0.031654064 0.054195657 -0.055119760 0.017131312 -0.054410573 -0.003226008 0.998366535
1341845690.106587 -0.039091267 0.055685516 -0.055779681 0.017293755 -0.053478550 -0.002991708 0.998414755
1341845690.138859 -0.032649390 0.055680595 -0.052748371 0.017132733 -0.055068273 -0.004126553 0.998327136
1341845690.169919 -0.033261061 0.052488592 -0.054941833 0.016639847 -0.054243580 -0.003385978 0.998383403
1341845690.206103 -0.031757474 0.057251368 -0.054805733 0.016927660 -0.054592621 -0.003005026 0.998360693
1341845690.237700 -0.035204992 0.055781499 -0.050779514 0.016080894 -0.054765556 -0.003228520 0.998364568
1341845690.269981 -0.035924509 0.054165110 -0.053882908 0.016512038 -0.055913050 -0.004043759 0.998290956
1341845690.306143 -0.032571901 0.059185918 -0.054067492 0.017725896 -0.057489969 -0.004700630 0.998177648
1341845690.338646 -0.036292240 0.062390599 -0.052534539 0.017424481 -0.057056475 -0.004387879 0.998209238
1341845690.373833 -0.035192072 0.063253939 -0.050393019 0.016563127 -0.057776187 -0.004367126 0.998182595
1341845690.405976 -0.031561542 0.058977854 -0.052139815 0.015889021 -0.058345079 -0.005503229 0.998154938
1341845690.437908 -0.032081578 0.058627304 -0.050958544 0.015938379 -0.057888150 -0.005367177 0.998181462
1341845690.473654 -0.034810074 0.056500029 -0.053787302 0.015548510 -0.058092367 -0.004159223 0.998181522
1341845690.505978 -0.035487615 0.059042778 -0.052056495 0.016645070 -0.059574112 -0.004602742 0.998074532
1341845690.537884 -0.028712472 0.060339719 -0.051837679 0.017062400 -0.060690343 -0.006296983 0.997990906
1341845690.573708 -0.031220820 0.060376484 -0.051144775 0.016302185 -0.058871794 -0.005592994 0.998116791
1341845690.605848 -0.032505456 0.057057433 -0.050702073 0.015681991 -0.058307040 -0.004093422 0.998167157
1341845690.641747 -0.031073842 0.060755190 -0.048065595 0.017170066 -0.059137870 -0.004260934 0.998093069
1341845690.673751 -0.027317313 0.058883026 -0.048260555 0.016807271 -0.058788054 -0.004943694 0.998116791
1341845690.706003 -0.029006636 0.056175996 -0.048591889 0.016745163 -0.057213537 -0.005256414 0.998207748
1341845690.741684 -0.029362228 0.056190852 -0.047273453 0.017467897 -0.056774143 -0.006050235 0.998215914
1341845690.773770 -0.024405098 0.054059774 -0.047323078 0.017464597 -0.056736231 -0.005534876 0.998221159
1341845690.805715 -0.026445121 0.056983162 -0.046922646 0.018350588 -0.055350222 -0.004869942 0.998286486
1341845690.841674 -0.027418664 0.056219321 -0.046964560 0.018412590 -0.054503288 -0.004579637 0.998333335
1341845690.873770 -0.026352853 0.057560626 -0.048026811 0.018274404 -0.053894445 -0.004745078 0.998368204
1341845690.909837 -0.024747390 0.053253021 -0.048358645 0.017150993 -0.053400792 -0.003956786 0.998418093
1341845690.941576 -0.025593705 0.055153992 -0.047026202 0.017330617 -0.053098667 -0.003560994 0.998432517
1341845690.973879 -0.022216979 0.054660760 -0.045900635 0.017314073 -0.053226288 -0.003391376 0.998426676
1341845691.011558 -0.024042286 0.057262111 -0.046308890 0.017464124 -0.052018080 -0.002208332 0.998490989
1341845691.077986 -0.025076160 0.057509266 -0.046183784 0.018133758 -0.051934324 -0.003726701 0.998478889
1341845691.109685 -0.020197317 0.056494910 -0.043866552 0.018584669 -0.051863186 -0.003963237 0.998473465
1341845691.141759 -0.020658912 0.055223893 -0.045119822 0.018756481 -0.050756145 -0.003616790 0.998528421
1341845691.177729 -0.022898603 0.056170337 -0.047113564 0.019626373 -0.050797597 -0.004740708 0.998504817
1341845691.209644 -0.017269373 0.058408752 -0.047467016 0.019964691 -0.051791403 -0.006214819 0.998439014
1341845691.241757 -0.018892502 0.058362752 -0.046747260 0.019883879 -0.050134748 -0.006312842 0.998524547
1341845691.277595 -0.024635036 0.051974874 -0.048317425 0.019780977 -0.049501732 -0.005460514 0.998563230
1341845691.310138 -0.021201320 0.057295810 -0.050755251 0.020988040 -0.052001290 -0.006680329 0.998404086
1341845691.345620 -0.011484264 0.053521529 -0.050790321 0.020297818 -0.052662209 -0.008020571 0.998373866
1341845691.378062 -0.014839133 0.054646164 -0.049955595 0.021049736 -0.050028842 -0.008766816 0.998487532
1341845691.451922 -0.015979204 0.062241629 -0.051362671 0.022561062 -0.049345177 -0.010122150 0.998475671
1341845691.509739 -0.018231517 0.053388864 -0.050779346 0.020368131 -0.047574773 -0.010073856 0.998609185
1341845691.545833 -0.019519437 0.065060757 -0.051067781 0.022455474 -0.047749572 -0.011348713 0.998542488
1341845691.578399 -0.012505837 0.059546683 -0.051402707 0.020589100 -0.047465052 -0.013907436 0.998563886
1341845691.613857 -0.004469425 0.052074298 -0.055101834 0.019618941 -0.045582935 -0.018222330 0.998601615
1341845691.645632 -0.016057499 0.056398597 -0.047972508 0.021586949 -0.040930316 -0.020555208 0.998717308
1341845691.677793 -0.019702205 0.058026291 -0.048625480 0.022642747 -0.040499076 -0.017754912 0.998765230
1341845691.713727 -0.020289758 0.056490157 -0.048260562 0.022743354 -0.042034604 -0.015667560 0.998734415
1341845691.746050 -0.011165668 0.059497915 -0.048243605 0.023749813 -0.043411963 -0.016931605 0.998631418
1341845691.778411 -0.004391415 0.064658597 -0.049991067 0.023215637 -0.041976169 -0.017912382 0.998688281
1341845691.813646 -0.013336015 0.059752978 -0.046327502 0.021251861 -0.039483935 -0.016331358 0.998860717
1341845691.845603 -0.016604651 0.059717000 -0.047435261 0.021327071 -0.040076040 -0.015581493 0.998847544
1341845691.881595 -0.010984734 0.062624909 -0.047471058 0.022099636 -0.041783910 -0.017124452 0.998735487
1341845691.913600 -0.006318572 0.060649619 -0.046602070 0.021884562 -0.041495595 -0.016972926 0.998754799
1341845691.945997 -0.019695101 0.056343887 -0.048044052 0.021824142 -0.040093116 -0.014385820 0.998854041
1341845691.981657 -0.023389108 0.056881368 -0.046392716 0.024010913 -0.044299558 -0.011964218 0.998658061
1341845692.013904 -0.016126640 0.061035562 -0.046584465 0.026549909 -0.049084581 -0.010823940 0.998383045
1341845692.049676 -0.013416877 0.058444139 -0.048997674 0.026316926 -0.050084595 -0.009491041 0.998353124
1341845692.081862 -0.015752537 0.056233451 -0.050423227 0.026543869 -0.050567500 -0.008561495 0.998331189
1341845692.113695 -0.007394534 0.059441600 -0.052532099 0.027644305 -0.052877396 -0.009640562 0.998171747
1341845692.149736 -0.002064572 0.059855849 -0.045658365 0.027267335 -0.053142712 -0.009799016 0.998166502
1341845692.182123 -0.005701544 0.050214615 -0.054421932 0.026977818 -0.051359255 -0.010068398 0.998265088
1341845692.213661 -0.003601405 0.055835452 -0.054114323 0.028655758 -0.052133903 -0.008860417 0.998189628
1341845692.249828 -0.003276141 0.059260238 -0.053616583 0.028853143 -0.051865280 -0.009053482 0.998196125
1341845692.282146 -0.000281348 0.058713309 -0.053519472 0.028345466 -0.051627327 -0.009553676 0.998218417
1341845692.317711 -0.005630172 0.052943312 -0.057049870 0.027193952 -0.051390816 -0.009696646 0.998261273
1341845692.349688 -0.002508672 0.052254647 -0.053209923 0.027828585 -0.053244963 -0.009864731 0.998144925
1341845692.381560 0.002041003 0.056795035 -0.051389318 0.029713916 -0.053876981 -0.010901551 0.998045862
1341845692.417776 -0.003723563 0.051946521 -0.058610898 0.029740961 -0.052077662 -0.012675711 0.998119593
1341845692.449672 -0.005865997 0.052268762 -0.057848468 0.030462489 -0.051916998 -0.013620420 0.998093784
1341845692.481594 -0.004804917 0.051062956 -0.061253373 0.031312659 -0.052404594 -0.014081816 0.998035610
1341845692.517778 -0.002253230 0.046712697 -0.061066121 0.031799119 -0.053142257 -0.014760758 0.997971356
1341845692.549744 -0.002471316 0.052713819 -0.062621668 0.034075566 -0.053136013 -0.014901836 0.997894526
1341845692.585822 -0.001996283 0.053073186 -0.062857583 0.034424651 -0.053241581 -0.015881967 0.997861803
1341845692.617836 -0.001525795 0.051360395 -0.063084990 0.034598984 -0.052359108 -0.015203583 0.997913003
1341845692.649770 -0.002201538 0.048965205 -0.067604087 0.034946587 -0.052095365 -0.014758730 0.997921407
1341845692.685749 -0.004276462 0.053787608 -0.066488072 0.035880744 -0.052983385 -0.014605287 0.997843742
1341845692.717676 0.000086465 0.052217122 -0.066463113 0.035907559 -0.053165585 -0.015630830 0.997817576
1341845692.749897 -0.003138946 0.048590668 -0.071085140 0.035367697 -0.051194131 -0.014619587 0.997955263
1341845692.785833 -0.011325977 0.049022842 -0.070318893 0.036514007 -0.050756361 -0.015787508 0.997918487
1341845692.817657 -0.005411124 0.050781913 -0.069479227 0.037904661 -0.052500967 -0.018998390 0.997720420
1341845692.853833 -0.006625989 0.045609616 -0.073989898 0.037963934 -0.050717842 -0.020801382 0.997774422
1341845692.885614 -0.010228712 0.046546381 -0.073612079 0.039707970 -0.050183907 -0.020897055 0.997731566
1341845692.917728 -0.004672096 0.050467797 -0.061898150 0.041281328 -0.052319627 -0.021748962 0.997539759
1341845692.953573 0.000968223 0.051324666 -0.068292417 0.042375501 -0.052254695 -0.021691462 0.997498512
1341845692.985667 -0.002234519 0.052360650 -0.071825244 0.043707278 -0.051198255 -0.021564107 0.997498631
1341845693.017585 -0.004045385 0.055715274 -0.073409528 0.044104703 -0.050992861 -0.021830911 0.997485816
1341845693.053684 -0.004570117 0.053317267 -0.073278755 0.043710299 -0.050192799 -0.021969538 0.997540712
1341845693.086059 -0.007527527 0.052181613 -0.074718140 0.044441417 -0.049771324 -0.020926356 0.997551918
1341845693.121690 -0.006626522 0.052985661 -0.078050114 0.044653092 -0.050970457 -0.019082038 0.997518957
1341845693.153852 -0.002630288 0.058113359 -0.076541089 0.044540040 -0.052532423 -0.019516651 0.997434556
1341845693.185655 0.000584250 0.050387576 -0.080187291 0.042531554 -0.051158756 -0.020663923 0.997570455
1341845693.221687 -0.005861097 0.053425271 -0.077323548 0.043178089 -0.049885724 -0.017597688 0.997666001
1341845693.254518 -0.012783416 0.051430210 -0.078103356 0.043434940 -0.051890932 -0.016392736 0.997573078
1341845693.289735 0.006316108 0.056023024 -0.075193919 0.044353407 -0.054996982 -0.017216345 0.997352362
1341845693.321741 0.012989061 0.054627299 -0.077727392 0.043596044 -0.051280104 -0.017853064 0.997572601
1341845693.353715 0.004397853 0.055116475 -0.073407464 0.043919001 -0.046742357 -0.016283141 0.997808158
1341845693.421993 0.000043353 0.057911128 -0.074735738 0.044806246 -0.043005783 -0.017030537 0.997924387
1341845693.453700 0.000612680 0.056798790 -0.075415075 0.044717852 -0.041396510 -0.018954013 0.997961640
1341845693.489783 -0.003073829 0.051908117 -0.075638607 0.045095831 -0.039203465 -0.019704474 0.998018682
1341845693.522084 0.001661452 0.047641251 -0.074956283 0.046346340 -0.041114103 -0.018308142 0.997911036
1341845693.557666 0.006637946 0.050131336 -0.069748208 0.048365097 -0.043567747 -0.019238140 0.997693658
1341845693.589792 0.007756618 0.055549670 -0.074132264 0.050202284 -0.043833151 -0.020508924 0.997565925
1341845693.622158 0.011809140 0.057069674 -0.070808016 0.050523568 -0.043436959 -0.020991702 0.997556984
1341845693.689929 0.007781168 0.059104312 -0.074399009 0.049651094 -0.041494727 -0.020469263 0.997694373
1341845693.721602 0.009920552 0.062577657 -0.074719578 0.047832686 -0.040159572 -0.021228015 0.997821927
1341845693.757636 0.000147157 0.058300931 -0.071805760 0.045422018 -0.038029481 -0.022123205 0.997998595
1341845693.789776 0.000338063 0.059189141 -0.074924834 0.044723440 -0.038830601 -0.020947106 0.998024702
1341845693.825637 0.004256121 0.063555457 -0.073654845 0.043745510 -0.039838042 -0.020560667 0.998036385
1341845693.857724 -0.000340146 0.054870568 -0.072659910 0.041854694 -0.039083321 -0.020294551 0.998152733
1341845693.889741 0.002458585 0.059924718 -0.073410980 0.042998966 -0.039250843 -0.018849766 0.998125851
1341845693.925573 0.002530618 0.058581695 -0.071370587 0.042243492 -0.039044026 -0.017580414 0.998189330
1341845693.957722 0.001889775 0.055903289 -0.071847782 0.042510942 -0.038399495 -0.016936718 0.998214126
1341845693.990410 0.006242909 0.056680381 -0.072737247 0.043457005 -0.038127314 -0.016553884 0.998190284
1341845694.025740 0.006450996 0.056591216 -0.071305394 0.043863665 -0.036765121 -0.017727148 0.998203456
1341845694.057728 0.001774290 0.056418844 -0.070247576 0.044482172 -0.035162993 -0.017797584 0.998232543
1341845694.093631 0.001416332 0.052131325 -0.070423000 0.045315791 -0.035328995 -0.017605679 0.998192608
1341845694.125598 0.005292145 0.052364577 -0.073335193 0.046700686 -0.035961639 -0.017553251 0.998107076
1341845694.157890 0.005464750 0.054359015 -0.073682807 0.047560785 -0.035314482 -0.018074090 0.998080254
1341845694.193528 0.002293488 0.051613357 -0.074003495 0.048156582 -0.034389921 -0.018348923 0.998078942
1341845694.226254 0.004356882 0.053073127 -0.073327109 0.049650814 -0.034892287 -0.018334780 0.997988582
1341845694.261793 0.006155571 0.054271065 -0.075462982 0.050290409 -0.034668934 -0.017068470 0.997986853
1341845694.293655 0.002635153 0.051728837 -0.074630849 0.050348725 -0.034296431 -0.015553651 0.998021483
1341845694.325844 0.003296528 0.052294850 -0.069623373 0.051898450 -0.036334924 -0.013043348 0.997905910
1341845694.361761 0.003598098 0.051773943 -0.070045002 0.053297065 -0.038674016 -0.011316814 0.997765362
1341845694.393754 0.007392807 0.053971242 -0.075115122 0.054336011 -0.040988397 -0.010360863 0.997627318
1341845694.425809 0.006969513 0.055418801 -0.075996704 0.054435968 -0.042343587 -0.010582141 0.997562945
1341845694.461731 0.011656788 0.060169220 -0.075296983 0.054981299 -0.044240728 -0.011174577 0.997444212
1341845694.493931 0.013869451 0.061548397 -0.076423489 0.053735025 -0.044311542 -0.012291705 0.997495890
1341845694.529694 0.011293730 0.059231117 -0.077189878 0.052177932 -0.043643214 -0.013305394 0.997595012
1341845694.561652 0.010769670 0.057605714 -0.075027600 0.051748767 -0.044825841 -0.013065565 0.997568071
1341845694.595586 0.012262782 0.057481069 -0.072770305 0.052828256 -0.046535078 -0.012220276 0.997443974
1341845694.629850 0.007683689 0.053140372 -0.072835878 0.053441793 -0.047735710 -0.011768805 0.997359931
1341845694.661659 0.019753307 0.057317063 -0.072982810 0.055578575 -0.049869616 -0.010352078 0.997154415
1341845694.693720 0.032790404 0.063371919 -0.079804301 0.055558633 -0.047483824 -0.008935083 0.997285664
1341845694.735664 0.030042388 0.064285532 -0.077821970 0.053875986 -0.040067241 -0.008349289 0.997708559
1341845694.767988 0.025312677 0.067492805 -0.076907955 0.052556407 -0.033576734 -0.006756931 0.998030484
1341845694.803611 0.025027575 0.065913424 -0.072367027 0.050423991 -0.028263900 -0.005220043 0.998314261
1341845694.835585 0.019100538 0.063025810 -0.060357686 0.049457379 -0.023810428 -0.005390977 0.998477817
1341845694.867728 0.023315664 0.067318127 -0.064347900 0.049161263 -0.021654163 -0.004158440 0.998547435
1341845694.903566 0.025002085 0.065277085 -0.063262559 0.047132727 -0.019327313 -0.003132780 0.998696744
1341845694.935679 0.019902986 0.061627321 -0.061250616 0.046506207 -0.016693633 -0.002624957 0.998775065
1341845694.967669 0.021140525 0.061466761 -0.061568253 0.046950374 -0.015588953 -0.001577191 0.998774350
1341845695.003730 0.029408354 0.061917711 -0.060336314 0.046978362 -0.014841189 -0.000233882 0.998785675
1341845695.035689 0.030906210 0.061237168 -0.056688458 0.046894461 -0.011716526 -0.000140670 0.998831153
1341845695.072465 0.022013940 0.059238061 -0.056133322 0.046711538 -0.008688663 0.000563530 0.998870492
1341845695.103895 0.019050637 0.057787165 -0.060136896 0.046737958 -0.009880762 0.001257706 0.998857558
1341845695.135680 0.020020867 0.051529478 -0.056951284 0.046968751 -0.013468987 0.001479743 0.998804450
1341845695.172193 0.023151450 0.052000951 -0.066530794 0.049906354 -0.019789917 0.002205680 0.998555362
1341845695.203618 0.021856423 0.049248490 -0.071361765 0.052187998 -0.026948299 0.002483982 0.998270512
1341845695.235612 0.017964806 0.046682201 -0.071765974 0.055599138 -0.033813611 0.002584247 0.997877121
1341845695.271738 0.020405302 0.047504190 -0.071124434 0.058589466 -0.039445281 0.000553706 0.997502446
1341845695.303569 0.024243554 0.055696726 -0.064178437 0.061318345 -0.044649169 0.000647421 0.997118950
1341845695.335657 0.023663370 0.056399904 -0.066758655 0.062025622 -0.047606532 -0.001573153 0.996937335
1341845695.371706 0.020336026 0.055616297 -0.067784749 0.062189605 -0.049995728 -0.004309316 0.996802092
1341845695.403745 0.020610798 0.053469524 -0.069273293 0.062268376 -0.052970994 -0.006364510 0.996632516
1341845695.435657 0.013866873 0.050588921 -0.070742853 0.063264966 -0.055522121 -0.007517338 0.996422827
1341845695.471720 0.020000851 0.052956294 -0.073772922 0.065111905 -0.060674608 -0.006948616 0.996007442
1341845695.503710 0.013623396 0.057147384 -0.069951713 0.065687135 -0.063008599 -0.007389864 0.995821595
1341845695.539693 0.017000278 0.056860741 -0.068615668 0.065463245 -0.065883659 -0.008668456 0.995639920
1341845695.603908 0.018401163 0.055629797 -0.072567664 0.065684326 -0.068483770 -0.011300765 0.995423436
1341845695.665980 0.015359291 0.056233611 -0.068400972 0.065139070 -0.071086533 -0.012277324 0.995265305
1341845695.701693 0.014717975 0.056271739 -0.069128461 0.065236256 -0.072020590 -0.012252284 0.995191991
1341845695.733686 0.018134307 0.056689639 -0.068102039 0.064961307 -0.073328897 -0.011318585 0.995125592
1341845695.769679 0.021841763 0.059121579 -0.070609696 0.064898044 -0.074015327 -0.010926580 0.995083213
1341845695.801697 0.018013949 0.062448159 -0.068052575 0.064019173 -0.073140897 -0.010593100 0.995208442
1341845695.833635 0.021036549 0.055217374 -0.066644378 0.062230516 -0.073595703 -0.010263088 0.995291770
1341845695.869766 0.020076877 0.056919407 -0.068298668 0.062064674 -0.072899245 -0.009100782 0.995364726
1341845695.901827 0.019508615 0.062927790 -0.073594131 0.061703715 -0.072473742 -0.007417127 0.995432258
1341845695.933900 0.017202893 0.063082084 -0.069776081 0.060403049 -0.072389923 -0.007320412 0.995518744
1341845695.969774 0.019579288 0.061042987 -0.067070045 0.059347652 -0.072085522 -0.006859053 0.995607615
1341845696.001940 0.018171825 0.061048865 -0.068543926 0.058692366 -0.070895001 -0.006117165 0.995736778
1341845696.037778 0.020675682 0.063353665 -0.067431308 0.058085833 -0.070671000 -0.005396109 0.995792449
1341845696.069962 0.017729083 0.062225029 -0.064575411 0.057049919 -0.070511848 -0.003237046 0.995872974
1341845696.102048 0.015853155 0.061854638 -0.064761467 0.056902546 -0.071079597 -0.001514659 0.995845139
1341845696.137759 0.019611416 0.063974462 -0.069652982 0.056585621 -0.071789689 -0.000913812 0.995813012
1341845696.169934 0.022966938 0.059147112 -0.069281958 0.055094995 -0.072524644 -0.001433155 0.995842695
1341845696.201602 0.020725500 0.063253284 -0.071546338 0.054863740 -0.072247177 -0.002500368 0.995873511
1341845696.237582 0.019623701 0.066573612 -0.070517905 0.053592887 -0.071953587 -0.003373243 0.995961428
1341845696.269654 0.019951303 0.062835403 -0.072303712 0.051832788 -0.072777443 -0.003717656 0.995993495
1341845696.305713 0.022013240 0.060566410 -0.071625307 0.051209062 -0.073987521 -0.003264658 0.995938241
1341845696.337790 0.022316229 0.062416729 -0.068628564 0.051078480 -0.074704364 -0.001753457 0.995895207
1341845696.369780 0.023036791 0.063881867 -0.069389418 0.050941616 -0.075539008 -0.001171474 0.995840132
1341845696.406019 0.027949579 0.064121127 -0.074864134 0.049575690 -0.076414354 -0.001058787 0.995842338
1341845696.437910 0.025309784 0.065147921 -0.069289163 0.048080400 -0.076247685 -0.000946413 0.995928586
1341845696.473667 0.026749363 0.065102950 -0.068730235 0.046776280 -0.075700358 -0.001168533 0.996032238
1341845696.505801 0.027930150 0.063280262 -0.067361400 0.044741400 -0.075145826 -0.001067325 0.996167779
1341845696.537879 0.024439452 0.060080796 -0.066035733 0.043597199 -0.074793987 0.000090862 0.996245563
1341845696.573790 0.022184689 0.064164713 -0.067313910 0.044033010 -0.075217217 0.001350100 0.996193647
1341845696.611644 0.024654802 0.060223412 -0.069296062 0.043227561 -0.076276571 0.000857767 0.996148884
1341845696.648592 0.024554593 0.064796530 -0.071020126 0.043358646 -0.076598778 0.001442346 0.996117771
1341845696.705640 0.027770471 0.067872122 -0.070692576 0.041351359 -0.075882182 0.001096037 0.996258378
1341845696.741801 0.029523941 0.062211089 -0.067751110 0.039937604 -0.075212561 0.001482114 0.996366322
1341845696.773765 0.027039746 0.066260792 -0.065669507 0.040283598 -0.073881634 0.002046488 0.996451020
1341845696.805698 0.024757558 0.068830743 -0.063644223 0.039462201 -0.073382460 0.003025061 0.996518314
1341845696.841908 0.030148150 0.065147042 -0.065061644 0.038341217 -0.073731251 0.004310743 0.996531546
1341845696.873637 0.031069191 0.068853028 -0.066038899 0.038101237 -0.072550654 0.004609243 0.996626019
1341845696.905693 0.030296007 0.066042103 -0.068081476 0.036481570 -0.071547866 0.004560702 0.996759355
1341845696.941841 0.031635668 0.066227719 -0.066568531 0.035153311 -0.070964605 0.005876812 0.996841908
1341845696.973560 0.031718519 0.061915971 -0.069487795 0.033533886 -0.070572980 0.008016701 0.996910572
1341845697.009723 0.033110935 0.067101985 -0.068246372 0.033439048 -0.070575237 0.008624346 0.996908605
1341845697.041678 0.034429066 0.063185431 -0.068279989 0.031797696 -0.069328010 0.007665179 0.997057617
1341845697.073636 0.032323141 0.061482135 -0.067055486 0.031740796 -0.067882039 0.006971848 0.997164011
1341845697.109770 0.033029895 0.065258227 -0.067437746 0.032503299 -0.067483224 0.006995609 0.997166276
1341845697.141787 0.033515770 0.065321065 -0.065340124 0.031805638 -0.067268603 0.006902629 0.997203946
1341845697.173791 0.032529887 0.067461908 -0.060975134 0.032137077 -0.067114070 0.007374069 0.997200370
1341845697.209803 0.031572621 0.072264545 -0.060015276 0.033206847 -0.066743448 0.007805994 0.997186899
1341845697.241685 0.029134711 0.067843840 -0.063982382 0.032120202 -0.065753885 0.007794712 0.997288287
1341845697.277780 0.029401122 0.064625703 -0.066281728 0.031205347 -0.065415241 0.008286513 0.997335672
1341845697.309575 0.028036911 0.066410661 -0.067370810 0.031324957 -0.065596394 0.008667934 0.997316778
1341845697.342252 0.028236412 0.067997165 -0.063729443 0.031402305 -0.065961227 0.008380601 0.997292757
1341845697.377604 0.027513338 0.066307493 -0.064106509 0.031411394 -0.065835312 0.008186465 0.997302413
1341845697.409528 0.028644057 0.069151476 -0.063228056 0.031725843 -0.065704644 0.007350295 0.997307599
1341845697.441666 0.026328508 0.061758805 -0.062757596 0.030705296 -0.065050021 0.007274778 0.997382939
1341845697.477718 0.027379923 0.066165395 -0.063165270 0.032288946 -0.065554604 0.007513470 0.997298121
1341845697.509822 0.028388664 0.067860536 -0.062955357 0.032579772 -0.065639347 0.006868205 0.997287810
1341845697.545892 0.029041344 0.065540798 -0.064541057 0.032152947 -0.065994896 0.007041321 0.997276962
1341845697.577742 0.030088888 0.065770425 -0.060656700 0.032860719 -0.067159645 0.007734402 0.997171044
1341845697.609653 0.029143993 0.067436218 -0.061710905 0.033113502 -0.067541145 0.007720937 0.997137010
1341845697.645769 0.031275898 0.068333894 -0.062498897 0.032755818 -0.068226568 0.008157893 0.997098625
1341845697.677795 0.031990740 0.067610666 -0.060339596 0.032496173 -0.068365633 0.008360574 0.997095942
1341845697.713520 0.030173656 0.070416555 -0.060787056 0.032287877 -0.067796573 0.008440684 0.997140944
1341845697.745975 0.031651486 0.064909473 -0.063123509 0.031067621 -0.068295799 0.009195498 0.997138917
1341845697.777683 0.030916616 0.067129783 -0.065460697 0.031049449 -0.068493575 0.009168726 0.997126102
1341845697.813673 0.033460829 0.069534391 -0.064118966 0.030692440 -0.068767346 0.009153804 0.997118533
1341845697.845793 0.032386672 0.072279565 -0.063531466 0.029792890 -0.068213739 0.008994526 0.997185230
1341845697.877887 0.031010447 0.069494821 -0.061778266 0.028513081 -0.068140022 0.008914773 0.997228444
1341845697.913637 0.033362154 0.067990713 -0.061955940 0.027993955 -0.068671189 0.008861721 0.997207165
1341845697.945734 0.030852994 0.069546811 -0.063399978 0.027614173 -0.068258196 0.007807340 0.997254908
1341845697.981763 0.031200176 0.068302833 -0.062132355 0.027145067 -0.068218231 0.007717018 0.997271240
1341845698.013639 0.031414639 0.068126209 -0.059605684 0.027273914 -0.068163380 0.007586848 0.997272432
1341845698.045700 0.032884665 0.069121704 -0.061679665 0.027783373 -0.068387315 0.007176602 0.997246087
1341845698.081804 0.030542139 0.068016618 -0.061622750 0.027353706 -0.068571135 0.006939274 0.997247040
1341845698.113733 0.030490052 0.068318270 -0.059670575 0.027704502 -0.069203958 0.006823236 0.997194469
1341845698.145605 0.031711936 0.070683509 -0.058332942 0.028358376 -0.069742210 0.007067711 0.997136831
1341845698.181637 0.031469457 0.070224963 -0.060717903 0.028411854 -0.069564812 0.005698324 0.997156501
1341845698.213981 0.030709822 0.062555283 -0.063776858 0.027435755 -0.070269153 0.005819611 0.997133732
1341845698.249641 0.031179326 0.069570147 -0.063558675 0.029126558 -0.071400903 0.005452016 0.997007489
1341845698.281737 0.033564810 0.071344607 -0.064834952 0.028048359 -0.071984403 0.005319059 0.996997178
1341845698.313940 0.033040103 0.068200633 -0.061428074 0.027493892 -0.072146416 0.004302323 0.997005761
1341845698.349629 0.033897787 0.067677133 -0.062214013 0.027668966 -0.072223835 0.003493755 0.996998489
1341845698.381667 0.031766102 0.065667130 -0.064657778 0.027483992 -0.072446242 0.003598652 0.996987104
1341845698.413724 0.031879045 0.065076664 -0.065868556 0.027638277 -0.073708519 0.004355173 0.996887267
1341845698.449543 0.030968690 0.067697547 -0.066066794 0.028380169 -0.075033173 0.004681712 0.996766150
1341845698.481693 0.031542648 0.069936492 -0.062780939 0.028730812 -0.076448396 0.004584902 0.996648967
1341845698.517644 0.033120748 0.067577116 -0.064888902 0.028489253 -0.077221692 0.003859696 0.996599436
1341845698.549633 0.032660995 0.065360114 -0.064164735 0.028849114 -0.077840835 0.002491613 0.996545255
1341845698.581773 0.032268502 0.069053836 -0.061674688 0.030242885 -0.078508824 0.000819173 0.996454298
1341845698.617608 0.032997157 0.069144696 -0.064456783 0.030356826 -0.078774415 0.000474415 0.996430039
1341845698.649887 0.034430314 0.065661713 -0.062478598 0.030406434 -0.079330422 0.000130582 0.996384621
1341845698.685838 0.035946332 0.068847418 -0.064035729 0.032028541 -0.079785116 -0.000521268 0.996297300
1341845698.717744 0.036136732 0.074033730 -0.065407805 0.032238521 -0.079645216 -0.000411926 0.996301830
1341845698.749680 0.035797887 0.068459101 -0.064957932 0.030904505 -0.079293482 0.000378048 0.996372104
1341845698.785826 0.036528617 0.070519209 -0.065669268 0.031117389 -0.079421498 0.000815210 0.996354997
1341845698.817603 0.035002235 0.070187211 -0.064774968 0.030436443 -0.079023384 0.000245335 0.996408045
1341845698.849705 0.037423074 0.070040688 -0.062591143 0.029444722 -0.079404093 0.000080825 0.996407568
1341845698.885714 0.036881901 0.068682604 -0.062688470 0.028977223 -0.079337880 -0.000004939 0.996426582
1341845698.917723 0.038100805 0.072072059 -0.063055217 0.028765980 -0.079336628 0.000047126 0.996432781
1341845698.953706 0.036530137 0.068265051 -0.065622672 0.027500326 -0.078553289 -0.000360457 0.996530533
1341845698.985694 0.036026340 0.069033533 -0.065999955 0.027057350 -0.078364335 0.000034300 0.996557593
1341845699.017571 0.035365339 0.071260720 -0.065011322 0.026553396 -0.078761145 0.000325391 0.996539772
1341845699.053593 0.033502057 0.070841886 -0.065900512 0.025326386 -0.078595094 -0.000045695 0.996584892
1341845699.086340 0.034852989 0.074458890 -0.066292316 0.024016727 -0.078425378 0.000102314 0.996630669
1341845699.117688 0.035652447 0.073574901 -0.062952824 0.022065889 -0.078615747 -0.000001416 0.996660769
1341845699.153695 0.041363690 0.075797454 -0.057978343 0.020883551 -0.079449706 0.000126973 0.996620119
1341845699.185845 0.043566149 0.078082666 -0.058774229 0.020185135 -0.079262249 -0.000091347 0.996649444
1341845699.221973 0.040530786 0.076305680 -0.058387354 0.018811796 -0.078415029 -0.000401681 0.996743262
1341845699.253571 0.040237948 0.074216641 -0.057707198 0.018430309 -0.078990854 -0.000033500 0.996705055
1341845699.285622 0.032477740 0.070387214 -0.060361899 0.018894309 -0.078783303 0.000594912 0.996712565
1341845699.321906 0.033759765 0.073165275 -0.062237307 0.019843994 -0.079935573 0.001395739 0.996601522
1341845699.354916 0.040297415 0.073433153 -0.060057119 0.019817559 -0.081686936 0.001709340 0.996459544
1341845699.385859 0.042577554 0.073052272 -0.060962278 0.020181477 -0.082108296 0.001148901 0.996418417
1341845699.421535 0.042680573 0.071586899 -0.058894571 0.020579843 -0.081718728 0.000362589 0.996442974
1341845699.454093 0.048675187 0.077684864 -0.059426945 0.021273622 -0.081793033 -0.000180420 0.996422291
1341845699.489836 0.049622841 0.074958950 -0.059333783 0.020525008 -0.081432089 0.000207064 0.996467531
1341845699.522001 0.047614675 0.072598509 -0.059831463 0.020361701 -0.081755124 0.001035713 0.996443927
1341845699.556281 0.046941776 0.070043407 -0.061042324 0.020784499 -0.081884287 0.001363523 0.996424198
1341845699.595416 0.049567636 0.069483876 -0.062537327 0.021142947 -0.081817389 0.001350552 0.996422172
1341845699.628631 0.050924681 0.071662091 -0.061822578 0.021093344 -0.080934890 0.000738883 0.996495962
1341845699.663810 0.049171984 0.067482002 -0.061038211 0.020395102 -0.079886675 0.001292037 0.996594429
1341845699.696113 0.046287477 0.067730963 -0.065648042 0.021242026 -0.079027280 0.002460670 0.996643126
1341845699.727683 0.049015477 0.074637465 -0.067236550 0.020863088 -0.079012662 0.002577901 0.996652007
1341845699.789808 0.048162624 0.072388396 -0.059636228 0.019069595 -0.078096524 0.001353679 0.996762514
1341845699.821737 0.047569919 0.069044739 -0.061194114 0.018551633 -0.077197067 0.001002806 0.996842802
1341845699.857825 0.046594691 0.069927290 -0.064574108 0.018393539 -0.077218719 0.001601976 0.996843278
1341845699.889686 0.047299970 0.067853607 -0.062282346 0.018377537 -0.077713229 0.001130590 0.996805787
1341845699.925749 0.048987903 0.068722837 -0.059549622 0.018811528 -0.077504233 0.001021135 0.996814013
1341845699.957536 0.047196116 0.067940608 -0.060428016 0.019359745 -0.076944172 0.001646691 0.996846080
1341845699.989671 0.046629898 0.064999819 -0.059291415 0.020008121 -0.077174656 0.002679159 0.996813297
1341845700.025810 0.049219761 0.067023493 -0.062292263 0.021319391 -0.077524580 0.002715093 0.996758819
1341845700.058133 0.049985092 0.067517757 -0.060728237 0.021947591 -0.077289969 0.002250357 0.996764541
1341845700.090754 0.049686901 0.072209656 -0.058520086 0.022903508 -0.076754265 0.001573559 0.996785760
1341845700.125852 0.049750239 0.069687568 -0.058936864 0.022610150 -0.076839782 0.001261664 0.996786237
1341845700.157773 0.051447108 0.068430431 -0.060546119 0.023067342 -0.077070259 0.001011296 0.996758342
1341845700.193533 0.052443437 0.069147281 -0.059733890 0.023479659 -0.076534905 0.000226260 0.996790409
1341845700.225771 0.053112019 0.067135490 -0.060487986 0.023058331 -0.075799435 0.000374440 0.996856451
1341845700.257669 0.053611483 0.066984043 -0.060145251 0.023287887 -0.075472772 0.000848846 0.996875584
1341845700.293641 0.054790411 0.065326601 -0.063187532 0.022912716 -0.075244173 0.002108955 0.996899724
1341845700.325714 0.053501584 0.067037083 -0.059966817 0.023373103 -0.075193398 0.002666026 0.996891499
1341845700.357742 0.054647312 0.068423562 -0.059839014 0.023734856 -0.074697278 0.002131367 0.996921539
1341845700.393681 0.056761444 0.069544099 -0.059422735 0.023397529 -0.074078038 0.001391977 0.996977031
1341845700.425997 0.053898167 0.070787475 -0.057468720 0.023223268 -0.073323801 0.000797340 0.997037530
1341845700.461682 0.054896217 0.070709579 -0.056458153 0.023220848 -0.073434807 0.000204042 0.997029662
1341845700.493808 0.053934947 0.071254224 -0.057582356 0.023229863 -0.072916165 -0.000370875 0.997067511
1341845700.526106 0.055355903 0.068266973 -0.057640873 0.022340998 -0.073042274 -0.000103850 0.997078657
1341845700.562458 0.055276170 0.069195367 -0.055161286 0.022231901 -0.072988525 0.000623862 0.997084796
1341845700.626137 0.056832202 0.068936147 -0.059281416 0.021741819 -0.073155217 0.000710732 0.997083306
1341845700.661872 0.055166200 0.077491820 -0.050341863 0.022723977 -0.072600938 -0.000141033 0.997102201
1341845700.693861 0.052635211 0.076702654 -0.049476672 0.022083789 -0.071819670 -0.000408198 0.997173071
1341845700.732394 0.052838825 0.067642964 -0.055707090 0.020853058 -0.072385617 0.000096721 0.997158766
1341845700.767794 0.056507904 0.069737680 -0.054116964 0.021566894 -0.073160291 0.000733016 0.997086763
1341845700.799058 0.056752793 0.070539206 -0.057111353 0.021970032 -0.072774053 0.000603088 0.997106314
1341845700.867749 0.055991497 0.074910715 -0.050782058 0.022706509 -0.072581552 0.000082303 0.997103989
1341845700.930007 0.056229319 0.069815658 -0.056093939 0.023051135 -0.073205486 0.000391767 0.997050405
1341845700.961797 0.059570961 0.072148547 -0.056078587 0.023359394 -0.073435299 -0.000338712 0.997026384
1341845700.997752 0.054690175 0.069668144 -0.055882789 0.022778390 -0.072647199 -0.000686073 0.997097313
1341845701.029597 0.056862045 0.070167527 -0.053131070 0.023050442 -0.073753394 -0.000844511 0.997009754
1341845701.061618 0.056241505 0.070091434 -0.055944175 0.023250699 -0.073856652 -0.001010814 0.996997356
1341845701.097561 0.056925610 0.070999235 -0.057345368 0.023690237 -0.074103586 -0.001123050 0.996968508
1341845701.129741 0.056796879 0.073481716 -0.054852754 0.024089830 -0.073835708 -0.001073923 0.996978819
1341845701.165734 0.055832960 0.069214150 -0.058941688 0.023169512 -0.073315151 -0.001028050 0.997039139
1341845701.197714 0.054339916 0.068245851 -0.059872001 0.023635589 -0.073565401 -0.001251604 0.997009575
1341845701.230497 0.056604851 0.070616305 -0.056776490 0.024167370 -0.074361160 -0.001201633 0.996937811
1341845701.265852 0.052320775 0.071427457 -0.052598063 0.024648707 -0.074267037 -0.000961692 0.996933341
1341845701.297730 0.055541012 0.066786669 -0.057712134 0.024904745 -0.075292617 -0.001337779 0.996849537
1341845701.329611 0.058715366 0.072900474 -0.053979434 0.025690412 -0.075756751 -0.001592335 0.996794105
1341845701.365791 0.056244306 0.070627794 -0.055607479 0.024920715 -0.074975386 -0.002263522 0.996871412
1341845701.397757 0.057133958 0.072742119 -0.055232178 0.024915431 -0.074922368 -0.002641365 0.996874630
1341845701.433542 0.057170004 0.069484927 -0.057589605 0.024037993 -0.074350528 -0.001994212 0.996940434
1341845701.465617 0.056745935 0.071046717 -0.056699976 0.024490692 -0.074368186 -0.000678003 0.996929884
1341845701.497704 0.056236457 0.073070236 -0.056003984 0.024455434 -0.074536756 0.000106056 0.996918380
1341845701.533597 0.057680547 0.070635900 -0.058633056 0.023861663 -0.074649096 -0.000570524 0.996924162
1341845701.597762 0.057590477 0.073119558 -0.055775288 0.024002181 -0.073862724 -0.001161003 0.996978879
1341845701.633825 0.055128846 0.070716627 -0.056619529 0.024219086 -0.073754877 -0.001363049 0.996981382
1341845701.665709 0.060240302 0.070865735 -0.054143615 0.024911014 -0.074422538 -0.000979083 0.996915162
1341845701.701676 0.059282981 0.074190326 -0.050122701 0.026088046 -0.074166864 -0.000998446 0.996904075
1341845701.733527 0.060374994 0.076889351 -0.050924990 0.026987983 -0.074331269 -0.001144795 0.996867776
1341845701.765764 0.060678124 0.076596014 -0.051049974 0.026986085 -0.074285224 -0.001249318 0.996871114
1341845701.801701 0.058355488 0.074679300 -0.050457884 0.026725085 -0.073612094 -0.001523712 0.996927738
1341845701.833700 0.058470841 0.074358150 -0.047896128 0.026850233 -0.073661529 -0.001116870 0.996921182
1341845701.865775 0.058499031 0.074871421 -0.052057359 0.027122265 -0.073578037 -0.000713731 0.996920347
1341845701.901711 0.058387697 0.074753948 -0.050989859 0.027047439 -0.073404849 -0.001082977 0.996934831
1341845701.933585 0.057615023 0.075338855 -0.052006755 0.026689364 -0.072816476 -0.001417288 0.996987224
1341845701.969726 0.058740467 0.074586473 -0.053328447 0.026271386 -0.072994739 -0.001640420 0.996984899
1341845702.002544 0.058493059 0.071862034 -0.052332368 0.026005214 -0.072757497 -0.001799884 0.997008979
1341845702.034379 0.057187621 0.072059877 -0.052446030 0.026325503 -0.072317995 -0.002437287 0.997031212
1341845702.101809 0.056120269 0.071721807 -0.052973516 0.026746560 -0.072454117 -0.003043932 0.997008443
1341845702.137663 0.056511912 0.072358072 -0.050751865 0.027016459 -0.073109120 -0.002913831 0.996953726
1341845702.169629 0.057758808 0.075540051 -0.048256710 0.028059714 -0.073569641 -0.003057533 0.996890604
1341845702.201769 0.058568154 0.076967485 -0.051205810 0.028638158 -0.073071763 -0.003980034 0.996907532
1341845702.237691 0.056307640 0.075221322 -0.050919790 0.028330429 -0.072312623 -0.004245702 0.996970534
1341845702.269760 0.056932595 0.074117921 -0.050765835 0.028461775 -0.072625570 -0.004288165 0.996943891
1341845702.301761 0.057129961 0.074038208 -0.050168898 0.028661374 -0.072255783 -0.005332730 0.996960044
1341845702.337713 0.054280486 0.074011847 -0.052968953 0.028246941 -0.071209498 -0.005401923 0.997046709
1341845702.369720 0.054706283 0.072766840 -0.051620062 0.027892005 -0.071860731 -0.004753899 0.997013330
1341845702.405655 0.057150170 0.074717514 -0.050764635 0.028185440 -0.072151989 -0.004519264 0.996985137
1341845702.469691 0.058001995 0.072882816 -0.049852293 0.028061744 -0.071345046 -0.004515643 0.997046649
1341845702.506265 0.057919923 0.073839344 -0.048857361 0.028403565 -0.071431711 -0.004206169 0.997032106
1341845702.569753 0.059503932 0.072889291 -0.049842026 0.028077772 -0.071921475 -0.002667220 0.997011483
1341845702.605685 0.060101148 0.074422874 -0.051078089 0.027839756 -0.072155081 -0.002389089 0.997001946
1341845702.637718 0.059487019 0.072271220 -0.048573639 0.027014390 -0.072117865 -0.002927230 0.997025967
1341845702.673733 0.061909046 0.072610736 -0.049460299 0.026920302 -0.072278880 -0.002933935 0.997016847
1341845702.705735 0.060462967 0.075514272 -0.052305430 0.026782252 -0.071314752 -0.003856999 0.997086883
1341845702.737648 0.059210557 0.075848147 -0.052149139 0.025930373 -0.070435576 -0.005293323 0.997165263
1341845702.773644 0.064634524 0.074672945 -0.053526971 0.023889001 -0.070698746 -0.005734180 0.997195125
1341845702.805893 0.066834189 0.071012102 -0.051601630 0.022181235 -0.070292488 -0.006288162 0.997259974
1341845702.837969 0.069814585 0.072485112 -0.055812977 0.021237740 -0.070020288 -0.007140604 0.997293890
1341845702.874009 0.067741208 0.071173713 -0.053044524 0.019220700 -0.068952978 -0.007576616 0.997406006
1341845702.908704 0.065879039 0.070301779 -0.050450109 0.018691853 -0.068513036 -0.007492730 0.997447014
1341845702.941673 0.060582440 0.071442805 -0.047372755 0.019779287 -0.068192460 -0.006622915 0.997454107
1341845702.973595 0.054053668 0.066088207 -0.050642181 0.021113910 -0.068290405 -0.005286024 0.997428060
1341845703.005769 0.057364468 0.072412968 -0.050595984 0.023600370 -0.070243694 -0.003488607 0.997244537
1341845703.041648 0.059781682 0.071797349 -0.052583098 0.024723493 -0.071345307 -0.003331339 0.997139692
1341845703.073714 0.061598826 0.080866404 -0.052924022 0.025164450 -0.071288556 -0.004440781 0.997128367
1341845703.109699 0.063201748 0.078649901 -0.050613504 0.022659041 -0.069834173 -0.006422652 0.997280598
1341845703.142006 0.066530481 0.075847365 -0.053395174 0.020880746 -0.068832241 -0.007115810 0.997384369
1341845703.173706 0.063424140 0.074360691 -0.052350249 0.019383732 -0.067888439 -0.007925108 0.997473121
1341845703.209732 0.057542086 0.074628137 -0.049470823 0.019324293 -0.067232385 -0.008020669 0.997518003
1341845703.242050 0.058356270 0.071661636 -0.050583024 0.019898023 -0.067546837 -0.007789375 0.997487247
1341845703.273874 0.057355262 0.071906753 -0.051097635 0.020737944 -0.068180420 -0.007032586 0.997432709
1341845703.309758 0.060146224 0.073012769 -0.048740741 0.021750849 -0.069503337 -0.005665037 0.997328460
1341845703.341850 0.060932428 0.072845578 -0.049150035 0.022241881 -0.069644026 -0.005999692 0.997305930
1341845703.377702 0.061614856 0.073871762 -0.047945388 0.023027077 -0.069183335 -0.006334276 0.997318089
1341845703.409585 0.062663846 0.072672784 -0.050508220 0.023095883 -0.069098659 -0.006497759 0.997321308
1341845703.441629 0.059456069 0.074152559 -0.049972780 0.023072509 -0.068917684 -0.007425524 0.997327924
1341845703.477741 0.058759838 0.074314237 -0.050248832 0.023074765 -0.068759687 -0.008141262 0.997333169
1341845703.509995 0.060801052 0.071940772 -0.047625128 0.023131942 -0.069027290 -0.007977089 0.997314692
1341845703.541800 0.061612632 0.072481751 -0.049087822 0.023978468 -0.068887658 -0.008468656 0.997300327
1341845703.577765 0.061774518 0.072455011 -0.049069621 0.024012197 -0.069136217 -0.009127417 0.997276485
1341845703.609650 0.061474383 0.072453596 -0.048442651 0.024453387 -0.069452725 -0.009656733 0.997238815
1341845703.651761 0.061934486 0.072489254 -0.049400032 0.024757110 -0.069834411 -0.009135096 0.997209549
1341845703.709916 0.063323297 0.072803617 -0.051394783 0.024659226 -0.071181111 -0.008934686 0.997118592
1341845703.745719 0.061215013 0.075063698 -0.053258244 0.023964647 -0.070268400 -0.010291671 0.997187138
1341845703.777733 0.059999511 0.074632891 -0.050801560 0.022622572 -0.069151416 -0.010881747 0.997290313
1341845703.809711 0.061284948 0.074571632 -0.048785597 0.022346525 -0.068926759 -0.010502888 0.997316122
1341845703.845769 0.061567880 0.073927030 -0.049179982 0.022278903 -0.069115773 -0.010498895 0.997304559
1341845703.877728 0.063607424 0.073538862 -0.051325902 0.022011049 -0.069325998 -0.010368093 0.997297347
1341845703.913808 0.061965354 0.072863601 -0.048948467 0.021430617 -0.069019206 -0.010169873 0.997333288
1341845703.945653 0.061950527 0.073056452 -0.047870759 0.021708701 -0.068596609 -0.010909724 0.997348607
1341845703.977870 0.061725765 0.072721720 -0.048852004 0.022135433 -0.068281874 -0.010747273 0.997362614
1341845704.013637 0.060127553 0.071954742 -0.046266817 0.022868039 -0.068390071 -0.010594555 0.997340262
1341845704.045703 0.061439149 0.072379835 -0.048451301 0.023897732 -0.068829089 -0.010339749 0.997288644
1341845704.077666 0.063759252 0.071543463 -0.048402689 0.024208797 -0.069225259 -0.009516490 0.997261941
1341845704.113706 0.062500477 0.076276533 -0.047338407 0.024954544 -0.068774872 -0.009578024 0.997274101
1341845704.145681 0.062561080 0.076794624 -0.049823482 0.024574604 -0.068351157 -0.009984839 0.997308671
1341845704.181785 0.061671123 0.074693851 -0.047968782 0.023918612 -0.067870475 -0.010404354 0.997353137
1341845704.213778 0.061364789 0.073862769 -0.048882194 0.023548741 -0.067738555 -0.010162751 0.997373462
1341845704.245863 0.062987842 0.074067757 -0.047946021 0.023612017 -0.067922950 -0.009927259 0.997361720
1341845704.281578 0.060884085 0.074972652 -0.050394092 0.023451522 -0.067195468 -0.009656416 0.997417510
1341845704.313707 0.065606378 0.078179464 -0.047376640 0.023127371 -0.067543745 -0.009022740 0.997407496
1341845704.349873 0.065686211 0.078280874 -0.045191981 0.022568276 -0.066093266 -0.009364229 0.997514248
1341845704.381729 0.067679390 0.076929837 -0.044611998 0.021553177 -0.064664923 -0.009251166 0.997631431
1341845704.413817 0.071996734 0.072212502 -0.046657842 0.020829909 -0.063837565 -0.009121787 0.997701228
1341845704.449837 0.071637318 0.077329718 -0.048501514 0.021624053 -0.062145721 -0.009622031 0.997786462
1341845704.481600 0.070746355 0.076623522 -0.048389923 0.020425078 -0.060399447 -0.009876740 0.997916460
1341845704.513671 0.066507921 0.067247070 -0.044792164 0.020105321 -0.059430081 -0.009442423 0.997985303
1341845704.549869 0.057199117 0.064345010 -0.043500967 0.024143798 -0.059053183 -0.007168411 0.997937143
1341845704.581901 0.056878027 0.068340622 -0.042282119 0.028752344 -0.061128091 -0.005203287 0.997702181
1341845704.617838 0.060483113 0.076182500 -0.043686092 0.031682070 -0.062475055 -0.005942820 0.997525871
1341845704.650477 0.063415959 0.074942186 -0.044792686 0.031937487 -0.062837951 -0.006969923 0.997488260
1341845704.681708 0.059726328 0.071916252 -0.043713756 0.032627515 -0.062892847 -0.007637091 0.997457623
1341845704.717704 0.059595652 0.073078491 -0.044331983 0.033942100 -0.064075626 -0.007669199 0.997338176
1341845704.749702 0.063742436 0.076154508 -0.045605928 0.034720346 -0.064850479 -0.008906255 0.997251093
1341845704.781791 0.062449347 0.076855794 -0.043611769 0.034004442 -0.064286001 -0.011097572 0.997290313
1341845704.817744 0.056439456 0.068531796 -0.045045882 0.033394977 -0.063934147 -0.012245993 0.997320116
1341845704.849705 0.056644339 0.071794227 -0.049542818 0.035413470 -0.065568291 -0.012519060 0.997140884
1341845704.885675 0.058782469 0.075673304 -0.049383588 0.036108717 -0.066935949 -0.012688822 0.997022927
1341845704.917742 0.057287153 0.076160014 -0.050807770 0.035511207 -0.067224532 -0.012405483 0.997028530
1341845704.949746 0.057135873 0.076050028 -0.050369918 0.034913402 -0.067738786 -0.013965311 0.996994197
1341845704.985761 0.056134589 0.077781387 -0.051182974 0.034306668 -0.067930214 -0.014729634 0.996991277
1341845705.017537 0.055706199 0.076068565 -0.049852494 0.033472423 -0.068210058 -0.015413788 0.996990204
1341845705.049660 0.057056360 0.077304944 -0.051638573 0.032771870 -0.068744674 -0.015464094 0.996976018
1341845705.085710 0.056793399 0.074484691 -0.048655272 0.031850565 -0.069413751 -0.015917821 0.996952295
1341845705.117831 0.057136856 0.076374516 -0.051266115 0.032137785 -0.070118949 -0.016163526 0.996889830
1341845705.154005 0.062043604 0.073398955 -0.049862068 0.030294368 -0.071115762 -0.016363280 0.996873677
1341845705.185648 0.060408648 0.072252430 -0.047190774 0.029475762 -0.070592955 -0.016422426 0.996934414
1341845705.217695 0.058404006 0.077141427 -0.050251752 0.030052781 -0.069603555 -0.016459385 0.996986151
1341845705.253735 0.057768632 0.076909363 -0.049640175 0.029542506 -0.069098070 -0.016720036 0.997032166
1341845705.285554 0.056802358 0.074507244 -0.047751732 0.028931918 -0.069276281 -0.016788626 0.997036636
1341845705.321646 0.055331424 0.077181891 -0.047859374 0.029695837 -0.069488406 -0.015723480 0.997016728
1341845705.353674 0.057743207 0.074903585 -0.050128788 0.029494140 -0.070137508 -0.014940551 0.996989250
1341845705.385774 0.056886021 0.073460437 -0.048709489 0.029747723 -0.070182472 -0.015523541 0.996969700
1341845705.421801 0.057134435 0.073605224 -0.045746986 0.030850070 -0.069966227 -0.015806746 0.996946990
1341845705.453568 0.054660011 0.070748076 -0.045376271 0.032726876 -0.069649488 -0.015453440 0.996914864
1341845705.485749 0.054612067 0.074171923 -0.046212364 0.034943126 -0.070701540 -0.013771929 0.996790230
1341845705.521655 0.056140825 0.074556001 -0.046462521 0.036391657 -0.071519516 -0.012890807 0.996691823
1341845705.553548 0.059927862 0.077116430 -0.045972854 0.037427668 -0.072169639 -0.012266384 0.996614456
1341845705.589775 0.061539236 0.078160942 -0.047482051 0.037221808 -0.072136112 -0.012507949 0.996621609
1341845705.621894 0.059748948 0.076896898 -0.048997037 0.037072115 -0.072132595 -0.011484719 0.996639729
1341845705.653569 0.054153204 0.075959176 -0.049740341 0.036974035 -0.073746458 -0.010689150 0.996534050
1341845705.689868 0.065251715 0.072811425 -0.049710914 0.037139315 -0.076580621 -0.011479218 0.996305346
1341845705.721810 0.059312373 0.078783512 -0.043868281 0.037898656 -0.075058028 -0.011828993 0.996388495
1341845705.753738 0.058242872 0.075357631 -0.046838526 0.037273671 -0.074189961 -0.013197593 0.996459961
1341845705.789861 0.066503517 0.076640047 -0.046887927 0.037413292 -0.074410260 -0.012235849 0.996450603
1341845705.821704 0.056897521 0.080414489 -0.043376878 0.037746359 -0.072539665 -0.011948107 0.996579409
1341845705.863629 0.062363990 0.071504295 -0.047497470 0.037035238 -0.074037865 -0.011922005 0.996496201
1341845705.895623 0.058452904 0.068235531 -0.047364801 0.038285136 -0.075167261 -0.010161951 0.996383905
1341845705.931726 0.057636779 0.075142972 -0.049460404 0.040549509 -0.077463925 -0.008043614 0.996137738
1341845705.963641 0.056621455 0.080412522 -0.050821234 0.041267294 -0.078670315 -0.010269921 0.995993257
1341845705.995677 0.067952976 0.084043570 -0.046275020 0.040326633 -0.079828635 -0.014336209 0.995889425
1341845706.031837 0.067720123 0.085151695 -0.045438185 0.037994374 -0.077832751 -0.015237082 0.996125698
1341845706.063631 0.051703643 0.079075992 -0.043456379 0.036270514 -0.076482661 -0.015181462 0.996295333
1341845706.095737 0.055504382 0.081074439 -0.038939700 0.036747366 -0.078807563 -0.016018609 0.996083558
1341845706.131716 0.064870559 0.083706237 -0.042996328 0.035965428 -0.079134785 -0.017524414 0.996060848
1341845706.163718 0.060185783 0.076719552 -0.037047066 0.034521315 -0.077382542 -0.016554464 0.996266186
1341845706.195662 0.061760336 0.078900583 -0.041620892 0.035433028 -0.077999927 -0.015774669 0.996198714
1341845706.231610 0.068266802 0.085551940 -0.037273407 0.035373352 -0.078451976 -0.015359538 0.996171713
1341845706.263724 0.062429458 0.084811941 -0.033690635 0.034127053 -0.075766414 -0.014299160 0.996438861
1341845706.299838 0.055573739 0.083094649 -0.035306346 0.032848205 -0.074458055 -0.013231060 0.996595204
1341845706.331753 0.060929675 0.085831203 -0.033824936 0.032793093 -0.075935096 -0.013859384 0.996477067
1341845706.363574 0.060152110 0.081325673 -0.033220943 0.031819806 -0.075560421 -0.013778675 0.996538162
1341845706.399690 0.058507849 0.082006678 -0.033139922 0.032073047 -0.075776309 -0.013595814 0.996516168
1341845706.431735 0.062748067 0.082857937 -0.029865794 0.032540407 -0.076187626 -0.013483708 0.996471167
1341845706.463612 0.062996328 0.081633531 -0.029805174 0.032253999 -0.075267829 -0.011582532 0.996574342
1341845706.499655 0.058431353 0.076602139 -0.031415783 0.032393083 -0.075280838 -0.010570088 0.996580064
1341845706.531782 0.065133654 0.083897263 -0.030243739 0.034331739 -0.076886512 -0.010625725 0.996392012
1341845706.563559 0.072355516 0.081640244 -0.027657636 0.034195654 -0.075802960 -0.010594198 0.996480048
1341845706.599529 0.059780393 0.074907877 -0.026979653 0.034260400 -0.072587110 -0.010791570 0.996715069
1341845706.631786 0.062302455 0.075735450 -0.029212819 0.036096249 -0.074223660 -0.011792819 0.996518433
1341845706.667647 0.072272621 0.076623604 -0.028722415 0.036983155 -0.074680984 -0.011326061 0.996457100
1341845706.700732 0.073584802 0.079049535 -0.027453125 0.037442572 -0.072794467 -0.010547326 0.996588111
1341845706.732115 0.071647860 0.074850336 -0.028533295 0.037474193 -0.072091199 -0.009972087 0.996643901
1341845706.768143 0.074214891 0.076909900 -0.027696483 0.038418002 -0.072103672 -0.008353313 0.996621966
1341845706.800357 0.068325266 0.073022000 -0.031018389 0.038352422 -0.070424698 -0.007400320 0.996752083
1341845706.832602 0.069056645 0.076436840 -0.032040130 0.038870633 -0.070672929 -0.007662002 0.996712506
1341845706.869449 0.069102377 0.080284283 -0.030895451 0.038761489 -0.070468515 -0.007579186 0.996731818
1341845706.933651 0.069342792 0.075838417 -0.030901425 0.037397705 -0.071035109 -0.006771623 0.996749520
1341845706.994021 0.069714889 0.077424750 -0.031585656 0.036498029 -0.070804037 -0.005004649 0.996809781
1341845707.029674 0.067300282 0.074451566 -0.032293838 0.036664624 -0.070817143 -0.003979730 0.996807337
1341845707.061864 0.072799772 0.076615520 -0.030467043 0.037529532 -0.071393475 -0.003817444 0.996734619
1341845707.097704 0.072758168 0.070707001 -0.031895112 0.036993880 -0.070117198 -0.003216429 0.996847391
1341845707.129770 0.072271526 0.066933215 -0.030687314 0.038698576 -0.070087381 -0.002174954 0.996787608
1341845707.161817 0.076378815 0.069123313 -0.033806831 0.041397307 -0.071079530 -0.002042500 0.996609151
1341845707.197721 0.079047456 0.069300875 -0.031425741 0.042254638 -0.070381775 -0.002263406 0.996622205
1341845707.229795 0.075793475 0.068611793 -0.032240797 0.042782217 -0.068826757 -0.003141083 0.996705949
1341845707.261851 0.076812699 0.070700012 -0.030745003 0.043520540 -0.068943262 -0.001951450 0.996668935
1341845707.297710 0.078677140 0.070466548 -0.032702141 0.043567218 -0.068144888 -0.002087542 0.996721625
1341845707.329761 0.081527904 0.068033122 -0.033262908 0.042647365 -0.066894360 -0.002692917 0.996844590
1341845707.365850 0.081111148 0.064015925 -0.031145135 0.042520903 -0.065277182 -0.001736354 0.996959329
1341845707.397796 0.079884060 0.063949682 -0.028533440 0.043763828 -0.065342009 0.000929058 0.996902347
1341845707.429752 0.083369590 0.064069718 -0.028931357 0.044819109 -0.065767601 0.001533966 0.996826768
1341845707.465767 0.085839450 0.062963799 -0.028966371 0.045698840 -0.064317994 0.001009339 0.996882081
1341845707.497642 0.086029366 0.063360035 -0.028590068 0.046301104 -0.062762395 0.001225345 0.996953189
1341845707.533665 0.091857098 0.061083846 -0.028479610 0.046676479 -0.062582582 0.002314320 0.996945024
1341845707.565754 0.092737973 0.061820000 -0.029182138 0.047801569 -0.060349088 0.001242748 0.997031391
1341845707.597603 0.093438946 0.061800692 -0.030570623 0.048167735 -0.058545925 0.001588956 0.997120798
1341845707.633748 0.090008929 0.062500954 -0.023553355 0.048607774 -0.058100022 0.002922234 0.997122467
1341845707.665870 0.091470629 0.063041165 -0.026403602 0.049272478 -0.058227286 0.003683680 0.997079909
1341845707.698455 0.098824933 0.063611403 -0.025904652 0.048640955 -0.058554776 0.003516990 0.997092307
1341845707.734303 0.093019359 0.064667895 -0.026187357 0.048393276 -0.057210684 0.002366191 0.997185826
1341845707.766259 0.094392493 0.061753865 -0.020639554 0.047954857 -0.057973761 0.002831612 0.997161686
1341845707.836344 0.093709350 0.061924562 -0.027160952 0.049501173 -0.057501234 0.002376813 0.997114658
1341845707.866230 0.092928663 0.065532051 -0.022286076 0.050047275 -0.058099184 0.001923189 0.997053683
1341845707.901694 0.093454078 0.062443059 -0.024374748 0.048985776 -0.058478475 0.003171478 0.997081041
1341845707.933640 0.092401415 0.061867494 -0.023971558 0.049174495 -0.058912441 0.002839716 0.997047305
1341845707.965831 0.095352873 0.062580436 -0.022258524 0.049659323 -0.059430312 0.002716990 0.996992826
1341845708.001954 0.094104722 0.062837072 -0.022714829 0.049679510 -0.058672059 0.003386973 0.997034609
1341845708.034393 0.090669528 0.062691323 -0.023036955 0.049853951 -0.058972470 0.002526503 0.997010767
1341845708.069946 0.095711097 0.065823182 -0.023762876 0.049867690 -0.059640553 0.002343774 0.996970832
1341845708.101700 0.090881348 0.060087953 -0.021654196 0.048563268 -0.058935475 0.002287285 0.997077286
1341845708.133697 0.093138799 0.060642373 -0.022034381 0.049065094 -0.060265113 0.002129969 0.996973574
1341845708.169675 0.095858455 0.062662549 -0.022595184 0.049310807 -0.061068878 0.001790262 0.996913135
1341845708.201793 0.093542725 0.060602922 -0.023203483 0.048793860 -0.060501684 0.000547662 0.996974707
1341845708.233744 0.091381483 0.057880774 -0.026425945 0.048794497 -0.060847122 0.000176275 0.996953726
1341845708.269711 0.095710710 0.061286770 -0.020239845 0.049904998 -0.062504619 0.001005097 0.996795774
1341845708.301629 0.091762945 0.063941963 -0.024759095 0.050481774 -0.062384155 0.000053620 0.996774733
1341845708.337612 0.095444180 0.064863406 -0.024577999 0.050038431 -0.062568903 -0.001579189 0.996784270
1341845708.369900 0.093825921 0.062124513 -0.024607247 0.049223084 -0.062004548 -0.002112967 0.996859133
1341845708.401883 0.095982604 0.063535750 -0.021461111 0.049753450 -0.063283406 -0.002582412 0.996751308
1341845708.443610 0.105906732 0.068597406 -0.022243276 0.050702773 -0.064589910 -0.002595843 0.996619642
1341845708.501776 0.103907838 0.069786638 -0.024350338 0.050106362 -0.065795973 -0.000803542 0.996573985
1341845708.543852 0.099384204 0.069083504 -0.022258811 0.050491858 -0.066977359 -0.000797463 0.996475816
1341845708.605675 0.099391304 0.070358925 -0.026004529 0.049554091 -0.068261988 -0.003443387 0.996430039
1341845708.637641 0.092815638 0.070558295 -0.024401907 0.049867988 -0.069243886 -0.004060002 0.996344328
1341845708.669692 0.097796820 0.072609648 -0.024369096 0.050192110 -0.071532711 -0.005509309 0.996159434
1341845708.705736 0.100185879 0.072088100 -0.025900370 0.049070790 -0.071494058 -0.006078126 0.996214747
1341845708.738027 0.091463640 0.070882954 -0.024806902 0.048667047 -0.071065068 -0.006752950 0.996260822
1341845708.773829 0.094647512 0.073731579 -0.027892832 0.049085062 -0.073582590 -0.006944716 0.996056259
1341845708.805763 0.096790262 0.074045211 -0.027170543 0.048200648 -0.074008375 -0.007841601 0.996061265
1341845708.838653 0.091978297 0.071193665 -0.027108174 0.047528099 -0.074028298 -0.008850133 0.996083677
1341845708.873912 0.092694953 0.073361717 -0.029324777 0.047857039 -0.075320251 -0.010536995 0.995954573
1341845708.905735 0.094528504 0.075203918 -0.029713290 0.047706969 -0.075754315 -0.010695686 0.995927215
1341845708.938426 0.091552183 0.075621143 -0.028995020 0.047786605 -0.075966239 -0.012446295 0.995886862
1341845708.973642 0.089892454 0.076085120 -0.027999533 0.047897968 -0.076905251 -0.012086747 0.995813966
1341845709.005742 0.094181977 0.076737501 -0.029293692 0.047691289 -0.078338154 -0.012720549 0.995704234
1341845709.041686 0.091487229 0.076260880 -0.030011261 0.047655232 -0.078362264 -0.013793468 0.995689750
1341845709.073656 0.089932464 0.076705240 -0.030701553 0.047250107 -0.078787692 -0.015112488 0.995656312
1341845709.105658 0.086238705 0.077668943 -0.030185957 0.047332436 -0.079097442 -0.015284277 0.995625257
1341845709.141741 0.088499956 0.077379324 -0.029852156 0.047182441 -0.080737323 -0.015800636 0.995492637
1341845709.173646 0.088743605 0.078214049 -0.029919542 0.046883240 -0.080602877 -0.015994603 0.995514631
1341845709.205765 0.086573042 0.080012217 -0.030246984 0.046472955 -0.080466852 -0.016152486 0.995542347
1341845709.241765 0.090243980 0.078261644 -0.031088067 0.045667138 -0.080905236 -0.016251795 0.995542526
1341845709.273754 0.087788999 0.078412309 -0.029133596 0.045350075 -0.080290020 -0.015956506 0.995611548
1341845709.309890 0.089052215 0.076993808 -0.030694211 0.045067549 -0.080688596 -0.014534307 0.995613933
1341845709.341728 0.090841897 0.080399431 -0.031311661 0.044995371 -0.081159480 -0.013976617 0.995586932
1341845709.373776 0.086525738 0.083438635 -0.031576108 0.044168249 -0.080396831 -0.013505552 0.995692313
1341845709.409657 0.088820875 0.084331632 -0.034889769 0.042435553 -0.080588475 -0.012071234 0.995770574
1341845709.442072 0.084659219 0.083988190 -0.033838406 0.040265843 -0.080507360 -0.010112079 0.995889068
1341845709.473660 0.086642973 0.083525419 -0.034839697 0.038602564 -0.081184514 -0.009481751 0.995906174
1341845709.509632 0.088605955 0.087428503 -0.033204094 0.037254013 -0.081469797 -0.009010057 0.995938599
1341845709.541673 0.081510983 0.086306445 -0.034758244 0.035033695 -0.081349954 -0.009036967 0.996028721
1341845709.578645 0.082345068 0.085602418 -0.034381296 0.034081597 -0.082621753 -0.009000385 0.995957375
1341845709.609672 0.081973471 0.084182478 -0.034760226 0.033581492 -0.083902948 -0.010032295 0.995857418
1341845709.642057 0.081247389 0.085103467 -0.032038748 0.033495530 -0.084896453 -0.009647015 0.995779932
1341845709.709730 0.082645744 0.086351104 -0.032533050 0.032596882 -0.086223245 -0.010528186 0.995686829
1341845709.745593 0.080691002 0.088257432 -0.034823678 0.032310721 -0.085783720 -0.010648353 0.995732844
1341845709.777709 0.081354864 0.083683163 -0.037123445 0.031036625 -0.086153813 -0.009570405 0.995752275
1341845709.809687 0.085179135 0.084777586 -0.037142146 0.031544127 -0.086835615 -0.010755536 0.995665073
1341845709.845686 0.086977422 0.088815786 -0.032755099 0.032041900 -0.085514165 -0.012732675 0.995740294
1341845709.878752 0.083867125 0.085494913 -0.033718932 0.031444214 -0.083134033 -0.014298836 0.995939553
1341845709.909693 0.079208948 0.081105180 -0.036459908 0.031668037 -0.082098618 -0.013098610 0.996034861
1341845709.945663 0.081730120 0.079802826 -0.036365949 0.033226106 -0.083606578 -0.012407194 0.995867491
1341845709.977698 0.084934369 0.083731435 -0.036547273 0.035227828 -0.084257364 -0.011887371 0.995750189
1341845710.013739 0.082133964 0.080677852 -0.035306077 0.035402630 -0.083042048 -0.012884424 0.995833695
1341845710.045754 0.083118051 0.081409149 -0.035418995 0.036073375 -0.082675822 -0.012888288 0.995840013
1341845710.077705 0.081578165 0.083257198 -0.037284207 0.036432762 -0.082942568 -0.013709697 0.995793819
1341845710.113730 0.086171798 0.082797669 -0.035310734 0.036390327 -0.083251685 -0.013507549 0.995772362
1341845710.145759 0.082386971 0.082449727 -0.038457826 0.036437519 -0.082755819 -0.012788735 0.995821416
1341845710.177824 0.079025291 0.081014521 -0.038371373 0.036788154 -0.083063006 -0.012959606 0.995780766
1341845710.213581 0.081806943 0.080990307 -0.037760891 0.037135500 -0.083487183 -0.013172076 0.995729625
1341845710.245636 0.077600494 0.077873878 -0.038367424 0.037540052 -0.083258644 -0.013820278 0.995724738
1341845710.281582 0.076874569 0.076914422 -0.042061470 0.039471567 -0.084754653 -0.015606962 0.995497406
1341845710.313617 0.081309125 0.079598598 -0.041268010 0.040148661 -0.085868202 -0.015465173 0.995377123
1341845710.345643 0.080664508 0.077076927 -0.043893982 0.039781399 -0.085190132 -0.014336641 0.995467007
1341845710.381860 0.078420646 0.078050353 -0.041980911 0.040674802 -0.085589215 -0.014155084 0.995399296
1341845710.413817 0.083072312 0.079722486 -0.041538954 0.041192874 -0.086516574 -0.014376973 0.995294631
1341845710.445824 0.083477437 0.078515463 -0.043491919 0.040429935 -0.085810713 -0.013384890 0.995400846
1341845710.481794 0.081167944 0.078308046 -0.040955812 0.040408984 -0.086452834 -0.013772583 0.995340884
1341845710.513650 0.081859902 0.077281356 -0.042087570 0.040189870 -0.086535446 -0.013409987 0.995347559
1341845710.549635 0.080589496 0.076808400 -0.038600717 0.040724520 -0.086639538 -0.012161422 0.995332718
1341845710.581654 0.082105406 0.077975444 -0.040370140 0.042056825 -0.087286659 -0.012776920 0.995213091
1341845710.613694 0.081850968 0.077408917 -0.041436005 0.041729148 -0.086712994 -0.011792922 0.995289147
1341845710.649564 0.082628705 0.075133659 -0.041840155 0.041882895 -0.086764917 -0.011345296 0.995283365
1341845710.681648 0.084050648 0.075981632 -0.041622549 0.042726893 -0.087064490 -0.011856318 0.995215356
1341845710.713728 0.084620483 0.075969271 -0.040544450 0.042862769 -0.086465351 -0.011247063 0.995268822
1341845710.749785 0.082162939 0.074538782 -0.040888540 0.043006979 -0.085500993 -0.010582528 0.995353281
1341845710.781816 0.082315885 0.075538509 -0.041422240 0.043709129 -0.085632682 -0.010938928 0.995307446
1341845710.817567 0.083568230 0.077760547 -0.040070485 0.044095922 -0.085197248 -0.011565143 0.995320678
1341845710.850205 0.084887967 0.077874415 -0.044263877 0.043584492 -0.084596016 -0.010398845 0.995407403
1341845710.882136 0.081624813 0.076763026 -0.040303305 0.043305729 -0.084823146 -0.009734610 0.995406866
1341845710.917631 0.088165000 0.076938838 -0.040956356 0.043309137 -0.085713439 -0.010251177 0.995325267
1341845710.950281 0.083268642 0.075748779 -0.041269135 0.042962026 -0.084015206 -0.010059333 0.995487094
1341845710.985647 0.079233967 0.072684795 -0.043113846 0.043790616 -0.084262498 -0.009830927 0.995432377
1341845711.017722 0.083839141 0.080294728 -0.041349668 0.046303503 -0.086401269 -0.011810390 0.995113730
1341845711.049965 0.093981504 0.082503520 -0.041423246 0.045296162 -0.085896507 -0.012958439 0.995189488
1341845711.085583 0.085266307 0.074684650 -0.039868478 0.043256037 -0.082381003 -0.012867584 0.995578587
1341845711.117670 0.082515061 0.074348748 -0.043910891 0.043858610 -0.083031081 -0.011956805 0.995509565
1341845711.149770 0.086393088 0.080014601 -0.039883114 0.044837419 -0.084082216 -0.011534723 0.995382726
1341845711.191691 0.086782418 0.077647291 -0.037958115 0.043429919 -0.082615159 -0.011733193 0.995565653
1341845711.253627 0.081936620 0.077684842 -0.041863982 0.044506595 -0.084168121 -0.011607867 0.995389462
1341845711.285627 0.089750439 0.080360323 -0.038609713 0.043837920 -0.085555315 -0.011365600 0.995303690
1341845711.317874 0.084779516 0.077386282 -0.040006787 0.042702667 -0.083890803 -0.012361783 0.995482862
1341845711.353756 0.091219828 0.084734574 -0.039381303 0.042400334 -0.084084161 -0.013237011 0.995468140
1341845711.385687 0.088426836 0.082672156 -0.037101373 0.040637720 -0.081819497 -0.014011323 0.995719850
1341845711.417635 0.084326521 0.078786485 -0.036022007 0.039766695 -0.081066437 -0.012993266 0.995830297
1341845711.485895 0.087944694 0.080858767 -0.034302399 0.041855007 -0.083892971 -0.010994089 0.995534658
1341845711.521704 0.087132171 0.077608049 -0.035040282 0.041858796 -0.082937241 -0.010858908 0.995616078
1341845711.553696 0.088698827 0.077948987 -0.037693493 0.042382248 -0.082869127 -0.010801298 0.995600283
1341845711.585708 0.090218611 0.084999859 -0.034799829 0.042421643 -0.082333274 -0.011215385 0.995638490
1341845711.621659 0.088768259 0.078541763 -0.036250360 0.040874165 -0.080761053 -0.011353112 0.995830357
1341845711.653731 0.086197525 0.077863775 -0.037740827 0.041011494 -0.080780476 -0.011044770 0.995826602
1341845711.685758 0.085783370 0.079510659 -0.034687389 0.041273125 -0.080937348 -0.010523759 0.995808721
1341845711.721850 0.089191288 0.078101024 -0.036743499 0.041527584 -0.081277646 -0.009486130 0.995780826
1341845711.754323 0.082935721 0.078045920 -0.036698073 0.041857045 -0.081241079 -0.009041409 0.995774150
1341845711.789716 0.086554922 0.079778045 -0.036187869 0.042270683 -0.082507193 -0.009288682 0.995650291
1341845711.821820 0.088668831 0.076719269 -0.036991455 0.041978970 -0.082520694 -0.009421197 0.995660245
1341845711.854173 0.086517476 0.080152646 -0.036142118 0.042939194 -0.081980459 -0.010495288 0.995653272
1341845711.889875 0.092480540 0.082059205 -0.037044361 0.042476472 -0.081325039 -0.011238482 0.995718658
1341845711.923959 0.093678892 0.080808558 -0.036559414 0.041412920 -0.079465933 -0.011056327 0.995915651
1341845711.957595 0.088351227 0.080899410 -0.037357312 0.040829107 -0.078559726 -0.012398107 0.995995879
1341845711.989820 0.091573171 0.084225185 -0.033154696 0.040547214 -0.078298360 -0.013494808 0.996013641
1341845712.057899 0.090378545 0.082507059 -0.035468288 0.039252084 -0.077856414 -0.011412009 0.996126235
1341845712.090038 0.098238729 0.083531752 -0.039355468 0.038390096 -0.077650905 -0.014421283 0.996136904
1341845712.127587 0.094390094 0.081649907 -0.034811996 0.036633112 -0.074933410 -0.014643270 0.996407926
1341845712.195638 0.086945511 0.083110973 -0.033424377 0.039072789 -0.079048656 -0.012739742 0.996023297
1341845712.257830 0.090245232 0.080383688 -0.035166040 0.037132736 -0.075977668 -0.015351490 0.996299624
1341845712.289935 0.082092106 0.080315553 -0.036353625 0.037457701 -0.075457297 -0.014739151 0.996336281
