1341846647.802247 0.000000000 0.000000000 0.000000000 -0.000000000 -0.000000000 -0.000000000 1.000000000
1341846647.834093 0.002876889 -0.004094118 -0.000779085 0.000029236 -0.000054727 0.001183527 0.999999285
1341846647.866652 0.011028934 -0.001100834 -0.005119761 0.002145821 0.000878057 0.003507256 0.999991179
1341846647.901972 0.009904276 0.002374855 -0.004311842 0.002726634 0.003286113 0.003403564 0.999985099
1341846647.934224 0.012335603 0.002202672 -0.005104101 0.001354221 0.003063470 0.004071367 0.999986172
1341846647.970225 0.009912643 0.002074900 -0.004051938 0.000656297 0.002131236 0.004478871 0.999987483
1341846648.002341 0.010806757 -0.000249181 -0.006562765 -0.000671204 0.001553611 0.004706850 0.999987543
1341846648.034343 0.016730808 0.006415282 -0.006349395 -0.001769179 -0.000630253 0.004592123 0.999987721
1341846648.070164 0.016475886 0.004044556 -0.005046139 -0.003324631 -0.003522751 0.005701441 0.999972045
1341846648.102152 0.015373220 0.002739756 -0.005616260 -0.002578937 -0.006411576 0.005982537 0.999958277
1341846648.138185 0.029560065 0.003206420 -0.012802424 -0.003366935 -0.010055593 0.006346881 0.999923646
1341846648.170568 0.028092757 -0.003972120 -0.014214458 -0.008071099 -0.011296980 0.005734081 0.999887168
1341846648.202106 0.024685144 -0.003551123 -0.013528316 -0.008702497 -0.015242850 0.004927444 0.999833822
1341846648.238157 0.020817107 -0.008824893 -0.014013700 -0.009263566 -0.019361468 0.004958998 0.999757349
1341846648.270152 0.026625421 0.003774623 -0.017713154 -0.008862338 -0.025749044 0.003107538 0.999624312
1341846648.302183 0.022884309 -0.000599802 -0.016762231 -0.015042811 -0.029942857 -0.002499119 0.999435365
1341846648.338170 0.018326530 0.000551404 -0.020559229 -0.017681699 -0.033548348 -0.005530719 0.999265373
1341846648.370216 0.029719256 -0.006911993 -0.034514021 -0.020929513 -0.042162698 -0.006042565 0.998873234
1341846648.406052 0.030070279 -0.004524607 -0.032463219 -0.021588163 -0.052341886 -0.005822911 0.998378873
1341846648.438342 0.019007854 0.000736934 -0.036077645 -0.020168653 -0.055470914 -0.003970968 0.998248756
1341846648.470076 0.076153196 0.004154509 -0.032383543 -0.021516318 -0.070416600 0.000895341 0.997285247
1341846648.506263 0.080223635 0.003130497 -0.026142012 -0.025366679 -0.077141248 -0.000071729 0.996697426
1341846648.538249 0.083526790 0.007284880 -0.032380596 -0.027326899 -0.083689146 -0.000071896 0.996117175
1341846648.570179 0.103018261 0.007985000 -0.025052922 -0.030462949 -0.090211347 -0.000871917 0.995456278
1341846648.606081 0.084987387 -0.010262281 -0.032338217 -0.036097080 -0.090140924 -0.001835664 0.995272994
1341846648.638395 0.116036415 -0.007607081 -0.015343451 -0.035657436 -0.105993696 -0.000846260 0.993726969
1341846648.674053 0.140627339 -0.013214549 -0.014602190 -0.035326511 -0.114097700 -0.001577200 0.992839992
1341846648.706058 0.105007231 -0.011458262 -0.027795617 -0.035049938 -0.114056133 -0.005457985 0.992840827
1341846648.738116 0.140901178 -0.011986287 -0.018915301 -0.035187691 -0.129814267 -0.003482405 0.990907669
1341846648.774049 0.120360300 -0.012238136 -0.000793212 -0.033687748 -0.129343539 -0.004053494 0.991019189
1341846648.805941 0.128565609 -0.018505560 -0.003414403 -0.033697810 -0.133576706 -0.002208488 0.990463018
1341846648.838602 0.130741164 -0.008126729 -0.016359551 -0.032422502 -0.141225174 0.000573436 0.989446282
1341846648.874088 0.134674028 -0.000302999 -0.011344552 -0.032917373 -0.145311624 -0.001062840 0.988837659
1341846648.906165 0.159617692 -0.013532064 0.000839722 -0.037349943 -0.153732941 0.002999129 0.987401724
1341846648.942154 0.156355321 -0.020405741 -0.007647515 -0.037845798 -0.171241894 0.001615624 0.984500587
1341846648.974090 0.161119819 -0.008917073 -0.029415321 -0.038198695 -0.180925041 0.003104587 0.982749939
1341846649.006157 0.185534984 -0.011554093 0.015079854 -0.042798471 -0.187553778 0.003859571 0.981313944
1341846649.042101 0.186980367 -0.021685170 0.014218480 -0.043840557 -0.195702761 0.004397983 0.979673028
1341846649.074128 0.185679406 -0.008605302 0.001886985 -0.042958003 -0.202430308 -0.002910713 0.978349745
1341846649.106188 0.206161737 -0.006264196 0.023508076 -0.045866128 -0.206613690 -0.011615060 0.977277935
1341846649.142042 0.200835243 -0.010990413 0.022198785 -0.048858277 -0.207528308 -0.015639734 0.976882994
1341846649.174442 0.207982898 -0.014357965 0.036098838 -0.051692910 -0.215169773 -0.018531812 0.975031495
1341846649.216152 0.219777554 -0.018148638 0.036884788 -0.053213574 -0.217509940 -0.022469897 0.974347472
1341846649.248048 0.229043603 -0.015181018 0.038572848 -0.054979753 -0.217963979 -0.020366643 0.974194109
1341846649.280075 0.238423914 -0.005623955 0.030727323 -0.057443537 -0.221148238 -0.019628653 0.973349094
1341846649.316071 0.229090393 -0.004558004 0.041931108 -0.062005796 -0.220970184 -0.021976389 0.973059356
1341846649.348041 0.241867974 -0.027433239 0.061504640 -0.067647189 -0.225907892 -0.017815089 0.971633792
1341846649.383973 0.246856421 -0.026001915 0.060670286 -0.065956749 -0.230623603 -0.013517019 0.970710993
1341846649.416053 0.253166646 -0.012167482 0.054135576 -0.063859925 -0.230630517 -0.018319819 0.970770776
1341846649.448084 0.257553518 -0.020925377 0.054518141 -0.070017047 -0.227989540 -0.020029478 0.970936239
1341846649.484154 0.257020801 -0.028800173 0.068122454 -0.074055173 -0.230575919 -0.018639585 0.970053196
1341846649.516198 0.267807841 -0.026152484 0.074624427 -0.072547510 -0.233921647 -0.021237899 0.969312370
1341846649.552101 0.274349213 -0.030049674 0.078176953 -0.071363255 -0.232654765 -0.024240853 0.969634771
1341846649.616167 0.268581063 -0.028994793 0.075443462 -0.070886903 -0.234246954 -0.021017458 0.969361484
1341846649.678101 0.283141464 -0.034963425 0.078061379 -0.070353940 -0.238029733 -0.023376919 0.968424380
1341846649.710937 0.291078329 -0.041107662 0.075797237 -0.070224494 -0.244362652 -0.022296669 0.966880739
1341846649.746112 0.305192977 -0.042564206 0.086342826 -0.068451412 -0.252834588 -0.025617847 0.964744925
1341846649.778019 0.302730024 -0.043316938 0.081597842 -0.066672668 -0.256306708 -0.026960663 0.963916421
1341846649.810257 0.310792744 -0.035752177 0.081450537 -0.064357251 -0.264950544 -0.025867738 0.961764157
1341846649.846059 0.321011811 -0.030328665 0.067495257 -0.065357357 -0.273911834 -0.026469700 0.959166348
1341846649.878137 0.325581104 -0.027801905 0.085077353 -0.069579147 -0.280218840 -0.029409209 0.956959367
1341846649.914184 0.337256044 -0.047657475 0.109146036 -0.072338097 -0.288118720 -0.024856513 0.954535007
1341846649.952612 0.357140660 -0.034868859 0.102865726 -0.068604395 -0.291635334 -0.021168558 0.953831375
1341846650.014156 0.362687618 -0.044089150 0.105481908 -0.069557898 -0.294958681 -0.013836839 0.952874482
1341846650.046184 0.376215219 -0.031644799 0.128176913 -0.067439921 -0.299980044 -0.010948273 0.951495707
1341846650.078250 0.381401181 -0.028998090 0.140794948 -0.065376580 -0.300123096 -0.011743866 0.951585114
1341846650.114215 0.387306064 -0.038261618 0.136337250 -0.065486439 -0.299817264 -0.008683748 0.951706767
1341846650.146137 0.391515702 -0.037477143 0.144692749 -0.063541606 -0.302930593 -0.006902972 0.950866938
1341846650.182236 0.394159406 -0.036952939 0.170818001 -0.059607014 -0.304443568 -0.006522847 0.950641155
1341846650.214164 0.400507838 -0.040973563 0.155076683 -0.058442861 -0.302393973 -0.006837850 0.951365173
1341846650.246084 0.401634783 -0.039786212 0.166454509 -0.059893195 -0.303946435 -0.007751692 0.950773060
1341846650.282167 0.410076797 -0.048342112 0.186942667 -0.057718277 -0.304533482 -0.010736012 0.950690687
1341846650.314158 0.412266195 -0.049929082 0.158518523 -0.054031041 -0.298839033 -0.014965411 0.952655196
1341846650.350453 0.415326804 -0.051497892 0.152934253 -0.056016155 -0.298572600 -0.015846252 0.952609837
1341846650.382075 0.418439835 -0.056529831 0.170674711 -0.058255896 -0.299888909 -0.018820340 0.952007771
1341846650.414224 0.422802150 -0.057660975 0.200075835 -0.056552723 -0.298034966 -0.019357782 0.952681601
1341846650.450353 0.421646655 -0.057448555 0.179113835 -0.054988343 -0.291351140 -0.017105887 0.954881310
1341846650.484849 0.418831229 -0.051012062 0.175226241 -0.055149872 -0.287912428 -0.020392874 0.955849946
1341846650.514091 0.415993392 -0.058118872 0.198781893 -0.057031605 -0.283742785 -0.022100946 0.956947744
1341846650.550746 0.404384553 -0.059391066 0.208700672 -0.052291084 -0.276892126 -0.020802034 0.959251702
1341846650.582069 0.404284775 -0.064229481 0.178482801 -0.048435804 -0.269044369 -0.020657737 0.961687267
1341846650.618092 0.395661116 -0.058784313 0.161165684 -0.047048979 -0.261639178 -0.024718443 0.963701367
1341846650.650422 0.384335130 -0.054781541 0.165031195 -0.045046274 -0.253784180 -0.029356968 0.965765297
1341846650.682114 0.381259233 -0.065243997 0.154828086 -0.045431685 -0.246864304 -0.029977109 0.967520237
1341846650.718110 0.371446609 -0.067919157 0.148536623 -0.045294333 -0.241045013 -0.031906050 0.968931317
1341846650.750112 0.362368733 -0.057681374 0.168612525 -0.043141548 -0.234548658 -0.034718771 0.970525801
1341846650.782116 0.337410450 -0.064233586 0.167530045 -0.042844515 -0.222944155 -0.033923578 0.973298252
1341846650.818115 0.317772329 -0.064492226 0.154693261 -0.039836403 -0.216254130 -0.032068230 0.974996924
1341846650.850139 0.317471653 -0.051188953 0.143199638 -0.036667209 -0.212440848 -0.034103613 0.975890100
1341846650.886238 0.306901217 -0.050350487 0.147083417 -0.037760366 -0.200954705 -0.036703665 0.978184164
1341846650.918288 0.287952781 -0.069130421 0.136057168 -0.040669784 -0.189030007 -0.033432689 0.980558991
1341846650.950233 0.275744051 -0.064077049 0.124315627 -0.039611362 -0.181349725 -0.031234588 0.982124090
1341846650.986247 0.280755371 -0.063397795 0.138605937 -0.041135743 -0.173703134 -0.027686700 0.983548939
1341846651.050482 0.249228552 -0.064299121 0.102307275 -0.039678842 -0.151912823 -0.019986430 0.987394869
1341846651.086169 0.222352877 -0.047277234 0.117710724 -0.040386394 -0.143179148 -0.021053025 0.988648295
1341846651.118423 0.207410544 -0.070910588 0.134211391 -0.043190207 -0.133084640 -0.018290346 0.989994287
1341846651.154189 0.195802823 -0.065824799 0.127090454 -0.038964938 -0.125691190 -0.013199619 0.991216063
1341846651.186391 0.180545717 -0.059425645 0.083780929 -0.038480405 -0.117006607 -0.012388371 0.992308021
1341846651.218036 0.170621797 -0.060290217 0.087801553 -0.040656969 -0.111804552 -0.012348673 0.992821395
1341846651.254031 0.161792904 -0.073585644 0.063809611 -0.042936809 -0.105537824 -0.010595719 0.993431389
1341846651.286406 0.149188519 -0.068104349 0.057682265 -0.043535188 -0.099718876 -0.012566438 0.993983388
1341846651.318309 0.137187496 -0.071929105 0.062615454 -0.045733191 -0.094982684 -0.014756236 0.994318366
1341846651.354135 0.132290155 -0.073129825 0.063958183 -0.045295998 -0.090017602 -0.017071260 0.994763136
1341846651.386180 0.114886068 -0.077294931 0.057188947 -0.045230236 -0.081332199 -0.015982728 0.995531976
1341846651.422237 0.095666148 -0.074504688 0.039533161 -0.045314364 -0.077037618 -0.015466215 0.995877862
1341846651.492135 0.068440989 -0.060938686 0.049002346 -0.045286741 -0.067529179 -0.024915978 0.996377528
1341846651.560316 0.043147285 -0.078455284 0.051725131 -0.044614218 -0.049090974 -0.024379002 0.997499526
1341846651.622176 0.023318296 -0.083319694 0.027429899 -0.036735896 -0.038044985 -0.026508469 0.998248696
1341846651.654223 0.007013961 -0.081580356 0.023760013 -0.033247251 -0.032878581 -0.025570516 0.998578906
1341846651.690127 -0.013210771 -0.074528649 0.025972487 -0.027254608 -0.028652960 -0.024458364 0.998918474
1341846651.722318 -0.024388194 -0.071812890 0.016796997 -0.023293193 -0.024241347 -0.021619337 0.999200881
1341846651.754212 -0.038577747 -0.068639338 0.000868593 -0.021144625 -0.019777996 -0.020179452 0.999377072
1341846651.790200 -0.045157649 -0.057933237 -0.012592131 -0.021436166 -0.014701274 -0.021475254 0.999431431
1341846651.822233 -0.061483286 -0.073649690 -0.006437435 -0.023179119 -0.007828525 -0.020101579 0.999498606
1341846651.858213 -0.070620485 -0.093309052 -0.015754271 -0.017504044 -0.003170558 -0.013522995 0.999750316
1341846651.890237 -0.084885523 -0.079490326 -0.022482567 -0.008302277 0.003112185 -0.012109549 0.999887407
1341846651.922186 -0.095121235 -0.067714684 -0.022255117 -0.005186375 0.007600557 -0.010400333 0.999903619
1341846651.958047 -0.101771019 -0.078119420 -0.029276567 -0.004531188 0.010044787 -0.006850073 0.999915838
1341846651.990020 -0.112685554 -0.084400788 -0.031864055 0.001484014 0.016159473 -0.002567452 0.999865055
1341846652.022081 -0.147863284 -0.074818827 -0.034719307 0.008293488 0.024341205 0.000959626 0.999668896
1341846652.058058 -0.160892323 -0.068121314 -0.051784419 0.009226690 0.026307369 0.002405453 0.999608457
1341846652.090106 -0.171736479 -0.066041581 -0.059355013 0.007426106 0.028880997 0.000228053 0.999555290
1341846652.126257 -0.171880990 -0.066908583 -0.049277261 0.004992367 0.031908881 0.001717639 0.999476910
1341846652.158232 -0.194376618 -0.065501891 -0.042236000 0.003459072 0.036027580 0.001833646 0.999343157
1341846652.190049 -0.196520910 -0.072430998 -0.047580540 0.002152492 0.036962934 0.001555392 0.999313176
1341846652.225981 -0.200679258 -0.073975161 -0.061452400 0.003156938 0.043985471 0.000117811 0.999027193
1341846652.258089 -0.232498422 -0.075068481 -0.049102265 0.004917166 0.053581778 0.003352416 0.998545766
1341846652.290189 -0.252909541 -0.084664069 -0.045639232 0.007248484 0.055442765 0.007281892 0.998409033
1341846652.326148 -0.258731097 -0.083189815 -0.052370086 0.014886907 0.057947561 0.006989339 0.998184204
1341846652.358184 -0.268261492 -0.070390791 -0.048322663 0.019076606 0.061774347 0.008179059 0.997874320
1341846652.394279 -0.289128214 -0.074337669 -0.058383912 0.019462446 0.066402085 0.007587263 0.997574329
1341846652.426287 -0.298220754 -0.080964237 -0.062110584 0.020307211 0.069082752 0.006274503 0.997384489
1341846652.458277 -0.311835051 -0.086024359 -0.064489394 0.022291971 0.073286727 0.006999156 0.997037232
1341846652.494100 -0.324829936 -0.079204395 -0.061306372 0.025830416 0.076598540 0.007177667 0.996701539
1341846652.526469 -0.329811782 -0.071483344 -0.068353891 0.026394093 0.080548815 0.006495371 0.996379972
1341846652.562089 -0.326399624 -0.079221629 -0.067388199 0.025991159 0.086198896 0.005455251 0.995923936
1341846652.594254 -0.336242616 -0.079488590 -0.077893764 0.028462823 0.098305456 0.003939696 0.994741380
1341846652.626356 -0.339573026 -0.086974531 -0.055110425 0.028888848 0.109677829 0.002544272 0.993544102
1341846652.662152 -0.316052735 -0.072271667 -0.117661752 0.031592406 0.122393683 -0.001967371 0.991976738
1341846652.694113 -0.313170105 -0.073432632 -0.089032538 0.029645991 0.148980409 -0.006234443 0.988376021
1341846652.726378 -0.331405371 -0.088770524 -0.073374301 0.029233372 0.180016622 -0.008045744 0.983196199
1341846652.762129 -0.354335248 -0.069064148 -0.050288081 0.031733245 0.208702326 -0.011784340 0.977393270
1341846652.794152 -0.354423314 -0.078668505 -0.081458628 0.028555863 0.237748250 -0.010103060 0.970854402
1341846652.830250 -0.353844315 -0.070165120 -0.044194471 0.028620370 0.268831640 -0.012622939 0.962679148
1341846652.862014 -0.357925624 -0.073449194 -0.037006728 0.027050084 0.286550164 -0.010528818 0.957625449
1341846652.894426 -0.364857048 -0.080442965 -0.038324025 0.025725404 0.305148333 -0.008422663 0.951920033
1341846652.930346 -0.352660447 -0.069296874 0.000469059 0.028750785 0.324186891 -0.006489880 0.945533812
1341846652.962213 -0.369848907 -0.072547905 -0.048669845 0.026786655 0.338545144 -0.007534071 0.940538645
1341846653.030292 -0.357152402 -0.067858577 0.028170478 0.022415476 0.370764166 -0.005027017 0.928442955
1341846653.062672 -0.369067848 -0.078661337 0.009942390 0.024495084 0.384280443 -0.002881604 0.922886908
1341846653.099024 -0.384441793 -0.071005240 -0.005823068 0.023198584 0.400435328 -0.006218468 0.916010201
1341846653.130475 -0.366452008 -0.071709611 0.012350820 0.020321749 0.416944474 -0.005186577 0.908689976
1341846653.162620 -0.368896157 -0.076635562 0.014920458 0.019422188 0.432090253 -0.002994417 0.901616275
1341846653.198437 -0.372403502 -0.074300162 0.002234638 0.020929471 0.442381322 0.001883219 0.896580875
1341846653.230042 -0.370144933 -0.071738884 0.037822038 0.022140039 0.456709892 0.002063288 0.889337778
1341846653.298380 -0.365104347 -0.074108198 0.044871390 0.021269975 0.481742918 0.007269742 0.876024246
1341846653.330162 -0.358548224 -0.076975107 0.048823878 0.020870471 0.493141860 0.010370046 0.869636714
1341846653.366319 -0.366348714 -0.074098088 0.044034682 0.020757180 0.502506375 0.014166910 0.864208162
1341846653.398226 -0.367089510 -0.073285140 0.043265395 0.020874523 0.510819852 0.016663400 0.859272778
1341846653.430060 -0.399952412 -0.065431029 0.025012419 0.024831088 0.518756807 0.019116528 0.854347348
1341846653.466341 -0.401534110 -0.062335696 0.024277255 0.026152829 0.523923576 0.016740263 0.851199150
1341846653.498194 -0.417879999 -0.061370768 0.045292392 0.027215563 0.530475378 0.016786762 0.847097099
1341846653.530205 -0.401148409 -0.058962651 0.064609833 0.026475564 0.533484340 0.014381568 0.845273197
1341846653.566601 -0.402526647 -0.049168330 0.059435531 0.028597008 0.534323394 0.011669762 0.844715655
1341846653.598213 -0.402757347 -0.048797812 0.058969602 0.028347757 0.535108626 0.012469892 0.844215512
1341846653.634793 -0.368976384 -0.059830539 0.078279637 0.025193555 0.534868658 0.012256860 0.844470680
1341846653.666143 -0.371825516 -0.060458969 0.078043878 0.028112184 0.533290923 0.013921185 0.845350087
1341846653.698738 -0.402864695 -0.055312507 0.011927605 0.025963452 0.524899840 0.014442133 0.850645363
1341846653.734313 -0.403349578 -0.064281195 -0.007863492 0.022171928 0.518342853 0.016179107 0.854732335
1341846653.766275 -0.395925760 -0.059364885 -0.024949968 0.022384025 0.514376700 0.018264469 0.857077658
1341846653.802358 -0.416367501 -0.053994790 -0.008000910 0.021358559 0.510485232 0.018048383 0.859431803
1341846653.834226 -0.415821224 -0.053699587 -0.008361340 0.020833427 0.501142085 0.019555764 0.864893258
1341846653.866214 -0.411890030 -0.055460565 -0.004489303 0.020231774 0.495038837 0.020207485 0.868400216
1341846653.902170 -0.415865809 -0.054595467 -0.008125678 0.017061565 0.487342268 0.020351008 0.872807145
1341846653.934160 -0.414019823 -0.054583460 -0.006396428 0.015554144 0.479184002 0.019698486 0.877355576
1341846653.966155 -0.411577433 -0.056033995 -0.005205721 0.013977924 0.472189933 0.019870264 0.881162047
1341846654.002169 -0.412191004 -0.055655770 -0.006366968 0.009901284 0.463096768 0.018781289 0.886053503
1341846654.034140 -0.416781962 -0.054487139 -0.007997751 0.006958132 0.454625696 0.019718269 0.890437186
1341846654.070172 -0.412618667 -0.054493930 -0.008886069 0.009477445 0.443482131 0.020750824 0.895992935
1341846654.102438 -0.402989864 -0.056559734 -0.004922181 0.013410720 0.432357967 0.021297080 0.901350856
1341846654.134349 -0.407404006 -0.056158323 -0.005893670 0.017621614 0.422193885 0.021629751 0.906076193
1341846654.170244 -0.411040604 -0.055449884 -0.007963866 0.019986583 0.406363845 0.018611971 0.913303196
1341846654.202087 -0.391760707 -0.060585171 0.004021145 0.020791527 0.393559575 0.016392730 0.918917835
1341846654.234434 -0.388104349 -0.063041136 0.008276351 0.022135798 0.385410398 0.015232755 0.922353983
1341846654.270041 -0.382705122 -0.066209845 0.008707419 0.021373050 0.374377012 0.015528708 0.926900208
1341846654.302117 -0.417497635 -0.065732107 0.026162315 0.021220045 0.364114136 0.012585292 0.931027591
1341846654.338026 -0.380239725 -0.068599291 0.013149615 0.019036159 0.349852502 0.009971092 0.936558306
1341846654.369979 -0.404175252 -0.079570219 0.018864572 0.018023644 0.344756365 0.013978436 0.938415110
1341846654.402172 -0.420562863 -0.073564000 0.008917119 0.020300323 0.325493693 0.016503688 0.945182264
1341846654.438133 -0.363867790 -0.064642221 0.006633634 0.019616960 0.303372651 0.012187352 0.952592075
1341846654.470186 -0.383212000 -0.070421405 0.015700903 0.016457111 0.297429144 0.011931087 0.954527497
1341846654.502267 -0.415013403 -0.078911722 0.014333053 0.016199425 0.282899588 0.014898000 0.958897054
1341846654.539064 -0.344559014 -0.067303017 0.003129313 0.017386839 0.256509125 0.012585284 0.966303468
1341846654.570053 -0.332001090 -0.060109846 0.016746819 0.015205468 0.251530915 0.010491062 0.967673004
1341846654.606030 -0.367348671 -0.076353773 0.011503769 0.012734163 0.240201458 0.006399208 0.970618486
1341846654.637980 -0.344661266 -0.089612111 0.000882884 0.015159671 0.218314976 0.009815492 0.975711286
1341846654.670155 -0.317034930 -0.078180574 0.009098577 0.018839631 0.208257571 0.005341935 0.977878034
1341846654.706022 -0.321969330 -0.074552864 -0.019036453 0.022604363 0.196348846 0.010916450 0.980212748
1341846654.738497 -0.332376570 -0.080641337 -0.021602914 0.026919791 0.178922594 0.013739220 0.983398855
1341846654.774056 -0.330003798 -0.066627882 -0.018595105 0.029609894 0.173289508 0.013890959 0.984327793
1341846654.806040 -0.317138523 -0.061064880 -0.006031523 0.027629141 0.161017314 0.013756908 0.986468852
1341846654.838060 -0.307529300 -0.061703183 -0.007117557 0.028076097 0.142974675 0.015870851 0.989200771
1341846654.874136 -0.276708424 -0.053349376 -0.039358981 0.027805516 0.126391426 0.015197906 0.991474211
1341846654.906209 -0.270498127 -0.051108394 -0.043182977 0.024754561 0.115504697 0.014003380 0.992899716
1341846654.938214 -0.275532842 -0.072690122 -0.039849803 0.024123007 0.100483380 0.017058522 0.994499981
1341846654.974334 -0.267872751 -0.057931714 -0.026156468 0.030697111 0.083309211 0.019464176 0.995860696
1341846655.006124 -0.263418227 -0.047976658 -0.043550584 0.030824652 0.070663184 0.019314246 0.996836782
1341846655.042239 -0.266827166 -0.065298207 -0.057546832 0.027321372 0.052648772 0.018254004 0.998072445
1341846655.074179 -0.247279361 -0.067942776 -0.048731018 0.029772697 0.030162107 0.021398662 0.998872340
1341846655.106132 -0.239904672 -0.060053919 -0.050666235 0.030974381 0.016645074 0.018361108 0.999212921
1341846655.142070 -0.223022237 -0.055076651 -0.085965745 0.030736271 -0.007921141 0.017151279 0.999348998
1341846655.174000 -0.200678632 -0.043086749 -0.067847699 0.031008556 -0.031468108 0.017778710 0.998865485
1341846655.206124 -0.218035161 -0.046493981 -0.062939756 0.027650356 -0.038596593 0.013854544 0.998776197
1341846655.242079 -0.188467786 -0.048354298 -0.057767179 0.029809915 -0.056135036 0.017208157 0.997829795
1341846655.274211 -0.169595987 -0.048303600 -0.068423711 0.032780066 -0.064467914 0.018930390 0.997201622
1341846655.310175 -0.162051857 -0.073328830 -0.091055654 0.035757903 -0.065542236 0.025187263 0.996890783
1341846655.342236 -0.146336928 -0.069448762 -0.062406018 0.042998739 -0.073755190 0.030095588 0.995894372
1341846655.374134 -0.126696050 -0.058283303 -0.063810773 0.046465322 -0.078277774 0.030326260 0.995386362
1341846655.410207 -0.139272586 -0.066291265 -0.082842708 0.046950646 -0.075766139 0.029865321 0.995571852
1341846655.442262 -0.157017663 -0.065370098 -0.077601746 0.052246299 -0.082134053 0.030858189 0.994772434
1341846655.474205 -0.145352945 -0.053333845 -0.078130737 0.054236058 -0.093757905 0.031391267 0.993620932
1341846655.510277 -0.137875646 -0.050504118 -0.092642643 0.050335746 -0.105150342 0.028799087 0.992764056
1341846655.542135 -0.131265923 -0.052961662 -0.106838234 0.046090156 -0.113176249 0.029496491 0.992066979
1341846655.578132 -0.131105155 -0.052010413 -0.079378426 0.043742243 -0.120639168 0.029856758 0.991282701
1341846655.642348 -0.126613319 -0.047419775 -0.089514069 0.038400773 -0.140419304 0.028103178 0.988947988
1341846655.678110 -0.118548386 -0.050803132 -0.067671917 0.038011353 -0.152076840 0.030039558 0.987180531
1341846655.710074 -0.114573047 -0.040521592 -0.067133628 0.040705953 -0.163973227 0.030376716 0.985156357
1341846655.748050 -0.097265661 -0.037317317 -0.057760563 0.037388314 -0.176325664 0.033256080 0.983059287
1341846655.810222 -0.111092024 -0.046970330 -0.104196221 0.033817649 -0.191960290 0.032105982 0.980294347
1341846655.846257 -0.099727958 -0.036967494 -0.108842723 0.032772314 -0.202659294 0.032493439 0.978161216
1341846655.910355 -0.097762652 -0.045965314 -0.109588824 0.025645822 -0.221489042 0.031104080 0.974329233
1341846655.946240 -0.087074615 -0.035111394 -0.104526564 0.025630305 -0.232901528 0.029909037 0.971702397
1341846655.978412 -0.074863940 -0.033722933 -0.100843266 0.022487108 -0.240698203 0.030121390 0.969871879
1341846656.014188 -0.045135751 -0.030359250 -0.115605839 0.020277292 -0.246648058 0.030991983 0.968397200
1341846656.046211 -0.043383181 -0.033087291 -0.115857080 0.018176874 -0.249662220 0.033013958 0.967599332
1341846656.078165 -0.035657927 -0.034419220 -0.124785379 0.017741138 -0.254725158 0.035725143 0.966190517
1341846656.114220 -0.030403208 -0.026761714 -0.132023737 0.016693918 -0.259593219 0.034638897 0.964952230
1341846656.146158 -0.033803031 -0.035241425 -0.131323695 0.013689018 -0.264633805 0.034656998 0.963628829
1341846656.178154 -0.029122531 -0.034923617 -0.133901432 0.014036606 -0.271092147 0.034632538 0.961827815
1341846656.214132 -0.020719502 -0.036434095 -0.133455366 0.013483515 -0.277340084 0.034100641 0.960071862
1341846656.246093 -0.014135096 -0.034645304 -0.121574856 0.014114064 -0.281797677 0.034729704 0.958741188
1341846656.282181 -0.010358330 -0.028308423 -0.126995876 0.014349836 -0.284540266 0.035252228 0.957908273
1341846656.314258 -0.021549717 -0.032678638 -0.138451621 0.012446733 -0.286831319 0.032333814 0.957354367
1341846656.346094 -0.012235012 -0.028287927 -0.150717959 0.011204182 -0.291463077 0.029508056 0.956061244
1341846656.382222 -0.022306088 -0.032564022 -0.141543150 0.007918564 -0.294395030 0.029947842 0.955181718
1341846656.414253 -0.034538247 -0.034327798 -0.144985422 0.009535415 -0.302369803 0.029210603 0.952695370
1341846656.446177 -0.013840789 -0.015775329 -0.157897577 0.008973315 -0.312050492 0.027155187 0.949634969
1341846656.482260 -0.019202393 -0.020060631 -0.129740924 0.003442331 -0.318617642 0.027979057 0.947464108
1341846656.519461 -0.010764813 -0.037907969 -0.156129599 0.001881422 -0.325250328 0.029589457 0.945163071
1341846656.582247 -0.002574999 -0.021902749 -0.143306509 -0.001927441 -0.332173407 0.028094398 0.942797840
1341846656.614195 -0.003769502 -0.024108671 -0.131391376 -0.003672381 -0.335023105 0.027826732 0.941791773
1341846656.649995 0.002375379 -0.025332391 -0.134659737 -0.003950404 -0.336531758 0.028572200 0.941230297
1341846656.682076 -0.006367624 -0.023061100 -0.143506676 -0.004046618 -0.339389771 0.030262068 0.940150201
1341846656.714216 0.008903428 -0.025356244 -0.150280535 -0.005714005 -0.344787031 0.028444000 0.938232541
1341846656.749974 0.009304903 -0.020742405 -0.137357339 -0.007840035 -0.346971452 0.029132357 0.937390387
1341846656.782653 0.010071191 -0.030434448 -0.134295627 -0.009130339 -0.348972768 0.030079596 0.936605513
1341846656.824388 0.007587827 -0.022298878 -0.147811517 -0.008378447 -0.351036638 0.030092983 0.935840547
1341846656.856226 0.015619231 -0.011006544 -0.134868681 -0.010285506 -0.353392929 0.029148158 0.934964240
1341846656.892050 0.015845573 -0.022992991 -0.127242044 -0.013414538 -0.351413846 0.030227788 0.935635984
1341846656.924099 0.015190401 -0.016501855 -0.127169341 -0.012743819 -0.350508422 0.029530607 0.936007202
1341846656.956112 0.026905879 -0.008194684 -0.108466804 -0.013460660 -0.347217470 0.028063100 0.937268019
1341846656.992122 0.024053380 -0.011956058 -0.098855995 -0.015593272 -0.340669006 0.029790392 0.939581811
1341846657.024108 0.021621320 -0.010959254 -0.097926535 -0.015361751 -0.337447703 0.030620882 0.940720737
1341846657.056121 0.032956954 -0.012386053 -0.100993663 -0.016232390 -0.332839936 0.030686146 0.942344189
1341846657.092006 0.026946120 -0.022469496 -0.074465364 -0.014941955 -0.322823524 0.035275400 0.945683539
1341846657.124027 0.028294163 -0.023120236 -0.066772141 -0.008222713 -0.313019425 0.039407257 0.948893189
1341846657.155973 0.026756490 -0.010453081 -0.083614700 -0.001885624 -0.300658852 0.037906181 0.952976346
1341846657.192094 0.023661042 -0.010171394 -0.062352661 -0.000653299 -0.286060154 0.039245285 0.957407475
1341846657.224195 0.024657991 -0.018933697 -0.096828803 0.001424315 -0.273333579 0.034540202 0.961297929
1341846657.292164 0.016715273 -0.015167911 -0.087069280 0.003953846 -0.252639920 0.028706893 0.967126369
1341846657.354367 0.028019151 -0.018103654 -0.090205908 0.002642678 -0.236238033 0.026080998 0.971341550
1341846657.386193 0.042994484 -0.020121133 -0.073845714 0.002099168 -0.228161559 0.026493132 0.973260522
1341846657.418105 0.045097996 -0.028960541 -0.075690471 0.003567753 -0.217116848 0.026944280 0.975767195
1341846657.454277 0.047375109 -0.025568854 -0.080052271 0.005640853 -0.207593471 0.026564870 0.977838159
1341846657.486117 0.071792945 -0.030379565 -0.084392726 0.005649496 -0.196162388 0.025828825 0.980214953
1341846657.522092 0.045595996 -0.037871763 -0.079025239 0.008455412 -0.179122478 0.022324666 0.983537138
1341846657.554062 0.043327086 -0.030105032 -0.066848800 0.011487813 -0.171856895 0.023103777 0.984783947
1341846657.586078 0.083066650 -0.018414013 -0.048444841 0.012530443 -0.164276913 0.021643795 0.986097157
1341846657.622205 0.070144355 -0.033451661 -0.059916984 0.011265962 -0.148711950 0.019348606 0.988627076
1341846657.654161 0.043852601 -0.031607449 -0.064869419 0.012588562 -0.139848679 0.017472122 0.989938736
1341846657.686517 0.085048750 -0.028862054 -0.055940047 0.013796652 -0.133669123 0.016749036 0.990788400
1341846657.722061 0.069691718 -0.034183417 -0.036143344 0.014844348 -0.117139898 0.014706676 0.992895544
1341846657.754104 0.068868607 -0.031681236 -0.059469193 0.015512590 -0.108041532 0.014082579 0.993925571
1341846657.790066 0.110027745 -0.037994061 -0.105368912 0.011100125 -0.101091526 0.011502735 0.994748712
1341846657.822089 0.106649756 -0.059419993 -0.071785748 0.008239879 -0.084059902 0.011747886 0.996357381
1341846657.853972 0.079422988 -0.050860379 -0.076792665 0.013197196 -0.068989910 0.011285219 0.997466207
1341846657.889993 0.108218648 -0.041828580 -0.072949260 0.012606326 -0.060807712 0.012148014 0.997995973
1341846657.922046 0.077390164 -0.058966037 -0.064338386 0.011538414 -0.041515082 0.010585740 0.999015212
1341846657.954192 0.073940769 -0.048677947 -0.068326987 0.013226282 -0.032528050 0.014189838 0.999282539
1341846657.990141 0.081478730 -0.048936177 -0.065406352 0.009909143 -0.022670723 0.013572870 0.999601722
1341846658.022419 0.065975763 -0.062671885 -0.039847720 0.009830423 -0.012809726 0.014557415 0.999763668
1341846658.090215 0.058242280 -0.048397884 -0.025305072 0.011933733 0.002236686 0.012772785 0.999844730
1341846658.122355 0.040021107 -0.046430383 -0.009972128 0.010981197 0.011864539 0.011618541 0.999801815
1341846658.158136 0.036797922 -0.043028791 0.000594854 0.009594323 0.015924025 0.011971676 0.999755502
1341846658.190098 0.047415134 -0.048717842 -0.008720124 0.006834018 0.020218074 0.011978577 0.999700487
1341846658.226027 0.033004973 -0.059750985 0.005331746 0.006748217 0.028451931 0.009489259 0.999527335
1341846658.258133 0.030886177 -0.049509443 0.003683038 0.009970771 0.030529436 0.008973313 0.999443889
1341846658.290020 0.034425929 -0.047189273 0.010019112 0.009352103 0.034486253 0.004659144 0.999350548
1341846658.326239 0.022895116 -0.049506795 0.012502239 0.009377575 0.039451532 0.000799892 0.999177217
1341846658.358248 0.011992400 -0.024258198 0.009538819 0.009546679 0.040568829 -0.003220134 0.999126017
1341846658.390215 0.019236283 -0.042239577 0.004161225 0.001380333 0.039693825 -0.006018859 0.999192894
1341846658.426300 0.019203737 -0.052464910 0.019166159 -0.001484772 0.042957362 -0.007501973 0.999047697
1341846658.458168 -0.005360325 -0.058522571 0.016804710 -0.000668051 0.043647151 -0.006434979 0.999026060
1341846658.494176 -0.008530024 -0.029287264 0.013639416 0.000384563 0.039268341 -0.004621274 0.999217987
1341846658.526214 -0.004442017 -0.020777093 0.005284958 -0.009038594 0.036954895 -0.003474795 0.999270082
1341846658.558129 -0.008399983 -0.014702178 0.019998491 -0.018025102 0.034549899 -0.002843872 0.999236345
1341846658.594206 -0.016190141 -0.002115125 0.020125957 -0.038106799 0.031398248 -0.007332505 0.998753369
1341846658.626105 -0.025299760 -0.028829409 0.023520082 -0.061688617 0.027655404 -0.007261924 0.997685790
1341846658.658181 -0.009515092 -0.025530828 0.026190916 -0.066287868 0.020865081 -0.005013993 0.997569799
1341846658.694141 0.002427819 -0.000419989 0.006369927 -0.071829289 0.017831957 -0.002350768 0.997254789
1341846658.726153 -0.021282563 -0.035467446 0.015062799 -0.094598234 0.019191774 -0.004179641 0.995321810
1341846658.762100 -0.012414519 -0.040089797 0.026672721 -0.097861409 0.011251572 -0.003419934 0.995130599
1341846658.794185 -0.001874964 -0.031330738 0.012216802 -0.099723965 0.009269255 0.001275834 0.994971156
1341846658.826155 -0.006488844 -0.014752402 0.010568834 -0.108270705 0.012266814 0.001061365 0.994045258
1341846658.862197 -0.014816510 -0.048918556 0.025896350 -0.119821340 0.010229055 -0.000652468 0.992742598
1341846658.894170 0.008419243 -0.036767792 0.000287340 -0.119196922 0.008178557 0.003190489 0.992831826
1341846658.962404 -0.078348793 -0.036238089 0.012102833 -0.135489941 0.027644785 0.004209914 0.990384102
1341846658.994217 -0.021944469 -0.050582852 0.028402971 -0.138877332 0.015592317 0.005616339 0.990170896
1341846659.030070 -0.015729919 -0.062233437 0.019388311 -0.139676064 0.015529997 0.004105648 0.990067005
1341846659.062007 -0.008240000 -0.056585398 0.032069258 -0.133864045 0.013769289 0.002530342 0.990900815
1341846659.094100 -0.002550468 -0.052806161 0.023630816 -0.131748423 0.011670422 0.003842495 0.991207123
1341846659.130368 -0.008127633 -0.047116227 0.023350030 -0.132101297 0.016051378 0.000881342 0.991105914
1341846659.162537 -0.025432399 -0.065306954 0.023406645 -0.132645920 0.020030979 0.001455819 0.990960002
1341846659.198696 -0.002297884 -0.046841793 0.025937548 -0.126378655 0.014090106 0.002284088 0.991879404
1341846659.231286 0.004240920 -0.051905811 0.019705513 -0.128460154 0.017714441 0.000563358 0.991556287
1341846659.263549 -0.015669089 -0.067842692 0.026928842 -0.131872490 0.022626935 0.002938029 0.991004109
1341846659.298797 -0.009612948 -0.053358514 0.026071930 -0.129337475 0.019931616 0.003906868 0.991392612
1341846659.331074 -0.006297993 -0.059736084 0.025282515 -0.131955430 0.021219380 0.004403848 0.991018772
1341846659.362420 -0.008031035 -0.068871103 0.026375212 -0.133884832 0.023735354 0.004915633 0.990700424
1341846659.398303 0.003705915 -0.060855597 0.030074546 -0.129796222 0.020933531 0.006897061 0.991295695
1341846659.430262 0.002718634 -0.052144241 0.024243878 -0.127994537 0.020705391 0.007533981 0.991530120
1341846659.466583 0.003367914 -0.061948054 0.024944169 -0.130768269 0.023654448 0.005925367 0.991113067
1341846659.498531 -0.003833235 -0.061013039 0.030484788 -0.128821850 0.024571126 0.007357421 0.991336048
1341846659.530267 -0.004887705 -0.048641361 0.017086672 -0.124196090 0.023051271 0.007344685 0.991962731
1341846659.566571 -0.016908364 -0.058804233 0.012533266 -0.125391304 0.028366480 0.006598068 0.991679847
1341846659.598122 -0.004685241 -0.055810202 0.025013071 -0.123257659 0.028352842 0.006833704 0.991946101
1341846659.630209 -0.013474467 -0.053141855 0.021916894 -0.120014027 0.027019706 0.008357377 0.992369294
1341846659.666409 0.003003916 -0.056740902 0.018678725 -0.121163301 0.023881480 0.007032913 0.992320418
1341846659.698237 -0.019705752 -0.067458302 0.022038382 -0.124026693 0.028562242 0.005488707 0.991852522
1341846659.734169 -0.017129315 -0.059272569 0.014485452 -0.121390611 0.022121977 0.004661426 0.992347360
1341846659.766421 -0.009571286 -0.060124073 0.021140078 -0.122094274 0.018106597 0.003452219 0.992347360
1341846659.798087 -0.010261549 -0.052947950 0.020720094 -0.120150171 0.019063951 0.001801797 0.992571056
1341846659.834075 -0.039970163 -0.055430509 0.019366203 -0.118978865 0.020758588 0.002183712 0.992677391
1341846659.866481 -0.010658539 -0.056973506 0.024070574 -0.118825808 0.011550389 0.002466598 0.992844880
1341846659.898128 -0.010061717 -0.062393293 0.019572064 -0.119562574 0.010050723 0.002855493 0.992771745
1341846659.934286 -0.015371382 -0.067244172 0.018670034 -0.117408209 0.008955386 0.004347528 0.993033826
1341846659.966354 -0.016568363 -0.061685503 0.018146377 -0.114221655 0.004673091 0.004361677 0.993434727
1341846660.002267 -0.008283509 -0.057211619 0.017461544 -0.112532012 0.002132104 0.003107525 0.993641019
1341846660.034581 -0.023735281 -0.061746154 0.011185398 -0.111277558 0.004073159 0.001888972 0.993779242
1341846660.066206 -0.029681413 -0.070365705 0.010530812 -0.108863749 -0.000151581 0.001663574 0.994055331
1341846660.102245 -0.015101461 -0.070803516 0.014098932 -0.105046399 -0.005534024 -0.000198521 0.994451940
1341846660.140244 -0.017768821 -0.063450247 0.012798176 -0.102849834 -0.004094039 -0.001932933 0.994686604
1341846660.202316 -0.019482946 -0.062923864 0.010018359 -0.098363817 -0.010973875 -0.001717303 0.995088577
1341846660.234105 -0.007376321 -0.066270851 -0.005785842 -0.096121684 -0.012089729 -0.000805118 0.995295882
1341846660.270168 -0.035113901 -0.091924109 0.005665876 -0.092911512 -0.008104246 -0.002067705 0.995639265
1341846660.302258 -0.058128912 -0.090612464 0.000314991 -0.078339286 -0.009319409 -0.004612488 0.996872544
1341846660.334349 -0.025573617 -0.081949368 0.002604841 -0.066169687 -0.015019069 -0.003451522 0.997689426
1341846660.370214 -0.026489276 -0.076637544 0.004030208 -0.061140243 -0.013813850 -0.004706724 0.998022497
1341846660.401986 -0.029963994 -0.068866245 0.001006220 -0.059616815 -0.015726872 -0.006013505 0.998079300
1341846660.438062 -0.024484763 -0.079172730 -0.001877610 -0.060435679 -0.017430510 -0.007646869 0.997990608
1341846660.470191 -0.027088553 -0.077919602 0.005989512 -0.057559785 -0.017014887 -0.007150745 0.998171508
1341846660.502233 -0.033398207 -0.075863943 0.000124106 -0.055402163 -0.018613936 -0.006076578 0.998272121
1341846660.537985 -0.023640770 -0.069654889 0.001468973 -0.054652348 -0.020314557 -0.006143101 0.998279870
1341846660.570279 -0.027258065 -0.077834390 0.002630442 -0.054820508 -0.018388998 -0.004455121 0.998316944
1341846660.602130 -0.032827694 -0.084357940 -0.002166837 -0.051633772 -0.020139158 -0.000522401 0.998462915
1341846660.638256 -0.020129459 -0.069967270 -0.000224970 -0.048683953 -0.023917042 0.000296753 0.998527825
1341846660.670338 -0.019609973 -0.078855626 -0.003432904 -0.050846994 -0.020219885 -0.000027788 0.998501778
1341846660.706457 -0.030005487 -0.090751737 0.000698176 -0.047470234 -0.017643556 0.003676417 0.998710036
1341846660.738241 -0.019508744 -0.084670722 -0.005272654 -0.040259659 -0.020660911 0.006348979 0.998955488
1341846660.770121 -0.012946144 -0.081328206 -0.012489772 -0.037887257 -0.017663561 0.005380860 0.999111414
1341846660.806117 -0.018605744 -0.087820984 -0.003044093 -0.034174357 -0.012227233 0.005435853 0.999326348
1341846660.838338 -0.025792109 -0.097987711 -0.010932325 -0.025973223 -0.011618429 0.010556415 0.999539375
1341846660.870203 -0.015012108 -0.092240348 -0.013160611 -0.017717691 -0.011846730 0.007929640 0.999741375
1341846660.906366 -0.010940893 -0.099273711 -0.014002403 -0.013905217 -0.006886957 0.009237941 0.999836922
1341846660.938063 -0.015130407 -0.112877578 0.000879863 -0.004422756 -0.004766267 0.012324414 0.999902964
1341846660.974147 -0.005507599 -0.099871948 -0.010027260 0.008373899 -0.006509403 0.010928471 0.999884069
1341846661.006234 -0.008555280 -0.093664706 -0.033865523 0.012284284 -0.002570152 0.012089659 0.999848247
1341846661.038225 -0.023606608 -0.108249567 -0.038118955 0.013380502 -0.000014983 0.012646129 0.999830604
1341846661.074059 -0.012491744 -0.107313052 -0.013265387 0.027151229 -0.003686097 0.013966295 0.999526978
1341846661.106184 -0.008570719 -0.087166928 -0.014708843 0.036198612 -0.002054324 0.011169381 0.999280095
1341846661.138209 -0.015950613 -0.086114451 -0.035260368 0.034249518 -0.000554754 0.012175716 0.999339044
1341846661.174244 -0.013717085 -0.102076918 -0.034710646 0.032922171 -0.000690195 0.011627098 0.999390066
1341846661.206205 -0.012017515 -0.099440239 -0.032433342 0.037170336 -0.000124056 0.012471230 0.999231160
1341846661.242184 -0.014740865 -0.092540614 -0.032510146 0.038700420 0.000195301 0.012464585 0.999173164
1341846661.274177 -0.013525917 -0.085334480 -0.035255097 0.038068328 0.001045109 0.011904947 0.999203682
1341846661.308814 -0.019153703 -0.091435753 -0.032046806 0.035944507 0.001168202 0.011035002 0.999292195
1341846661.342489 -0.012519315 -0.089596987 -0.035624079 0.035608076 -0.000416089 0.011940567 0.999294460
1341846661.374640 -0.014151763 -0.091083042 -0.032489784 0.034468453 -0.000145041 0.010207688 0.999353707
1341846661.410178 -0.022055928 -0.110291786 -0.033532921 0.036249205 -0.000960188 0.011826524 0.999272346
1341846661.442211 -0.010597846 -0.095336139 -0.035032108 0.041748982 -0.003953727 0.012204452 0.999045849
1341846661.474354 -0.010708864 -0.087733284 -0.034737732 0.041418862 -0.002295106 0.011129517 0.999077260
1341846661.510169 -0.018598769 -0.087196872 -0.039263681 0.039436597 -0.003561070 0.011075143 0.999154329
1341846661.542767 -0.020589339 -0.070420198 -0.032240961 0.036094140 -0.003966740 0.007156712 0.999314904
1341846661.574217 -0.015671879 -0.091853723 -0.017863929 0.031559587 -0.003815560 0.005611254 0.999478877
1341846661.610041 -0.025156602 -0.097599976 -0.034868982 0.034006882 -0.006107937 0.007847089 0.999372184
1341846661.642253 -0.014517262 -0.084954351 -0.038903996 0.034231700 -0.007984468 0.007676333 0.999352574
1341846661.678078 -0.037379339 -0.092888415 -0.033062059 0.031835683 -0.005209685 0.005794210 0.999462783
1341846661.710142 -0.026079463 -0.104080938 -0.031533085 0.035016119 -0.009094059 0.007527831 0.999316990
1341846661.742341 -0.028708735 -0.101928852 -0.033437774 0.043219015 -0.009926230 0.004199495 0.999007463
1341846661.778063 -0.024080567 -0.098553322 -0.039974388 0.052887298 -0.009961621 0.002346133 0.998548090
1341846661.810103 -0.023176920 -0.102732033 -0.036184937 0.059292957 -0.009513806 0.002313319 0.998192608
1341846661.842216 -0.028456008 -0.098218739 -0.026894765 0.067951366 -0.009061738 0.000057719 0.997647524
1341846661.878157 -0.018076696 -0.098775156 -0.037128240 0.072076961 -0.009195340 0.000644695 0.997356474
1341846661.910222 -0.018038459 -0.096532516 -0.036061775 0.073674373 -0.006698179 -0.000619035 0.997259676
1341846661.946090 -0.025665801 -0.102166221 -0.034376491 0.076181322 -0.005445133 -0.001694178 0.997077763
1341846662.010311 -0.030959759 -0.110201545 -0.031895548 0.090509735 -0.004326925 -0.003651800 0.995879471
1341846662.046195 -0.030571496 -0.110075340 -0.035709962 0.099128813 -0.006810072 -0.002825211 0.995047271
1341846662.078099 -0.030651115 -0.107449070 -0.039641365 0.105269372 -0.007165829 -0.004983173 0.994405448
1341846662.110672 -0.030671882 -0.113667138 -0.037886318 0.111287728 -0.005045629 -0.005415932 0.993760705
1341846662.146166 -0.035461329 -0.111862309 -0.038257401 0.119598038 -0.005978829 -0.003625710 0.992797792
1341846662.178168 -0.030130217 -0.113555208 -0.037558440 0.126829460 -0.006960449 -0.002752704 0.991896331
1341846662.214136 -0.034102365 -0.119651519 -0.039138567 0.139409795 -0.004208907 -0.000532169 0.990225732
1341846662.246167 -0.032044351 -0.107214965 -0.037043445 0.149814695 -0.006258812 0.002497461 0.988691211
1341846662.278007 -0.026789527 -0.110988192 -0.042811550 0.153753877 -0.005917449 0.000379872 0.988091409
1341846662.314144 -0.034579314 -0.108882003 -0.038209163 0.159801483 -0.002925506 -0.000049208 0.987144828
1341846662.346164 -0.034905966 -0.108219080 -0.035856836 0.164159954 -0.004847184 0.000775032 0.986421585
1341846662.378069 -0.033419821 -0.109367996 -0.036786329 0.170813829 -0.004711214 0.000880503 0.985291660
1341846662.414229 -0.035362914 -0.113834202 -0.040778100 0.176803350 -0.002908583 0.002687979 0.984238267
1341846662.446102 -0.036731496 -0.111219630 -0.041579887 0.183318123 -0.004108020 0.004396154 0.983035266
1341846662.482229 -0.038403269 -0.109851323 -0.042488869 0.191945001 -0.004747098 0.004325205 0.981384695
1341846662.514117 -0.036907483 -0.108824655 -0.044141013 0.200709075 -0.003793582 0.006065616 0.979624808
1341846662.546261 -0.038733326 -0.108370230 -0.049360894 0.208386481 -0.003512021 0.007041498 0.978014946
1341846662.582101 -0.034917925 -0.110081345 -0.043286934 0.210767120 -0.002707920 0.007094337 0.977506876
1341846662.620264 -0.036441889 -0.111316845 -0.043978196 0.214233696 -0.001083018 0.008034810 0.976748824
1341846662.682024 -0.035295662 -0.112165496 -0.041161399 0.222502798 -0.002369989 0.007768493 0.974898279
1341846662.714075 -0.035104189 -0.114384867 -0.038919318 0.223806947 -0.001557480 0.008253427 0.974597335
1341846662.750127 -0.036275174 -0.110850289 -0.040843457 0.229318574 -0.002714655 0.009250441 0.973303735
1341846662.782002 -0.034954097 -0.108450487 -0.053102478 0.231181473 -0.002984754 0.009317723 0.972861528
1341846662.814097 -0.037882473 -0.108917810 -0.041579116 0.228875473 -0.003604032 0.007459643 0.973420501
1341846662.850193 -0.039979972 -0.116399638 -0.020440923 0.230560780 -0.004547955 0.007583155 0.973017812
1341846662.882162 -0.038776074 -0.108709313 -0.041698787 0.232674271 -0.005319390 0.009002149 0.972498536
1341846662.918191 -0.040174365 -0.108341277 -0.044089139 0.231456563 -0.006215762 0.007806866 0.972794056
1341846662.956034 -0.038684968 -0.110741839 -0.035183460 0.231731877 -0.005957223 0.007107802 0.972735524
1341846663.018208 -0.036292087 -0.110540941 -0.039510809 0.236709818 -0.009858066 0.007940941 0.971498013
1341846663.049994 -0.038312737 -0.114494033 -0.029594334 0.235605493 -0.009954767 0.006139539 0.971778393
1341846663.118078 -0.037126940 -0.112060562 -0.034185443 0.238130793 -0.009835704 0.004944031 0.971170783
1341846663.150227 -0.036329769 -0.114058331 -0.029717060 0.239446029 -0.008941438 0.003058688 0.970863700
1341846663.186300 -0.036468655 -0.110773779 -0.036138523 0.238712430 -0.008268568 0.002597443 0.971051633
1341846663.218442 -0.037125312 -0.108831994 -0.042490847 0.234529689 -0.008224861 0.001636757 0.972072780
1341846663.250380 -0.036897171 -0.105901010 -0.045969412 0.228699788 -0.007752810 0.000659068 0.973465979
1341846663.286056 -0.035884079 -0.106966458 -0.044164121 0.223530754 -0.007842736 0.001319806 0.974664450
1341846663.318060 -0.037687987 -0.108545527 -0.045508388 0.213748679 -0.008793931 0.003394110 0.976843238
1341846663.350114 -0.037775848 -0.106098413 -0.052604098 0.202274784 -0.009561489 0.004154318 0.979273379
1341846663.385985 -0.039146103 -0.103711821 -0.044649314 0.195213199 -0.010013154 0.002405267 0.980706811
1341846663.418056 -0.039269451 -0.102865316 -0.043514870 0.190387443 -0.012812113 0.003649371 0.981618702
1341846663.454044 -0.032999918 -0.105745591 -0.044319212 0.181094423 -0.014453287 0.006970439 0.983334839
1341846663.486091 -0.034176383 -0.107146293 -0.060973935 0.173808187 -0.014986234 0.006249587 0.984645724
1341846663.518394 -0.041230593 -0.084517896 -0.037480239 0.167907029 -0.016285371 0.007812005 0.985637367
1341846663.554251 -0.036186025 -0.082381316 -0.033122726 0.162312001 -0.016957881 0.007110137 0.986568153
1341846663.586143 -0.037454929 -0.076597974 -0.034345262 0.154114723 -0.017290400 0.008932469 0.987861335
1341846663.622145 -0.042492036 -0.076166213 -0.030073669 0.147386298 -0.018360866 0.008073173 0.988875628
1341846663.654099 -0.036372039 -0.080997214 -0.037646741 0.141437992 -0.019864587 0.007475348 0.989719570
1341846663.686099 -0.040346425 -0.058763705 -0.029791703 0.132939413 -0.019237110 0.007173816 0.990911543
1341846663.722109 -0.038217984 -0.075537801 -0.033281632 0.123570114 -0.019873967 0.007558830 0.992108047
1341846663.755694 -0.034261495 -0.067175560 -0.032975473 0.119736582 -0.019063469 0.006709811 0.992599964
1341846663.786304 -0.024482436 -0.039276496 -0.030950548 0.110536709 -0.018332813 0.006341497 0.993682683
1341846663.822090 -0.041482605 -0.039230801 -0.034592628 0.092147097 -0.015674943 0.004364437 0.995612502
1341846663.854115 -0.036353935 -0.068537056 -0.031213146 0.081451871 -0.015971951 0.004974518 0.996536911
1341846663.890140 -0.023953838 -0.029955169 -0.027346535 0.077355988 -0.015526934 0.004503586 0.996872485
1341846663.921987 -0.029331861 -0.023338828 -0.023400679 0.058936007 -0.013070085 0.001949509 0.998174369
1341846663.954282 -0.028726118 -0.054095216 -0.023937142 0.038748797 -0.012494372 -0.000221997 0.999170899
1341846663.990370 -0.034506515 -0.035064660 -0.036293611 0.031503502 -0.008967018 -0.004059271 0.999455214
1341846664.022124 -0.032179277 -0.037404925 -0.024774555 0.018696945 -0.006822320 -0.003402960 0.999796152
1341846664.054171 -0.028062349 -0.032084990 -0.024226895 0.004039269 -0.006220690 -0.003400054 0.999966800
1341846664.090250 -0.046781443 -0.039292909 -0.033758931 -0.009366857 -0.001873065 -0.008153244 0.999921143
1341846664.122237 -0.047087461 -0.042117953 -0.032506879 -0.015028853 -0.001398940 -0.007937364 0.999854624
1341846664.158241 -0.051080398 -0.033068299 -0.032595631 -0.019444888 -0.001644936 -0.008085656 0.999776900
1341846664.190141 -0.031279266 -0.030497253 -0.030208206 -0.028628021 -0.004008295 -0.007687548 0.999552548
1341846664.222189 -0.036972128 -0.042625777 -0.031214574 -0.038658679 -0.001768146 -0.007466210 0.999223053
1341846664.258172 -0.037031598 -0.056857206 -0.027973514 -0.044391662 -0.002527974 -0.006037624 0.998992801
1341846664.290022 -0.027230425 -0.035822425 -0.031516604 -0.048589870 -0.002099458 -0.006752998 0.998793840
1341846664.322491 -0.038714979 -0.028985735 -0.029298779 -0.057365350 0.001629892 -0.008659752 0.998314381
1341846664.358302 -0.039903086 -0.032015495 -0.028819360 -0.066001207 0.001547188 -0.008187373 0.997784793
1341846664.390101 -0.040285621 -0.028163072 -0.029824674 -0.072647974 0.001751147 -0.009339708 0.997312427
1341846664.426143 -0.033512060 -0.027674068 -0.027307313 -0.081025220 0.001798024 -0.009208616 0.996667981
1341846664.458304 -0.035094697 -0.026695698 -0.025554091 -0.089785300 0.002589729 -0.009508927 0.995912373
1341846664.490116 -0.032013927 -0.022104366 -0.030044818 -0.098302774 0.003987041 -0.009996540 0.995098352
1341846664.526173 -0.040368151 -0.030331496 -0.025749449 -0.107816935 0.006197440 -0.009592116 0.994105220
1341846664.558129 -0.041879863 -0.026991164 -0.029510288 -0.114996597 0.006160450 -0.008506482 0.993310392
1341846664.590129 -0.024097502 -0.032146327 -0.028601002 -0.121830083 0.005641744 -0.008354421 0.992499769
1341846664.626196 -0.031222830 -0.056657288 -0.023884367 -0.129314661 0.009000364 -0.007507364 0.991534352
1341846664.658276 -0.030715242 -0.060524311 -0.023494355 -0.126755923 0.008095916 -0.006992765 0.991876245
1341846664.694136 -0.020126183 -0.047388904 -0.030170787 -0.123557806 0.006873343 -0.007652291 0.992284119
1341846664.726667 -0.027687127 -0.042292845 -0.028091922 -0.127465174 0.011550603 -0.010467356 0.991720617
1341846664.758141 -0.044263400 -0.042176694 -0.021299720 -0.128771633 0.014152885 -0.010053328 0.991522312
1341846664.794104 -0.033483565 -0.039657075 -0.024099045 -0.129278809 0.010477449 -0.009630795 0.991506219
1341846664.826123 -0.039142594 -0.041690629 -0.027140474 -0.131901875 0.013132060 -0.008807723 0.991136730
1341846664.862093 -0.028549714 -0.041743748 -0.021886354 -0.133643329 0.010317437 -0.007426580 0.990948021
1341846664.894198 -0.030208699 -0.037356790 -0.026306419 -0.133192778 0.010080094 -0.006581474 0.991017103
1341846664.926270 -0.027314797 -0.024237493 -0.024905482 -0.132124573 0.012475768 -0.007267070 0.991127968
1341846664.962375 -0.032739956 -0.043764591 -0.028605795 -0.136246994 0.013877654 -0.005207064 0.990564048
1341846664.997077 -0.031680718 -0.022859395 -0.028225699 -0.136230856 0.013752447 -0.007477598 0.990553498
1341846665.026380 -0.034683790 -0.032680921 -0.026595151 -0.140950248 0.015271443 -0.008807150 0.989859760
1341846665.062417 -0.037869792 -0.040436219 -0.025415968 -0.143742561 0.016133966 -0.007740594 0.989453375
1341846665.094077 -0.030742276 -0.031239545 -0.035715342 -0.142775416 0.013971527 -0.005692076 0.989640176
1341846665.130160 -0.025226044 -0.039393209 -0.036825884 -0.149669975 0.016387569 -0.005451789 0.988585234
1341846665.162114 -0.041555472 -0.031916212 -0.032181859 -0.152033255 0.018707525 -0.005145829 0.988184988
1341846665.194100 -0.038717058 -0.016221615 -0.032320533 -0.152739361 0.016552851 -0.005477132 0.988112748
1341846665.230221 -0.064623564 -0.017819921 -0.042603478 -0.157545164 0.023737356 -0.004675128 0.987215400
1341846665.262005 -0.070948489 -0.020161759 -0.039144233 -0.168882668 0.026010310 -0.007224178 0.985266447
1341846665.300077 -0.062315654 -0.020825792 -0.039533265 -0.175445214 0.024332173 -0.004569179 0.984177887
1341846665.362294 -0.039169893 -0.034791969 -0.035983659 -0.187724531 0.025108401 -0.006676100 0.981878042
1341846665.398079 -0.040014002 -0.026221698 -0.042193491 -0.189064965 0.022295561 -0.005138119 0.981697977
1341846665.430162 -0.053867612 -0.024248471 -0.060285952 -0.197931737 0.026039230 -0.009033206 0.979828238
1341846665.462226 -0.051771421 -0.030732423 -0.059777286 -0.209944248 0.029645897 -0.008857540 0.977223694
1341846665.498226 -0.069603786 -0.054995112 -0.051965579 -0.219938472 0.030707361 -0.007806205 0.974999130
1341846665.530109 -0.058399424 -0.043574627 -0.050362073 -0.218742803 0.028546078 -0.008483557 0.975328088
1341846665.562222 -0.067571521 -0.039778411 -0.057589106 -0.219023779 0.032031566 -0.007632187 0.975163758
1341846665.598196 -0.075665832 -0.035150975 -0.059953541 -0.219626978 0.032343645 -0.006288091 0.975027382
1341846665.630107 -0.062480308 -0.033382945 -0.060949896 -0.222939596 0.030504664 -0.007274816 0.974327743
1341846665.666289 -0.056703847 -0.030696966 -0.062871113 -0.226766884 0.032062944 -0.006913350 0.973396599
1341846665.698060 -0.061596368 -0.027930686 -0.067860320 -0.228898197 0.031893540 -0.005952026 0.972909570
1341846665.730361 -0.062945746 -0.029628485 -0.068637311 -0.231861904 0.031438354 -0.006518123 0.972218752
1341846665.766193 -0.056257833 -0.027497290 -0.072930112 -0.235083148 0.032503214 -0.007190398 0.971405089
1341846665.798338 -0.055434410 -0.026158309 -0.070546485 -0.238666683 0.033343676 -0.006509965 0.970507145
1341846665.834237 -0.062473003 -0.022652129 -0.076678492 -0.241455480 0.034853358 -0.007626441 0.969755828
1341846665.866106 -0.051583719 -0.010031095 -0.080249295 -0.244695559 0.035041325 -0.007102626 0.968940556
1341846665.898073 -0.056601133 -0.013109752 -0.083668590 -0.252473533 0.039007768 -0.006586283 0.966794848
1341846665.934076 -0.064946465 -0.011539605 -0.086627193 -0.257305503 0.039107837 -0.006857174 0.965514123
1341846665.966137 -0.075369284 -0.021520237 -0.084882788 -0.263619304 0.041418497 -0.006214920 0.963717222
1341846665.998149 -0.069606699 -0.015008669 -0.088060997 -0.266454995 0.043866348 -0.005728362 0.962831676
1341846666.034210 -0.065262645 -0.005915212 -0.092830271 -0.264547050 0.042088728 -0.003234504 0.963448465
1341846666.072502 -0.067040421 -0.016675390 -0.090803184 -0.268040299 0.041758809 -0.003733961 0.962495029
1341846666.134147 -0.060744390 -0.007532144 -0.097909883 -0.274013996 0.043329522 -0.003257328 0.960743606
1341846666.166356 -0.065517075 -0.004564305 -0.099346153 -0.274748892 0.042965263 -0.003049101 0.960550845
1341846666.202327 -0.069081441 -0.012055228 -0.097034134 -0.278664827 0.045928769 -0.003789961 0.959282100
1341846666.234319 -0.064948589 -0.004943583 -0.100548983 -0.279961556 0.043825403 -0.002725643 0.959006488
1341846666.266322 -0.067791998 -0.027945373 -0.098102391 -0.289143384 0.041993976 -0.002402619 0.956361294
1341846666.302195 -0.076213539 -0.042702932 -0.090550169 -0.303494245 0.045511406 -0.003181597 0.951740444
1341846666.335080 -0.081190705 -0.025274433 -0.098588184 -0.310700923 0.047233105 -0.003275631 0.949327826
1341846666.370216 -0.088395201 -0.014663950 -0.095075451 -0.315353125 0.044892769 -0.001173877 0.947911203
1341846666.402019 -0.084406741 -0.017544141 -0.096137360 -0.321964920 0.044840209 -0.000266486 0.945689142
1341846666.434088 -0.079958454 -0.016871281 -0.089104861 -0.328091085 0.045530137 0.002501278 0.943544924
1341846666.470060 -0.085067533 -0.014915844 -0.091216370 -0.329186618 0.044111881 0.006495107 0.943211615
1341846666.502190 -0.084333956 -0.013539549 -0.095759593 -0.334162533 0.044855613 0.010277613 0.941391408
1341846666.534121 -0.086998284 -0.011886015 -0.093828358 -0.344498575 0.048318632 0.010214169 0.937486887
1341846666.570131 -0.082097068 -0.011896326 -0.092183262 -0.352645814 0.047068153 0.012098986 0.934494078
1341846666.602180 -0.082697622 -0.008520929 -0.096820138 -0.357844502 0.046625189 0.013791906 0.932514489
1341846666.638072 -0.098279960 0.002149297 -0.102657132 -0.362153679 0.050913461 0.013216288 0.930633068
1341846666.670134 -0.103348836 0.003898878 -0.099516235 -0.365012407 0.050257608 0.014030387 0.929539323
1341846666.738266 -0.097211264 -0.000317307 -0.100355543 -0.370616049 0.046881236 0.016287690 0.927459240
1341846666.770390 -0.105724849 -0.000631770 -0.097983576 -0.372877330 0.046503726 0.017724693 0.926545084
1341846666.802119 -0.103359371 -0.002215710 -0.101164758 -0.374304444 0.043080561 0.020590205 0.926075757
1341846666.838108 -0.094175935 0.003751691 -0.106376052 -0.375040919 0.040493272 0.023491846 0.925825417
1341846666.870483 -0.098686807 0.011756534 -0.111726969 -0.375875801 0.041105404 0.023891928 0.925449610
1341846666.906019 -0.100649387 0.007858118 -0.112641744 -0.379508585 0.040642131 0.024101699 0.923980832
1341846666.937989 -0.096308924 0.010691091 -0.114523321 -0.382652938 0.037722874 0.023831438 0.922814131
1341846666.970036 -0.090223551 0.013562869 -0.117317535 -0.385455340 0.036237188 0.022065999 0.921750665
1341846667.006200 -0.105614752 0.015019089 -0.119205415 -0.387514502 0.039085712 0.020465836 0.920807242
1341846667.038153 -0.111799538 0.019432858 -0.128867030 -0.388527751 0.036293931 0.019954409 0.920505702
1341846667.074153 -0.059859417 0.029125724 -0.128628567 -0.394117057 0.025278501 0.019382387 0.918508053
1341846667.106156 -0.075357415 0.025824152 -0.129047692 -0.400421232 0.029715814 0.015293011 0.915721595
1341846667.138108 -0.109529294 0.008137135 -0.119437814 -0.403717160 0.031977061 0.014616275 0.914208055
1341846667.174105 -0.086271711 0.007276621 -0.122926474 -0.402221471 0.027072100 0.013122462 0.915048063
1341846667.206107 -0.098430574 0.009509927 -0.126030326 -0.399915069 0.031931780 0.009088256 0.915950716
1341846667.238075 -0.046543613 0.007569581 -0.135097086 -0.396037221 0.021911547 0.008178306 0.917936623
1341846667.274016 0.040543448 0.023045639 -0.116625212 -0.388168305 0.004221722 0.005750983 0.921560884
1341846667.306189 0.073692650 0.036330681 -0.117131040 -0.376483500 0.000527510 0.000347568 0.926423073
1341846667.342253 0.084613353 0.086025357 -0.126960561 -0.353703618 -0.004943063 0.000767195 0.935344219
1341846667.374345 0.093980640 0.078177005 -0.142970219 -0.345199734 -0.007252403 -0.001111389 0.938500643
1341846667.406982 0.046163555 0.016367191 -0.128266290 -0.349974096 0.003495656 -0.008244661 0.936716616
1341846667.442109 0.071828261 -0.010863641 -0.098487437 -0.344873816 -0.002442992 -0.006218655 0.938625336
1341846667.474109 0.076044120 -0.023029728 -0.104078889 -0.334285229 -0.004219346 -0.005350612 0.942447364
1341846667.506006 0.056529842 -0.016732479 -0.115911201 -0.319068760 0.000085799 -0.012100005 0.947654366
1341846667.542298 0.056282219 -0.071987651 -0.107214898 -0.315030068 -0.001839474 -0.011566699 0.949009418
1341846667.574196 0.061494116 -0.080905691 -0.111396641 -0.301281273 -0.004769154 -0.010906054 0.953461051
1341846667.610099 0.014276830 -0.065070905 -0.116981916 -0.287658155 0.004954893 -0.015865270 0.957588911
1341846667.642293 0.032476176 -0.034639399 -0.137788206 -0.273159027 0.001500924 -0.013270191 0.961876214
1341846667.674072 0.046254784 -0.043575928 -0.139053613 -0.271814108 -0.000892720 -0.011821790 0.962276757
1341846667.710179 0.020802516 -0.046124853 -0.141356111 -0.271501034 0.006937747 -0.015619776 0.962286413
1341846667.742255 0.018229710 -0.035662875 -0.136622548 -0.264469028 0.007509742 -0.015542997 0.964239717
1341846667.774114 0.021423552 -0.025120605 -0.139798164 -0.254963100 0.005602597 -0.013321646 0.966842830
1341846667.810099 -0.002416442 -0.032658920 -0.138448179 -0.252648354 0.013108991 -0.016942866 0.967320979
1341846667.842103 0.023476278 -0.030147534 -0.136099875 -0.247170970 0.010254357 -0.018110814 0.968748391
1341846667.878139 0.005382247 -0.020895900 -0.137252003 -0.236123741 0.012063652 -0.016414002 0.971509457
1341846667.910558 -0.001755648 -0.026137002 -0.139041081 -0.231183842 0.017237637 -0.019719379 0.972557485
1341846667.942116 -0.005795270 -0.037912279 -0.132536829 -0.229050308 0.021094507 -0.019382132 0.972993016
1341846667.978287 0.003215909 -0.028842825 -0.130596012 -0.219280005 0.018827118 -0.018071750 0.975312889
1341846668.010215 -0.018444315 -0.039428137 -0.128365278 -0.213603750 0.026185486 -0.019704334 0.976370573
1341846668.046247 -0.020811867 -0.045611497 -0.127199307 -0.206494197 0.030134223 -0.019983327 0.977779567
1341846668.078111 -0.029727019 -0.037787803 -0.127730250 -0.195697233 0.031902052 -0.018472826 0.979971230
1341846668.110130 -0.024652874 -0.039459486 -0.125562951 -0.188334793 0.033287868 -0.018814871 0.981360316
1341846668.146332 -0.037518390 -0.052852333 -0.121464498 -0.183606446 0.038350895 -0.019638935 0.982055128
1341846668.178208 -0.051039934 -0.044945858 -0.126757756 -0.170228511 0.038333762 -0.016357178 0.984522879
1341846668.211262 -0.051771365 -0.046901722 -0.118428566 -0.158797979 0.038156644 -0.017386928 0.986420274
1341846668.246163 -0.053293936 -0.040291142 -0.121295542 -0.144468546 0.039777108 -0.016006650 0.988580048
1341846668.278397 -0.073141709 -0.041842718 -0.121712469 -0.132165179 0.040935777 -0.012932002 0.990297675
1341846668.314248 -0.060972247 -0.048088409 -0.120563701 -0.123614296 0.038855944 -0.012856052 0.991486013
1341846668.346231 -0.084970161 -0.045617148 -0.127284795 -0.117356345 0.043696694 -0.012069064 0.992054701
1341846668.378099 -0.124417238 -0.064115241 -0.124382831 -0.114645422 0.049446195 -0.009589543 0.992128849
1341846668.414247 -0.103182256 -0.044340480 -0.123532571 -0.104979388 0.046251439 -0.010784081 0.993339777
1341846668.445965 -0.096958145 -0.046650395 -0.133534998 -0.096266270 0.045829624 -0.008982123 0.994259417
1341846668.478153 -0.170388833 -0.063573405 -0.112364680 -0.080253027 0.055575583 -0.003555757 0.995217621
1341846668.514213 -0.165325195 -0.042547986 -0.116602324 -0.062331323 0.054610755 -0.006492849 0.996539235
1341846668.546115 -0.212732613 -0.047349449 -0.103954025 -0.057018008 0.063719347 -0.008317458 0.996303022
1341846668.582467 -0.225024730 -0.046329528 -0.105351530 -0.050384641 0.065150306 -0.013128100 0.996516168
1341846668.614140 -0.196241483 -0.080483466 -0.115749247 -0.040711597 0.060700037 -0.010707255 0.997267962
1341846668.646312 -0.223116234 -0.049355209 -0.117490426 -0.024518605 0.063934453 -0.012799393 0.997570753
1341846668.682455 -0.233951777 -0.050249252 -0.105818644 -0.018533222 0.063690215 -0.017266165 0.997648239
1341846668.714133 -0.186330020 -0.077032730 -0.118706487 -0.009178176 0.052092709 -0.012344055 0.998523772
1341846668.746132 -0.191867307 -0.038816106 -0.126508161 0.005574149 0.050809875 -0.015917199 0.998565972
1341846668.782338 -0.151831254 -0.002062554 -0.129634082 0.009871825 0.043710399 -0.016573245 0.998857975
1341846668.814140 -0.149823546 -0.012842182 -0.123453528 0.006596115 0.044000447 -0.017351344 0.998859048
1341846668.850214 -0.154224485 -0.007117484 -0.125488266 0.007356090 0.043590207 -0.017884461 0.998862326
1341846668.882442 -0.155034348 -0.008000067 -0.127850175 0.004585646 0.042127091 -0.018285964 0.998934388
1341846668.914289 -0.156256914 -0.015105298 -0.129687786 0.002873759 0.041391026 -0.021986285 0.998896956
1341846668.950088 -0.162903130 -0.010338673 -0.121671692 0.004873411 0.038577054 -0.024179954 0.998951137
1341846668.982227 -0.159357712 0.015260567 -0.136700258 0.004800247 0.035062026 -0.027834170 0.998985946
1341846669.014062 -0.157618672 0.008362624 -0.137067765 -0.004228956 0.033488918 -0.034028504 0.998850703
1341846669.050056 -0.166369885 0.005658256 -0.131087571 -0.009140830 0.030618668 -0.038408250 0.998751104
1341846669.082525 -0.155066043 0.016072910 -0.137894154 -0.012594245 0.024938064 -0.044853657 0.998602867
1341846669.118346 -0.152927324 0.026853679 -0.141940132 -0.020266291 0.023305779 -0.054887377 0.998014808
1341846669.150086 -0.162708640 0.006659615 -0.123839729 -0.029089490 0.021698266 -0.064065121 0.997285664
1341846669.182477 -0.150597692 0.007643373 -0.136176974 -0.030435713 0.015673736 -0.068910345 0.997035325
1341846669.218046 -0.155220464 0.019170973 -0.145530567 -0.036247686 0.016914826 -0.078870289 0.996082067
1341846669.250205 -0.158178777 0.005745354 -0.135631308 -0.042952783 0.015118659 -0.083586551 0.995459616
1341846669.286114 -0.149096847 0.010600649 -0.138154387 -0.042884186 0.011559124 -0.088119015 0.995119333
1341846669.318030 -0.146461040 0.014614189 -0.139195815 -0.044477023 0.012577835 -0.093461588 0.994549453
1341846669.350255 -0.155539781 0.013215844 -0.140023962 -0.046455897 0.011548945 -0.099657901 0.993869662
1341846669.418200 -0.147209004 0.024856279 -0.143460706 -0.053497292 0.006898064 -0.120080292 0.991297722
1341846669.450219 -0.151798785 0.017141061 -0.137795702 -0.058864038 0.005773651 -0.130061701 0.989740193
1341846669.486175 -0.145457759 0.025804967 -0.143572450 -0.060908351 0.002050739 -0.140206456 0.988245010
1341846669.518033 -0.141244888 0.027005339 -0.146577388 -0.068084292 0.002997379 -0.152946010 0.985881925
1341846669.554159 -0.147959858 0.019933658 -0.139607280 -0.074378647 0.004839789 -0.162671834 0.983860910
1341846669.586348 -0.139474228 0.034550600 -0.143073723 -0.076515570 0.002902611 -0.170679808 0.982346892
1341846669.617976 -0.140962541 0.021429341 -0.151609704 -0.086073235 0.005671692 -0.181436256 0.979612291
1341846669.654096 -0.146673396 0.017221060 -0.144431740 -0.090996839 0.009928182 -0.190184012 0.977471769
1341846669.686069 -0.143479168 0.013813186 -0.139096871 -0.091591358 0.010490282 -0.194789737 0.976502955
1341846669.718075 -0.142955482 0.018330555 -0.153692737 -0.093996212 0.011969120 -0.203616321 0.974454701
1341846669.754171 -0.136960953 0.027386511 -0.162418082 -0.098454714 0.014512195 -0.212530524 0.972073495
1341846669.786139 -0.143487200 0.024423465 -0.154107884 -0.103388272 0.017687632 -0.220673993 0.969691217
1341846669.822151 -0.138958409 0.029352006 -0.157576561 -0.104722962 0.018007994 -0.227609232 0.967937410
1341846669.854118 -0.140329078 0.034478176 -0.161415413 -0.109590784 0.019968674 -0.235630840 0.965437353
1341846669.886219 -0.137161732 0.037380073 -0.161208019 -0.114617892 0.021835834 -0.244898170 0.962502420
1341846669.922050 -0.149096563 0.026534621 -0.154567167 -0.119244128 0.024617849 -0.253233969 0.959712148
1341846669.954047 -0.136283010 0.037771251 -0.166089714 -0.121273220 0.024457933 -0.260990173 0.957381189
1341846669.986285 -0.135406941 0.033703569 -0.171046570 -0.129140362 0.027594728 -0.269747823 0.953833044
1341846670.022242 -0.133953094 0.029302735 -0.162592649 -0.132947654 0.030613216 -0.279954195 0.950270176
1341846670.054135 -0.130234778 0.033869285 -0.166883737 -0.134988591 0.033121083 -0.285846412 0.948141873
1341846670.090228 -0.129613101 0.035735145 -0.175037265 -0.139748722 0.035983358 -0.295057982 0.944519103
1341846670.121996 -0.130529240 0.028649462 -0.171198338 -0.144788638 0.040832218 -0.307215631 0.939674199
1341846670.154057 -0.107838370 0.022619156 -0.182718039 -0.148355007 0.041451477 -0.316139042 0.936124265
1341846670.190103 -0.099022485 0.018043531 -0.181285039 -0.152645588 0.042158395 -0.325695902 0.932118177
1341846670.222197 -0.124531746 0.024746044 -0.176538393 -0.154529572 0.050750051 -0.337142378 0.927297175
1341846670.258571 -0.125495493 0.029554898 -0.179113001 -0.155068487 0.056582890 -0.344972402 0.923983932
1341846670.290254 -0.123139150 0.044133816 -0.171584934 -0.154339150 0.059392236 -0.351213187 0.921575487
1341846670.358377 -0.130237073 0.027401954 -0.188501313 -0.154621869 0.072533160 -0.368516535 0.913797975
1341846670.390114 -0.122691348 0.039036471 -0.163631484 -0.150981769 0.079179026 -0.375194758 0.911133409
1341846670.422206 -0.151617408 0.035061352 -0.152259961 -0.150385737 0.090876736 -0.385995299 0.905612051
1341846670.464003 -0.113041610 0.034884255 -0.174332216 -0.140729129 0.092845768 -0.394446939 0.903319836
1341846670.526271 -0.150565416 0.028898617 -0.171245262 -0.137165383 0.113696165 -0.408860296 0.895037532
1341846670.566977 -0.158725515 0.025262944 -0.167961225 -0.136052310 0.119180620 -0.414263129 0.892004371
1341846670.596103 -0.161597371 0.022468738 -0.169073090 -0.133686647 0.122048758 -0.419647992 0.889453530
1341846670.628412 -0.159147665 0.021598220 -0.175898045 -0.131217822 0.124394737 -0.422851443 0.887977779
1341846670.664027 -0.154700398 0.029969126 -0.154313967 -0.125673026 0.127797753 -0.428770572 0.885454595
1341846670.696002 -0.170506403 0.022506850 -0.154658586 -0.120854646 0.134837210 -0.436362118 0.881363273
1341846670.728093 -0.147483975 0.022761485 -0.164949998 -0.112591423 0.136045232 -0.440758616 0.880083382
1341846670.764128 -0.162037328 0.014854360 -0.164114535 -0.110643163 0.143671781 -0.447148353 0.875885248
1341846670.796059 -0.165636152 0.014799349 -0.154931933 -0.105136633 0.151184812 -0.453252196 0.872153580
1341846670.832246 -0.156476304 0.018029962 -0.168358296 -0.096256696 0.153820232 -0.452414185 0.873152614
1341846670.863970 -0.166955695 0.020032030 -0.168507308 -0.091732964 0.156876758 -0.451971412 0.873325050
1341846670.896139 -0.209793270 -0.011572555 -0.137952164 -0.092836328 0.166357800 -0.454133511 0.870327115
1341846670.932028 -0.205467954 -0.009866454 -0.137989581 -0.082179502 0.172176257 -0.450056225 0.872382522
1341846670.964063 -0.202368602 -0.022951126 -0.148851961 -0.073318228 0.170453653 -0.443467289 0.876873255
1341846671.000270 -0.188157260 -0.022790410 -0.166140348 -0.064844653 0.168944389 -0.443366408 0.877883375
1341846671.032112 -0.156882942 -0.022447020 -0.157463819 -0.053436749 0.170546860 -0.449069500 0.875439882
1341846671.064030 -0.156274974 -0.023456536 -0.164443567 -0.046320148 0.173937291 -0.449522406 0.874945641
1341846671.101398 -0.153966889 -0.020293422 -0.174658775 -0.038253985 0.174254477 -0.456069589 0.871878743
1341846671.132289 -0.149644285 -0.013571113 -0.171599150 -0.024517916 0.176608503 -0.465445042 0.866930902
1341846671.168159 -0.150767416 -0.018797040 -0.170363769 -0.014157483 0.174817592 -0.466450930 0.866984367
1341846671.200149 -0.143641070 -0.023187242 -0.181637347 -0.003761837 0.168307364 -0.469059080 0.866972923
1341846671.232280 -0.148504347 -0.030345805 -0.205927044 0.006594936 0.167658970 -0.475751758 0.863427639
1341846671.268147 -0.148221686 -0.024828747 -0.215477675 0.017021284 0.170352384 -0.477811962 0.861618280
1341846671.300337 -0.133260518 -0.029823482 -0.233782142 0.025914270 0.164997518 -0.475184292 0.863888979
1341846671.336125 -0.121218510 -0.032533370 -0.246464849 0.032464936 0.160616562 -0.479221404 0.862261713
1341846671.368236 -0.115842536 -0.033507131 -0.263255388 0.037900042 0.161214232 -0.481224179 0.860811770
1341846671.400327 -0.109002724 -0.029015005 -0.255830348 0.045120101 0.156524092 -0.483843744 0.859860241
1341846671.436064 -0.104496457 -0.022437662 -0.269038737 0.050512329 0.153346300 -0.488916129 0.857259929
1341846671.468197 -0.089637406 -0.008138135 -0.270057023 0.059136093 0.151806697 -0.492994934 0.854642451
1341846671.504294 -0.169255331 -0.043433398 -0.173567906 0.052555587 0.151480675 -0.504265904 0.848532498
1341846671.536197 -0.163535699 -0.035585947 -0.182788551 0.059062902 0.143454179 -0.512430847 0.844598889
1341846671.568120 -0.163209945 -0.029490858 -0.201867044 0.066500552 0.141123369 -0.519286811 0.840239942
1341846671.604188 -0.172751367 -0.045493662 -0.189252123 0.068594672 0.135240585 -0.525630236 0.837088764
1341846671.636057 -0.169972792 -0.044980675 -0.180958986 0.076215915 0.125938118 -0.532241881 0.833696187
1341846671.672157 -0.160009697 -0.039211988 -0.208839223 0.087136768 0.116179638 -0.536086142 0.831577480
1341846671.704027 -0.156635866 -0.034183480 -0.225826293 0.089609489 0.113042012 -0.537972033 0.830528617
1341846671.736479 -0.156002983 -0.029354274 -0.229026377 0.089505427 0.110282443 -0.543056846 0.827596426
1341846671.774745 -0.152236775 -0.029606700 -0.225860670 0.092256665 0.105346084 -0.548074722 0.824624240
1341846671.804605 -0.153077617 -0.034622386 -0.212950632 0.092906110 0.099637859 -0.551348925 0.823076606
1341846671.840252 -0.153928638 -0.035125554 -0.220127434 0.092815056 0.095372736 -0.556032002 0.820437610
1341846671.872106 -0.157015383 -0.032767341 -0.225473776 0.094379567 0.094703689 -0.558815598 0.818443000
1341846671.904035 -0.153469890 -0.028337300 -0.219209641 0.094714090 0.092201419 -0.561463118 0.816876590
1341846671.972239 -0.149568409 -0.026169881 -0.216487944 0.094795413 0.089124672 -0.574031055 0.808430016
1341846672.034218 -0.152164787 -0.034917787 -0.220283449 0.091655441 0.084340304 -0.585363328 0.801146507
1341846672.066227 -0.147810757 -0.039677233 -0.216045141 0.091443680 0.083068594 -0.589631379 0.798168302
1341846672.098024 -0.146345839 -0.046576187 -0.204417586 0.090044603 0.079275809 -0.593279123 0.796007097
1341846672.134061 -0.153878242 -0.055894852 -0.212458208 0.087891005 0.076783799 -0.598993301 0.792203605
1341846672.166000 -0.154458880 -0.057592928 -0.217160538 0.087019362 0.077459693 -0.603013098 0.789178550
1341846672.198405 -0.169672549 -0.060669020 -0.229123905 0.084453046 0.078126796 -0.609469831 0.784417331
1341846672.234130 -0.170547545 -0.066121370 -0.235064998 0.085045159 0.074304856 -0.614175022 0.781047583
1341846672.266403 -0.167638227 -0.067473412 -0.243980616 0.087692507 0.073112354 -0.614851773 0.780334532
1341846672.302710 -0.167706639 -0.068650484 -0.234881848 0.086031564 0.072816603 -0.615627110 0.779935718
1341846672.335022 -0.168604806 -0.070493743 -0.236089483 0.083733656 0.070966564 -0.617902279 0.778555930
1341846672.366487 -0.157557085 -0.062764749 -0.234636649 0.087564416 0.070398510 -0.621277750 0.775493741
1341846672.402478 -0.155594230 -0.055443406 -0.263789386 0.089843675 0.071655750 -0.620088518 0.776069462
1341846672.434330 -0.149912387 -0.054459155 -0.265104204 0.090308666 0.070959292 -0.618699193 0.777187586
1341846672.472323 -0.147203267 -0.049385041 -0.266256899 0.091586672 0.071020484 -0.618552744 0.777148962
1341846672.534812 -0.133703545 -0.048251465 -0.272610366 0.091917634 0.067326181 -0.614727974 0.780466497
1341846672.570153 -0.131498054 -0.052885354 -0.269284785 0.088587612 0.065250240 -0.614438117 0.781255722
1341846672.608881 -0.131510541 -0.045753166 -0.259816200 0.090293437 0.063916042 -0.613220334 0.782127082
1341846672.640836 -0.137065470 -0.047317639 -0.263208598 0.087347053 0.062635675 -0.608629286 0.786140978
1341846672.708152 -0.128977165 -0.044358104 -0.252744794 0.088434108 0.058407858 -0.597720325 0.794668734
1341846672.770288 -0.126532704 -0.041995376 -0.252383471 0.090832777 0.052200373 -0.577754676 0.809459150
1341846672.803280 -0.135068312 -0.043837540 -0.250671834 0.091608860 0.050480727 -0.567450643 0.816737056
1341846672.838034 -0.144457549 -0.042970888 -0.248340160 0.091501392 0.047821123 -0.557878911 0.823475420
1341846672.870092 -0.138033256 -0.041887850 -0.236146569 0.092861407 0.042782195 -0.550363541 0.828641355
1341846672.902275 -0.143651873 -0.041821860 -0.239789635 0.091938056 0.040304128 -0.543434978 0.833427548
1341846672.938315 -0.151885748 -0.042404965 -0.235398233 0.089917451 0.037617546 -0.534643769 0.839437783
1341846672.970326 -0.148858875 -0.039884068 -0.226899222 0.088498786 0.033875424 -0.524864972 0.845894337
1341846673.008221 -0.146334320 -0.040127285 -0.226337463 0.086112201 0.030888356 -0.513679385 0.853090942
1341846673.070235 -0.148761258 -0.035140418 -0.222493112 0.081601046 0.027495641 -0.495410919 0.864380360
1341846673.106189 -0.142882794 -0.033385038 -0.232193381 0.083564982 0.023972945 -0.482964337 0.871313751
1341846673.138104 -0.137651250 -0.024186440 -0.247605622 0.086430617 0.020130767 -0.469182521 0.878630936
1341846673.170298 -0.144969180 -0.032832853 -0.222236782 0.085130423 0.016931998 -0.461409003 0.882931471
1341846673.206489 -0.143736914 -0.036898106 -0.215778932 0.086719915 0.012342768 -0.451571643 0.887924790
1341846673.238153 -0.150770038 -0.037935890 -0.214550167 0.087692320 0.008966601 -0.441227585 0.893055379
1341846673.274220 -0.155026853 -0.043044247 -0.219739974 0.088540271 0.006384862 -0.433573663 0.896735132
1341846673.306107 -0.161765665 -0.040462293 -0.212494537 0.091672637 0.004512792 -0.426164508 0.899977565
1341846673.338187 -0.159507528 -0.037018798 -0.208639503 0.095152222 0.000373469 -0.414506942 0.905057967
1341846673.374098 -0.160486966 -0.036006983 -0.209020495 0.098018773 -0.001822040 -0.404634982 0.909208179
1341846673.406266 -0.160058498 -0.035886042 -0.198770016 0.101079427 -0.004013443 -0.392186791 0.914306521
1341846673.438267 -0.160275206 -0.036800787 -0.192952588 0.104653597 -0.008815551 -0.378605396 0.919580281
1341846673.474135 -0.161063135 -0.038534418 -0.195881441 0.108235694 -0.011372916 -0.364865363 0.924677789
1341846673.506260 -0.164495543 -0.038645238 -0.197885960 0.110811681 -0.014116270 -0.350546777 0.929859459
1341846673.542168 -0.170562163 -0.033269696 -0.188287228 0.111563049 -0.018505966 -0.338699102 0.934073985
1341846673.574072 -0.170649946 -0.035731476 -0.183809042 0.110648222 -0.022315495 -0.328875870 0.937603176
1341846673.606102 -0.152018785 -0.031090964 -0.205085978 0.110898457 -0.027986852 -0.315963596 0.941852033
1341846673.648026 -0.154090971 -0.022675546 -0.207623363 0.109372295 -0.033730462 -0.304345846 0.945660412
1341846673.710162 -0.159554616 -0.019578962 -0.207256526 0.099664159 -0.043340210 -0.280284464 0.953744888
1341846673.742225 -0.163566649 -0.011927588 -0.206977963 0.096712545 -0.049071055 -0.266099840 0.957825422
1341846673.774298 -0.166114643 -0.014614383 -0.202529937 0.092960261 -0.055555094 -0.250934750 0.961927116
1341846673.810154 -0.165656090 -0.013377943 -0.208754957 0.091043167 -0.060831744 -0.236720473 0.965388060
1341846673.842305 -0.166540667 -0.006584820 -0.208475620 0.088324554 -0.067015082 -0.222136408 0.968691468
1341846673.874285 -0.153892070 0.000120629 -0.205827683 0.085288957 -0.072178803 -0.211704850 0.970925927
1341846673.910253 -0.165793881 0.001073236 -0.195783243 0.079743259 -0.073830500 -0.199950561 0.973760724
1341846673.942284 -0.166323557 -0.000830106 -0.178930581 0.076825418 -0.078125507 -0.189792514 0.975691140
1341846673.978434 -0.161153480 -0.009373331 -0.177000508 0.075309053 -0.079701260 -0.180110320 0.977515459
1341846674.016486 -0.170814440 -0.006002180 -0.173781827 0.077006742 -0.078079745 -0.172389790 0.978905201
1341846674.052060 -0.163862497 -0.009743135 -0.192059323 0.076371223 -0.079405949 -0.161246598 0.980745494
1341846674.084057 -0.156820640 -0.009584422 -0.196706295 0.077000961 -0.080094427 -0.153142557 0.981938422
1341846674.152235 -0.159540966 -0.003754789 -0.198952094 0.069327146 -0.078856744 -0.138089627 0.984838426
1341846674.210322 -0.152429149 0.009478442 -0.205739215 0.064487159 -0.076925620 -0.122088969 0.987430096
1341846674.246217 -0.160977796 0.001856135 -0.208847523 0.058959041 -0.076366067 -0.114966393 0.988673270
1341846674.278035 -0.164587855 -0.006474069 -0.193578914 0.058649462 -0.078049213 -0.105288401 0.989637852
1341846674.310117 -0.157248586 0.004859687 -0.206035405 0.059393119 -0.079403833 -0.096104860 0.990419805
1341846674.346212 -0.154396176 -0.000020454 -0.208394989 0.056072880 -0.079384714 -0.088806480 0.991295815
1341846674.378058 -0.159223989 -0.006178721 -0.196958452 0.056083418 -0.078324132 -0.078034028 0.992285669
1341846674.410162 -0.160908625 0.005722244 -0.212810591 0.057254244 -0.077792257 -0.070323996 0.992836773
1341846674.446125 -0.161626890 0.007288765 -0.185217872 0.054787103 -0.078041710 -0.063450046 0.993419349
1341846674.478198 -0.163934961 -0.000438965 -0.185618401 0.054402165 -0.076657966 -0.057774711 0.993894398
1341846674.514124 -0.163440943 0.007139516 -0.197068930 0.054561686 -0.076502517 -0.053674914 0.994127512
1341846674.546062 -0.167490646 0.002682524 -0.203474984 0.053215805 -0.076456957 -0.050422616 0.994374216
1341846674.578094 -0.160226062 0.006555420 -0.197546542 0.053879675 -0.076652221 -0.045759488 0.994548917
1341846674.614179 -0.167021230 0.011167659 -0.192227095 0.052549057 -0.074671261 -0.040384639 0.995003521
1341846674.682209 -0.156230703 0.001768964 -0.190241113 0.053388454 -0.077360943 -0.023826854 0.995287538
1341846674.714186 -0.162252277 0.009920917 -0.191609338 0.055085093 -0.075880714 -0.015519089 0.995473266
1341846674.752271 -0.160699770 0.006242420 -0.198100820 0.054312211 -0.076412223 -0.005369654 0.995581508
1341846674.814222 -0.157082886 0.007692630 -0.202620596 0.053621441 -0.075246640 0.008712688 0.995684087
1341846674.846370 -0.154596433 0.009524539 -0.204334378 0.054005604 -0.075198911 0.017690526 0.995547891
1341846674.882158 -0.161143452 0.012170345 -0.207400858 0.053444952 -0.074188896 0.024446031 0.995510936
1341846674.914224 -0.155281946 0.014270549 -0.222344607 0.051300861 -0.074448697 0.029810119 0.995458186
1341846674.950305 -0.163525313 0.015093551 -0.195746452 0.048616409 -0.073896728 0.035968106 0.995430589
1341846674.982342 -0.163238868 0.024313249 -0.227629259 0.046172023 -0.075065270 0.038038686 0.995382547
1341846675.014137 -0.163540632 0.034045555 -0.223827273 0.038439810 -0.077216722 0.041274920 0.995417714
1341846675.050230 -0.162517264 0.038691774 -0.201243833 0.029565221 -0.078833953 0.043679543 0.995491445
1341846675.088201 -0.161686420 0.042755369 -0.208315119 0.024103826 -0.078603275 0.046685524 0.995520473
1341846675.150188 -0.168155134 0.081601307 -0.225206912 0.004895411 -0.075870007 0.050169066 0.995842814
1341846675.182290 -0.154289335 0.034231149 -0.225488424 -0.016729172 -0.074235618 0.051098634 0.995790243
1341846675.218759 -0.165998399 0.048271086 -0.206183374 -0.021622427 -0.072247960 0.052520119 0.995768249
1341846675.251951 -0.168280259 0.048504617 -0.192838699 -0.028010078 -0.072215892 0.052991029 0.995586395
1341846675.282406 -0.166784465 0.045067064 -0.188240960 -0.031571232 -0.070840150 0.055531096 0.995440185
1341846675.318078 -0.159656480 0.055111680 -0.189842626 -0.034120597 -0.069167197 0.058656666 0.995294511
1341846675.350149 -0.166184872 0.061286185 -0.197576106 -0.041116249 -0.065483741 0.058653202 0.995279431
1341846675.382271 -0.175023139 0.046749722 -0.185313672 -0.053587649 -0.061601043 0.058137950 0.994964242
1341846675.450238 -0.173160315 0.036691986 -0.155609474 -0.061743844 -0.053124551 0.069336340 0.994262516
1341846675.486165 -0.168206722 0.020511691 -0.146761283 -0.054780420 -0.051702343 0.080684535 0.993889332
1341846675.518083 -0.181244418 0.020229641 -0.144186020 -0.045564387 -0.047910921 0.088561893 0.993873894
1341846675.550092 -0.177078724 0.040077623 -0.146773711 -0.035343070 -0.049458139 0.096004777 0.993522942
1341846675.586070 -0.178801045 0.042566691 -0.143018186 -0.031469375 -0.047849823 0.099150404 0.993423045
1341846675.618075 -0.172035366 0.039603580 -0.138374418 -0.026777059 -0.045783997 0.101996556 0.993369758
1341846675.650024 -0.178077325 0.038886748 -0.135080710 -0.020939503 -0.045075879 0.104531974 0.993278801
1341846675.686118 -0.185012326 0.041248206 -0.135870382 -0.016734309 -0.045068465 0.103077292 0.993510902
1341846675.718055 -0.174211144 0.039574340 -0.125476196 -0.012431769 -0.043583609 0.102186672 0.993732274
1341846675.754170 -0.179037064 0.033118073 -0.135053158 -0.006628206 -0.041224811 0.100115344 0.994099379
1341846675.786330 -0.179037571 0.037408721 -0.137479618 -0.001868463 -0.040061429 0.099461839 0.994232833
1341846675.818106 -0.170136645 0.039530117 -0.133711979 0.001605650 -0.037003040 0.097085096 0.994586706
1341846675.854095 -0.175699264 0.040193345 -0.132751212 0.005996646 -0.034040987 0.095854871 0.994795024
1341846675.886163 -0.175333709 0.031658318 -0.140088692 0.011666927 -0.035645075 0.097805403 0.994498551
1341846675.922346 -0.163509578 0.029167080 -0.137386054 0.020921569 -0.036084924 0.098943442 0.994218469
1341846675.961651 -0.169536203 0.032515198 -0.145711392 0.030117838 -0.034439869 0.095290251 0.994397581
1341846676.028080 -0.151385248 0.029351881 -0.144878104 0.051680196 -0.039170321 0.093979359 0.993460000
1341846676.122163 -0.136740297 0.052397307 -0.181512699 0.059830170 -0.044615198 0.084671974 0.993609846
1341846676.154447 -0.124993920 0.035843447 -0.177877858 0.055313669 -0.045292594 0.085520171 0.993768215
1341846676.190230 -0.117271058 0.042640161 -0.184391737 0.056372266 -0.048007648 0.085860744 0.993551970
1341846676.222476 -0.100513659 0.064383551 -0.196807310 0.054126695 -0.048593819 0.083557971 0.993844628
1341846676.257017 -0.099430300 0.061218087 -0.189641818 0.046224087 -0.045718536 0.081227615 0.994572937
1341846676.290401 -0.086159192 0.049927365 -0.189078867 0.042830773 -0.046459228 0.082883544 0.994553864
1341846676.322689 -0.064837001 0.064139031 -0.231052801 0.041116625 -0.046288785 0.083060712 0.994619370
1341846676.360815 -0.060073100 0.091044180 -0.235201925 0.034513336 -0.041343931 0.082411192 0.995142162
1341846676.390851 -0.057859413 0.054738093 -0.221582428 0.020174609 -0.038175005 0.077348784 0.996068716
1341846676.424250 -0.039922103 0.058879912 -0.221890554 0.023148324 -0.036957789 0.078662209 0.995947063
1341846676.459033 -0.026317835 0.079939559 -0.228521988 0.023011697 -0.033241171 0.081091121 0.995886445
1341846676.490669 -0.022189382 0.073165156 -0.222123936 0.017860070 -0.030011948 0.081596620 0.996053398
1341846676.532743 -0.008478877 0.070742071 -0.234931350 0.016650833 -0.026715960 0.083063677 0.996046960
1341846676.564052 -0.010836154 0.085855328 -0.234826371 0.016469663 -0.021922700 0.083283238 0.996148646
1341846676.596566 -0.008713854 0.082725547 -0.233865082 0.012330860 -0.020028984 0.082430072 0.996319354
1341846676.632057 0.006444882 0.076970130 -0.242745593 0.010400146 -0.018216597 0.079666935 0.996600807
1341846676.690079 0.014517645 0.079919621 -0.242974669 0.009881781 -0.014132786 0.076857448 0.996892989
1341846676.726102 0.027514389 0.080681629 -0.252464175 0.010353866 -0.011650799 0.073607944 0.997165442
1341846676.758419 0.030063517 0.077335931 -0.253329784 0.012347461 -0.008113201 0.073021717 0.997220933
1341846676.790227 0.032424003 0.086485669 -0.252768874 0.014851533 -0.007121805 0.073059015 0.997191668
1341846676.826179 0.046134625 0.085505761 -0.259032935 0.015080406 -0.004046272 0.071566403 0.997313619
1341846676.858331 0.044682883 0.085276991 -0.253344506 0.016409036 -0.000172635 0.072503351 0.997233212
1341846676.894086 0.042659894 0.089084089 -0.262482524 0.017012350 -0.001022187 0.074372903 0.997084856
1341846676.926062 0.053516489 0.093544535 -0.257754922 0.017051417 -0.001318695 0.073056325 0.997181177
1341846676.958080 0.052947324 0.090300187 -0.254760623 0.016904136 0.000676195 0.072682947 0.997211635
1341846676.994140 0.052384432 0.087677278 -0.257730842 0.017883502 -0.000733705 0.074017517 0.997096360
1341846677.026242 0.057897456 0.094879642 -0.257298917 0.019029610 -0.002088548 0.073183432 0.997134805
1341846677.094244 0.060680311 0.089853220 -0.258535177 0.016197845 -0.002812356 0.072883584 0.997204959
1341846677.126108 0.071944818 0.082147636 -0.260061562 0.016849389 -0.005373115 0.074576564 0.997058511
1341846677.162066 0.073017851 0.088093340 -0.259629518 0.019663526 -0.004713187 0.073553480 0.997086346
1341846677.194068 0.068165414 0.090901405 -0.266442478 0.019000441 -0.004982483 0.073850721 0.997075856
1341846677.226206 0.082330540 0.085811779 -0.262974679 0.017785395 -0.005956201 0.073935844 0.997086644
1341846677.262033 0.083811864 0.080986053 -0.261745214 0.020072823 -0.003540727 0.074054189 0.997045934
1341846677.294125 0.078679398 0.087357372 -0.267648280 0.021856956 -0.004105777 0.074926727 0.996941030
1341846677.326503 0.090902030 0.089055993 -0.264936984 0.020460976 -0.005165210 0.073773533 0.997051716
1341846677.362194 0.093647070 0.082893573 -0.262051702 0.020075515 -0.002359269 0.073810674 0.997067451
1341846677.394280 0.089794375 0.078383125 -0.260229737 0.021205626 -0.001762753 0.074540980 0.996990979
1341846677.430058 0.095565699 0.078395478 -0.260879397 0.021268865 -0.001116211 0.073861949 0.997041106
1341846677.468326 0.100755528 0.075386196 -0.262539446 0.021685634 0.001372087 0.073477499 0.997060120
1341846677.530161 0.107913204 0.073444158 -0.263036519 0.025766062 0.003623336 0.072448455 0.997032702
1341846677.562051 0.106073596 0.074993514 -0.257300884 0.027227528 0.006665243 0.070845969 0.997093379
1341846677.594105 0.104329810 0.074598789 -0.261014462 0.027659265 0.007810140 0.069935322 0.997137427
1341846677.630227 0.107862689 0.073293865 -0.257902116 0.028021876 0.008303531 0.068898074 0.997195542
1341846677.662033 0.106350690 0.073163427 -0.262349516 0.028914195 0.010041736 0.068626031 0.997172832
1341846677.730320 0.108295433 0.076102182 -0.257395118 0.028519589 0.009820736 0.069028087 0.997158647
1341846677.763691 0.112048864 0.072628520 -0.260110110 0.029391799 0.010471513 0.069594398 0.997087300
1341846677.798630 0.105981864 0.077761523 -0.260146499 0.030094070 0.009546073 0.068964876 0.997119427
1341846677.830104 0.118362449 0.073128171 -0.256461471 0.028979005 0.008553337 0.067566261 0.997257173
1341846677.862185 0.117766485 0.067198813 -0.258404613 0.031148937 0.011049099 0.066872314 0.997214019
1341846677.898344 0.112644792 0.064365119 -0.266267270 0.034090713 0.011602713 0.067055874 0.997099161
1341846677.930181 0.119645551 0.069372050 -0.264217615 0.036971949 0.010979434 0.065416098 0.997112513
1341846677.966256 0.124855816 0.058954619 -0.266065449 0.038307305 0.012529927 0.065076843 0.997066021
1341846677.998516 0.117360786 0.055549920 -0.268751711 0.042590149 0.012830215 0.066627562 0.996785998
1341846678.030368 0.118078038 0.060467914 -0.269854367 0.046122644 0.010585956 0.067346290 0.996606827
1341846678.066187 0.124104321 0.059310649 -0.269394875 0.047810383 0.011298775 0.065880813 0.996617377
1341846678.098076 0.120217361 0.056466065 -0.277366906 0.049179662 0.011731165 0.066669486 0.996493399
1341846678.134082 0.117704660 0.053724300 -0.280374110 0.050621435 0.009233057 0.067028299 0.996423304
1341846678.166092 0.129295409 0.056301620 -0.275271952 0.052059852 0.008595830 0.065941148 0.996427476
1341846678.204293 0.124134295 0.049001280 -0.282603115 0.052773502 0.009789351 0.067109883 0.996300876
1341846678.266209 0.126406133 0.052680857 -0.280333221 0.057379261 0.006239202 0.067271389 0.996063888
1341846678.298316 0.124587931 0.054028735 -0.282940120 0.058097173 0.005218084 0.067077942 0.996041179
1341846678.334135 0.129701063 0.052280407 -0.280469030 0.057854094 0.002684515 0.066999130 0.996070683
1341846678.366593 0.131798610 0.048734169 -0.275887668 0.059041508 0.002974080 0.066205479 0.996053278
1341846678.402292 0.129315063 0.048962232 -0.282256305 0.060543206 0.003101354 0.066832177 0.995920897
1341846678.439991 0.133928478 0.049919162 -0.278224766 0.061530523 0.002713281 0.066993266 0.995850682
