1341846647.802247 0.0000000 0.0000000 0.0000000 -0.0000000 -0.0000000 -0.0000000 1.0000000
1341846647.866652 0.0110289 -0.0011008 -0.0051198 0.0021458 0.0008781 0.0035073 0.9999912
1341846647.901972 0.0099043 0.0023749 -0.0043118 0.0027266 0.0032861 0.0034036 0.9999851
1341846647.970225 0.0099126 0.0020749 -0.0040519 0.0006563 0.0021312 0.0044789 0.9999875
1341846648.034343 0.0167308 0.0064153 -0.0063494 -0.0017692 -0.0006303 0.0045921 0.9999877
1341846648.138185 0.0295601 0.0032064 -0.0128024 -0.0033669 -0.0100556 0.0063469 0.9999236
1341846648.202106 0.0246851 -0.0035511 -0.0135283 -0.0087025 -0.0152429 0.0049274 0.9998338
1341846648.270152 0.0266254 0.0037746 -0.0177132 -0.0088623 -0.0257490 0.0031075 0.9996243
1341846648.370216 0.0297193 -0.0069120 -0.0345140 -0.0209295 -0.0421627 -0.0060426 0.9988732
1341846648.906165 0.1596177 -0.0135321 0.0008397 -0.0373499 -0.1537329 0.0029991 0.9874017
1341846648.942154 0.1563553 -0.0204057 -0.0076475 -0.0378458 -0.1712419 0.0016156 0.9845006
1341846649.616167 0.2685811 -0.0289948 0.0754435 -0.0708869 -0.2342470 -0.0210175 0.9693615
1341846650.182236 0.3941594 -0.0369529 0.1708180 -0.0596070 -0.3044436 -0.0065228 0.9506412
1341846650.314158 0.4122663 -0.0499291 0.1585185 -0.0540310 -0.2988390 -0.0149654 0.9526552
1341846650.414224 0.4228022 -0.0576610 0.2000759 -0.0565527 -0.2980350 -0.0193578 0.9526816
1341846650.618092 0.3956611 -0.0587843 0.1611657 -0.0470490 -0.2616392 -0.0247184 0.9637014
1341846650.682114 0.3812592 -0.0652440 0.1548281 -0.0454317 -0.2468643 -0.0299771 0.9675202
1341846650.750112 0.3623688 -0.0576814 0.1686126 -0.0431415 -0.2345487 -0.0347188 0.9705258
1341846650.918288 0.2879528 -0.0691304 0.1360572 -0.0406698 -0.1890300 -0.0334327 0.9805590
1341846650.986247 0.2807554 -0.0633978 0.1386059 -0.0411357 -0.1737031 -0.0276867 0.9835489
1341846652.662152 -0.3160527 -0.0722717 -0.1176618 0.0315924 0.1223937 -0.0019674 0.9919767
1341846652.726378 -0.3314054 -0.0887705 -0.0733743 0.0292334 0.1800166 -0.0080457 0.9831962
1341846652.762129 -0.3543353 -0.0690641 -0.0502881 0.0317332 0.2087023 -0.0117843 0.9773933
1341846652.794152 -0.3544233 -0.0786685 -0.0814586 0.0285559 0.2377483 -0.0101031 0.9708544
1341846652.830250 -0.3538443 -0.0701651 -0.0441945 0.0286204 0.2688316 -0.0126229 0.9626791
1341846652.862014 -0.3579257 -0.0734492 -0.0370067 0.0270501 0.2865502 -0.0105288 0.9576254
1341846652.894426 -0.3648571 -0.0804430 -0.0383240 0.0257254 0.3051483 -0.0084227 0.9519200
1341846652.930346 -0.3526605 -0.0692969 0.0004691 0.0287508 0.3241869 -0.0064899 0.9455338
1341846652.962213 -0.3698489 -0.0725479 -0.0486698 0.0267867 0.3385451 -0.0075341 0.9405386
1341846653.062672 -0.3690678 -0.0786613 0.0099424 0.0244951 0.3842804 -0.0028816 0.9228869
1341846653.099024 -0.3844418 -0.0710052 -0.0058231 0.0231986 0.4004353 -0.0062185 0.9160102
1341846653.130475 -0.3664521 -0.0717096 0.0123508 0.0203217 0.4169445 -0.0051866 0.9086900
1341846653.162620 -0.3688962 -0.0766356 0.0149205 0.0194222 0.4320903 -0.0029944 0.9016163
1341846653.198437 -0.3724035 -0.0743002 0.0022347 0.0209295 0.4423813 0.0018832 0.8965809
1341846653.230042 -0.3701449 -0.0717389 0.0378220 0.0221400 0.4567099 0.0020633 0.8893378
1341846653.298380 -0.3651043 -0.0741082 0.0448714 0.0212700 0.4817429 0.0072697 0.8760242
1341846653.366319 -0.3663487 -0.0740981 0.0440347 0.0207572 0.5025064 0.0141669 0.8642082
1341846653.398226 -0.3670896 -0.0732851 0.0432654 0.0208745 0.5108199 0.0166634 0.8592728
1341846653.530205 -0.4011484 -0.0589627 0.0646098 0.0264756 0.5334843 0.0143816 0.8452732
1341846653.734313 -0.4033496 -0.0642812 -0.0078635 0.0221719 0.5183429 0.0161791 0.8547323
1341846653.802358 -0.4163676 -0.0539948 -0.0080009 0.0213586 0.5104852 0.0180484 0.8594318
1341846654.234434 -0.3881043 -0.0630411 0.0082764 0.0221358 0.3854104 0.0152328 0.9223540
1341846654.369979 -0.4041753 -0.0795702 0.0188646 0.0180236 0.3447564 0.0139784 0.9384151
1341846654.470186 -0.3832120 -0.0704214 0.0157009 0.0164571 0.2974291 0.0119311 0.9545275
1341846654.502267 -0.4150134 -0.0789117 0.0143331 0.0161994 0.2828996 0.0148980 0.9588971
1341846656.582247 -0.0025750 -0.0219027 -0.1433065 -0.0019274 -0.3321734 0.0280944 0.9427978
1341846656.824388 0.0075878 -0.0222989 -0.1478115 -0.0083784 -0.3510366 0.0300930 0.9358405
1341846656.956112 0.0269059 -0.0081947 -0.1084668 -0.0134607 -0.3472175 0.0280631 0.9372680
1341846657.092006 0.0269461 -0.0224695 -0.0744653 -0.0149420 -0.3228235 0.0352754 0.9456835
1341846657.124027 0.0282942 -0.0231202 -0.0667721 -0.0082227 -0.3130194 0.0394073 0.9488932
1341846657.155973 0.0267565 -0.0104531 -0.0836147 -0.0018856 -0.3006589 0.0379062 0.9529763
1341846657.192094 0.0236610 -0.0101714 -0.0623527 -0.0006533 -0.2860602 0.0392453 0.9574075
1341846657.224195 0.0246580 -0.0189337 -0.0968288 0.0014243 -0.2733336 0.0345402 0.9612979
1341846657.292164 0.0167153 -0.0151679 -0.0870693 0.0039538 -0.2526399 0.0287069 0.9671264
1341846657.354367 0.0280192 -0.0181037 -0.0902059 0.0026427 -0.2362380 0.0260810 0.9713416
1341846657.386193 0.0429945 -0.0201211 -0.0738457 0.0020992 -0.2281616 0.0264931 0.9732605
1341846657.418105 0.0450980 -0.0289605 -0.0756905 0.0035678 -0.2171168 0.0269443 0.9757672
1341846657.454277 0.0473751 -0.0255689 -0.0800523 0.0056409 -0.2075935 0.0265649 0.9778382
1341846657.486117 0.0717929 -0.0303796 -0.0843927 0.0056495 -0.1961624 0.0258288 0.9802150
1341846657.522092 0.0455960 -0.0378718 -0.0790252 0.0084554 -0.1791225 0.0223247 0.9835371
1341846657.554062 0.0433271 -0.0301050 -0.0668488 0.0114878 -0.1718569 0.0231038 0.9847839
1341846657.586078 0.0830666 -0.0184140 -0.0484448 0.0125304 -0.1642769 0.0216438 0.9860972
1341846658.558129 -0.0084000 -0.0147022 0.0199985 -0.0180251 0.0345499 -0.0028439 0.9992363
1341846661.710142 -0.0260795 -0.1040809 -0.0315331 0.0350161 -0.0090941 0.0075278 0.9993170
1341846662.010311 -0.0309598 -0.1102015 -0.0318956 0.0905097 -0.0043269 -0.0036518 0.9958795
1341846662.046195 -0.0305715 -0.1100753 -0.0357100 0.0991288 -0.0068101 -0.0028252 0.9950473
1341846662.078099 -0.0306511 -0.1074491 -0.0396414 0.1052694 -0.0071658 -0.0049832 0.9944054
1341846662.110672 -0.0306719 -0.1136671 -0.0378863 0.1112877 -0.0050456 -0.0054159 0.9937607
1341846662.146166 -0.0354613 -0.1118623 -0.0382574 0.1195980 -0.0059788 -0.0036257 0.9927978
1341846662.214136 -0.0341024 -0.1196515 -0.0391386 0.1394098 -0.0042089 -0.0005322 0.9902257
1341846662.278007 -0.0267895 -0.1109882 -0.0428116 0.1537539 -0.0059174 0.0003799 0.9880914
1341846662.314144 -0.0345793 -0.1088820 -0.0382092 0.1598015 -0.0029255 -0.0000492 0.9871448
1341846662.414229 -0.0353629 -0.1138342 -0.0407781 0.1768034 -0.0029086 0.0026880 0.9842383
1341846663.654099 -0.0363720 -0.0809972 -0.0376467 0.1414380 -0.0198646 0.0074753 0.9897196
1341846663.786304 -0.0244824 -0.0392765 -0.0309506 0.1105367 -0.0183328 0.0063415 0.9936827
1341846663.890140 -0.0239538 -0.0299552 -0.0273465 0.0773560 -0.0155269 0.0045036 0.9968725
1341846665.430162 -0.0538676 -0.0242485 -0.0602860 -0.1979317 0.0260392 -0.0090332 0.9798282
1341846665.934076 -0.0649465 -0.0115396 -0.0866272 -0.2573055 0.0391078 -0.0068572 0.9655141
1341846666.302195 -0.0762135 -0.0427029 -0.0905502 -0.3034942 0.0455114 -0.0031816 0.9517404
1341846666.370216 -0.0883952 -0.0146639 -0.0950755 -0.3153531 0.0448928 -0.0011739 0.9479112
1341846666.502190 -0.0843339 -0.0135395 -0.0957596 -0.3341625 0.0448556 0.0102776 0.9413914
1341846666.570131 -0.0820971 -0.0118963 -0.0921833 -0.3526458 0.0470682 0.0120990 0.9344941
1341846666.638072 -0.0982800 0.0021493 -0.1026571 -0.3621537 0.0509135 0.0132163 0.9306331
1341846666.870483 -0.0986868 0.0117565 -0.1117270 -0.3758758 0.0411054 0.0238919 0.9254496
1341846667.006200 -0.1056148 0.0150191 -0.1192054 -0.3875145 0.0390857 0.0204658 0.9208072
1341846667.038153 -0.1117995 0.0194329 -0.1288670 -0.3885278 0.0362939 0.0199544 0.9205057
1341846667.074153 -0.0598594 0.0291257 -0.1286286 -0.3941171 0.0252785 0.0193824 0.9185081
1341846667.138108 -0.1095293 0.0081371 -0.1194378 -0.4037172 0.0319771 0.0146163 0.9142081
1341846667.206107 -0.0984306 0.0095099 -0.1260303 -0.3999151 0.0319318 0.0090883 0.9159507
1341846667.274016 0.0405434 0.0230456 -0.1166252 -0.3881683 0.0042217 0.0057510 0.9215609
1341846667.342253 0.0846134 0.0860254 -0.1269606 -0.3537036 -0.0049431 0.0007672 0.9353442
1341846667.442109 0.0718283 -0.0108636 -0.0984874 -0.3448738 -0.0024430 -0.0062187 0.9386253
1341846667.506006 0.0565298 -0.0167325 -0.1159112 -0.3190688 0.0000858 -0.0121000 0.9476544
1341846667.542298 0.0562822 -0.0719877 -0.1072149 -0.3150301 -0.0018395 -0.0115667 0.9490094
1341846667.642293 0.0324762 -0.0346394 -0.1377882 -0.2731590 0.0015009 -0.0132702 0.9618762
1341846667.810099 -0.0024164 -0.0326589 -0.1384482 -0.2526484 0.0131090 -0.0169429 0.9673210
1341846668.010215 -0.0184443 -0.0394281 -0.1283653 -0.2136037 0.0261855 -0.0197043 0.9763706
1341846668.211262 -0.0517714 -0.0469017 -0.1184286 -0.1587980 0.0381566 -0.0173869 0.9864203
1341846668.478153 -0.1703888 -0.0635734 -0.1123647 -0.0802530 0.0555756 -0.0035558 0.9952176
1341846669.218046 -0.1552205 0.0191710 -0.1455306 -0.0362477 0.0169148 -0.0788703 0.9960821
1341846669.754171 -0.1369610 0.0273865 -0.1624181 -0.0984547 0.0145122 -0.2125305 0.9720735
1341846670.121996 -0.1305292 0.0286495 -0.1711983 -0.1447886 0.0408322 -0.3072156 0.9396742
1341846670.422206 -0.1516174 0.0350614 -0.1522599 -0.1503857 0.0908767 -0.3859953 0.9056121
1341846670.696002 -0.1705064 0.0225069 -0.1546586 -0.1208546 0.1348372 -0.4363621 0.8813633
1341846670.796059 -0.1656361 0.0147994 -0.1549319 -0.1051366 0.1511848 -0.4532522 0.8721536
1341846670.896139 -0.2097933 -0.0115726 -0.1379522 -0.0928363 0.1663578 -0.4541335 0.8703271
1341846670.964063 -0.2023686 -0.0229511 -0.1488520 -0.0733182 0.1704537 -0.4434673 0.8768733
1341846671.132289 -0.1496443 -0.0135711 -0.1715991 -0.0245179 0.1766085 -0.4654450 0.8669309
1341846671.168159 -0.1507674 -0.0187970 -0.1703638 -0.0141575 0.1748176 -0.4664509 0.8669844
1341846671.232280 -0.1485043 -0.0303458 -0.2059270 0.0065949 0.1676590 -0.4757518 0.8634276
1341846671.300337 -0.1332605 -0.0298235 -0.2337821 0.0259143 0.1649975 -0.4751843 0.8638890
1341846671.400327 -0.1090027 -0.0290150 -0.2558303 0.0451201 0.1565241 -0.4838437 0.8598602
1341846671.504294 -0.1692553 -0.0434334 -0.1735679 0.0525556 0.1514807 -0.5042659 0.8485325
1341846671.604188 -0.1727514 -0.0454937 -0.1892521 0.0685947 0.1352406 -0.5256302 0.8370888
1341846671.672157 -0.1600097 -0.0392120 -0.2088392 0.0871368 0.1161796 -0.5360861 0.8315775
1341846671.804605 -0.1530776 -0.0346224 -0.2129507 0.0929061 0.0996379 -0.5513489 0.8230766
1341846671.972239 -0.1495684 -0.0261699 -0.2164879 0.0947954 0.0891247 -0.5740311 0.8084300
1341846672.402478 -0.1555942 -0.0554434 -0.2637894 0.0898437 0.0716558 -0.6200885 0.7760695
1341846672.640836 -0.1370655 -0.0473176 -0.2632086 0.0873471 0.0626357 -0.6086293 0.7861410
1341846672.838034 -0.1444575 -0.0429709 -0.2483402 0.0915014 0.0478211 -0.5578789 0.8234754
1341846673.106189 -0.1428828 -0.0333850 -0.2321934 0.0835650 0.0239729 -0.4829643 0.8713138
1341846673.338187 -0.1595075 -0.0370188 -0.2086395 0.0951522 0.0003735 -0.4145069 0.9050580
1341846673.374098 -0.1604869 -0.0360070 -0.2090205 0.0980188 -0.0018220 -0.4046350 0.9092082
1341846673.406266 -0.1600585 -0.0358860 -0.1987700 0.1010794 -0.0040134 -0.3921868 0.9143065
1341846673.606102 -0.1520188 -0.0310909 -0.2050860 0.1108985 -0.0279869 -0.3159636 0.9418520
1341846673.648026 -0.1540910 -0.0226755 -0.2076233 0.1093723 -0.0337305 -0.3043458 0.9456604
1341846673.710162 -0.1595546 -0.0195789 -0.2072565 0.0996642 -0.0433402 -0.2802845 0.9537449
1341846673.742225 -0.1635666 -0.0119276 -0.2069779 0.0967125 -0.0490711 -0.2660998 0.9578254
1341846673.810154 -0.1656561 -0.0133780 -0.2087550 0.0910432 -0.0608317 -0.2367205 0.9653881
1341846673.842305 -0.1665407 -0.0065848 -0.2084756 0.0883246 -0.0670151 -0.2221364 0.9686915
1341846674.052060 -0.1638625 -0.0097431 -0.1920593 0.0763712 -0.0794059 -0.1612466 0.9807455
1341846674.084057 -0.1568206 -0.0095844 -0.1967063 0.0770010 -0.0800944 -0.1531426 0.9819384
1341846674.752271 -0.1606998 0.0062424 -0.1981008 0.0543122 -0.0764122 -0.0053697 0.9955815
1341846674.882158 -0.1611434 0.0121703 -0.2074009 0.0534450 -0.0741889 0.0244460 0.9955109
1341846674.982342 -0.1632389 0.0243132 -0.2276293 0.0461720 -0.0750653 0.0380387 0.9953825
1341846675.014137 -0.1635406 0.0340456 -0.2238273 0.0384398 -0.0772167 0.0412749 0.9954177
1341846675.050230 -0.1625173 0.0386918 -0.2012438 0.0295652 -0.0788340 0.0436795 0.9954914
1341846675.088201 -0.1616864 0.0427554 -0.2083151 0.0241038 -0.0786033 0.0466855 0.9955205
1341846675.150188 -0.1681551 0.0816013 -0.2252069 0.0048954 -0.0758700 0.0501691 0.9958428
1341846675.182290 -0.1542893 0.0342311 -0.2254884 -0.0167292 -0.0742356 0.0510986 0.9957902
1341846675.218759 -0.1659984 0.0482711 -0.2061834 -0.0216224 -0.0722480 0.0525201 0.9957682
1341846675.251951 -0.1682803 0.0485046 -0.1928387 -0.0280101 -0.0722159 0.0529910 0.9955864
1341846675.318078 -0.1596565 0.0551117 -0.1898426 -0.0341206 -0.0691672 0.0586567 0.9952945
1341846675.350149 -0.1661849 0.0612862 -0.1975761 -0.0411162 -0.0654837 0.0586532 0.9952794
1341846675.450238 -0.1731603 0.0366920 -0.1556095 -0.0617438 -0.0531246 0.0693363 0.9942625
1341846675.486165 -0.1682067 0.0205117 -0.1467613 -0.0547804 -0.0517023 0.0806845 0.9938893
1341846675.550092 -0.1770787 0.0400776 -0.1467737 -0.0353431 -0.0494581 0.0960048 0.9935229
1341846675.618075 -0.1720354 0.0396036 -0.1383744 -0.0267771 -0.0457840 0.1019966 0.9933698
1341846675.686118 -0.1850123 0.0412482 -0.1358704 -0.0167343 -0.0450685 0.1030773 0.9935109
1341846675.818106 -0.1701366 0.0395301 -0.1337120 0.0016057 -0.0370030 0.0970851 0.9945867
1341846675.886163 -0.1753337 0.0316583 -0.1400887 0.0116669 -0.0356451 0.0978054 0.9944986
1341846675.961651 -0.1695362 0.0325152 -0.1457114 0.0301178 -0.0344399 0.0952903 0.9943976
1341846676.028080 -0.1513852 0.0293519 -0.1448781 0.0516802 -0.0391703 0.0939794 0.9934600
1341846676.122163 -0.1367403 0.0523973 -0.1815127 0.0598302 -0.0446152 0.0846720 0.9936098
1341846676.322689 -0.0648370 0.0641390 -0.2310528 0.0411166 -0.0462888 0.0830607 0.9946194
1341846676.726102 0.0275144 0.0806816 -0.2524642 0.0103539 -0.0116508 0.0736079 0.9971654
1341846678.298316 0.1245879 0.0540287 -0.2829401 0.0580972 0.0052181 0.0670779 0.9960412
