1341845820.751833 0.0000000 0.0000000 0.0000000 -0.0000000 -0.0000000 -0.0000000 1.0000000
1341845821.455778 0.0119144 -0.0008589 -0.0016505 0.0066185 0.0137168 0.0022020 0.9998816
1341845821.488014 0.0096745 -0.0053685 -0.0011961 0.0059350 0.0148954 0.0028608 0.9998674
1341845821.955750 0.0041635 -0.0074347 -0.0058122 0.0117065 0.0154744 -0.0016579 0.9998104
1341845822.495728 -0.0392169 -0.0149436 0.0000734 0.0140342 0.0155932 -0.0040862 0.9997716
1341845822.925900 -0.0931039 -0.0220399 0.0058824 0.0219341 0.0106792 0.0072720 0.9996759
1341845823.293622 -0.1291592 -0.0162207 0.0092117 0.0270687 0.0164375 0.0035132 0.9994923
1341845823.797871 -0.2081885 -0.0416029 0.0113943 0.0345910 0.0187097 0.0166868 0.9990871
1341845824.197930 -0.2601342 -0.0581881 0.0223568 0.0179339 0.0445836 0.0062375 0.9988252
1341845824.665789 -0.3379766 -0.0670362 0.0116103 0.0254766 0.0107510 0.0320937 0.9991023
1341845825.243814 -0.4124460 -0.0901860 -0.0008143 0.0380077 0.0104321 0.0300002 0.9987726
1341845825.480278 -0.4600484 -0.0807100 -0.0005213 0.0335289 0.0029678 0.0388274 0.9986789
1341845825.915646 -0.5052610 -0.0740872 0.0108142 0.0254787 -0.0175779 0.0377746 0.9988068
1341845826.683753 -0.5504863 -0.0697457 -0.0028609 0.0132774 -0.0433726 0.0527505 0.9975771
1341845826.945792 -0.5471506 -0.0508138 0.0057207 -0.0172747 -0.0348779 0.0479055 0.9980933
1341845829.225742 -0.3064769 -0.0258371 0.0476546 -0.0244308 0.0362008 0.0701027 0.9965833
1341845829.761817 -0.2386431 -0.0265219 0.0314693 -0.0038490 0.0177809 0.0565666 0.9982331
1341845831.537844 0.0962284 0.0139302 0.0018391 0.0203500 0.0017426 0.0359924 0.9991434
1341845832.073865 0.1856010 0.0239275 0.0023709 -0.0064938 0.0310522 0.0375154 0.9987924
1341845832.810110 0.2947147 0.0633859 -0.0091348 -0.0232838 0.0299672 0.0490681 0.9980742
1341845833.145767 0.3479162 0.0752751 -0.0246953 -0.0296862 0.0404061 0.0502394 0.9974779
1341845833.717606 0.4221675 0.0770936 -0.0340421 -0.0309927 0.0460085 0.0550135 0.9969434
1341845835.189830 0.1819195 0.0374842 -0.0166444 -0.0360324 0.0159123 0.0304157 0.9987609
1341845835.527633 0.0857518 0.0326135 -0.0122531 -0.0248885 -0.0057942 0.0278295 0.9992860
1341845836.739779 -0.1128899 -0.0241832 -0.0301281 0.0122425 -0.0194187 0.0505371 0.9984583
1341845837.275755 -0.1090781 -0.1247000 -0.0256437 0.0363620 -0.0028583 0.0440932 0.9983614
1341845837.439656 -0.1082059 -0.1552773 -0.0352003 0.0431499 0.0016589 0.0418177 0.9981917
1341845837.711803 -0.0929643 -0.2285385 -0.0410812 0.0390284 0.0206401 0.0254886 0.9986997
1341845837.979709 -0.0771112 -0.2574867 -0.0462809 0.0455220 0.0353110 0.0228011 0.9980786
1341845838.241893 -0.0862575 -0.2872157 -0.0362981 0.0265137 0.0468801 0.0049492 0.9985363
1341845838.609807 -0.0792865 -0.3514652 -0.0298094 0.0240529 0.0437625 -0.0005504 0.9987522
1341845838.877695 -0.0575596 -0.3561580 -0.0352217 0.0090543 0.0537532 -0.0069121 0.9984893
1341845839.314004 -0.0337148 -0.4068838 -0.0342025 0.0061265 0.0648985 -0.0111272 0.9978110
1341845841.625800 -0.1086583 -0.1565462 0.0211368 -0.0144778 0.0400368 0.0060186 0.9990752
1341845843.003637 -0.1330262 0.0124081 0.0391435 -0.0037881 0.0193846 0.0362864 0.9991463
1341845843.469698 -0.1301788 0.0885898 0.0473600 -0.0045517 0.0179076 0.0363610 0.9991679
1341845843.869723 -0.1308765 0.1505600 0.0703121 -0.0140876 0.0339907 0.0449345 0.9983121
1341845844.273743 -0.1242678 0.1998653 0.0761702 0.0051654 0.0473666 0.0468992 0.9977626
1341845844.709820 -0.1410716 0.2913335 0.0751097 -0.0080790 0.0380443 0.0606655 0.9974002
1341845845.245741 -0.1399345 0.3616106 0.0889029 -0.0222234 0.0029191 0.0327221 0.9992132
1341845846.149729 -0.1372560 0.5141999 0.0987263 -0.0447750 -0.0034908 0.0205817 0.9987790
1341845847.893697 -0.1216155 0.2693620 0.0303412 -0.0363857 -0.0041940 0.0233635 0.9990559
1341845848.903622 -0.1063078 0.1077633 -0.0049948 -0.0373987 -0.0091480 0.0274668 0.9988810
1341845850.511722 -0.1245306 0.1365993 0.3782465 -0.0289805 0.0264490 0.0110113 0.9991693
1341845851.881832 -0.1030710 0.1563211 0.5786775 -0.0302000 0.0124534 0.0217248 0.9992301
1341845859.353758 -0.1805370 0.1478196 -0.3365704 -0.0721066 0.0134197 -0.0075378 0.9972782
1341845860.294553 -0.1748138 0.1234874 -0.3679194 -0.0385355 0.0055342 -0.0241407 0.9989503
