1341846649.216152 0.0000000 0.0000000 0.0000000 -0.0000000 -0.0000000 -0.0000000 1.0000000
1341846649.280075 0.0088168 0.0007800 -0.0010058 -0.0048531 -0.0032019 0.0010415 0.9999826
1341846649.316071 0.0148514 0.0092106 0.0107659 -0.0095718 -0.0052640 0.0022466 0.9999378
1341846649.383973 0.0343902 -0.0053355 0.0282158 -0.0107133 -0.0150507 0.0106900 0.9997722
1341846649.416053 0.0422889 0.0088709 -0.0071270 -0.0094880 -0.0143383 0.0072535 0.9998259
1341846649.552101 0.0691970 -0.0047505 0.0236112 -0.0173283 -0.0165397 0.0022660 0.9997105
1341846649.710937 0.0894119 -0.0140542 -0.0001603 -0.0151085 -0.0288108 0.0025525 0.9994674
1341846649.746112 0.0932614 -0.0196589 0.0203352 -0.0147148 -0.0369877 0.0009590 0.9992069
1341846649.846059 0.1056329 -0.0050397 -0.0030900 -0.0121037 -0.0589508 -0.0030351 0.9981830
1341846650.078250 0.1847595 -0.0185816 0.0215695 -0.0093063 -0.0860576 0.0092267 0.9962040
1341846650.114215 0.1877661 -0.0200849 0.0250347 -0.0079461 -0.0861162 0.0116796 0.9961849
1341846650.182236 0.2150438 -0.0291206 0.0252957 -0.0023584 -0.0901717 0.0119457 0.9958518
1341846650.282167 0.2387796 -0.0395548 0.0373658 -0.0012961 -0.0901232 0.0071987 0.9959038
1341846650.382075 0.2406732 -0.0404085 0.0238375 -0.0030397 -0.0853124 0.0002290 0.9963496
1341846650.414224 0.2538491 -0.0429551 0.0450357 -0.0014638 -0.0827415 -0.0004003 0.9965699
1341846650.550746 0.2401099 -0.0497741 0.0555843 0.0018793 -0.0602362 -0.0011917 0.9981817
1341846650.618092 0.2149303 -0.0448205 0.0216251 0.0061626 -0.0444371 -0.0050399 0.9989805
1341846651.186391 -0.0033086 -0.0568593 0.0670840 0.0162582 0.1011075 0.0119280 0.9946712
1341846651.218036 -0.0089572 -0.0600004 0.0763143 0.0137781 0.1059150 0.0132758 0.9941911
1341846651.286406 -0.0339781 -0.0560598 0.0864027 0.0120887 0.1180863 0.0117411 0.9928603
1341846651.318309 -0.0381191 -0.0622875 0.1011579 0.0096422 0.1225731 0.0105393 0.9923567
1341846651.354135 -0.0502841 -0.0637360 0.1006995 0.0094848 0.1276948 0.0089956 0.9917274
1341846651.858213 -0.2481002 -0.0984354 0.1013013 0.0344117 0.2118421 0.0134468 0.9766054
1341846652.662152 -0.5328104 -0.0950577 0.0968143 0.0793835 0.3366639 0.0177748 0.9381043
1341846652.694113 -0.4767179 -0.0896374 0.1333333 0.0766767 0.3604453 0.0136952 0.9295226
1341846652.726378 -0.5022214 -0.0993215 0.1076895 0.0767568 0.3870484 0.0159930 0.9187198
1341846652.794152 -0.5120510 -0.0983335 0.0907826 0.0728513 0.4387750 0.0193491 0.8954300
1341846652.830250 -0.5089145 -0.0940512 0.1629930 0.0722257 0.4701014 0.0192507 0.8794416
1341846652.862014 -0.5294746 -0.0927882 0.1726017 0.0703969 0.4870198 0.0217232 0.8702782
1341846652.930346 -0.5007669 -0.1027720 0.1816075 0.0718326 0.5181996 0.0308697 0.8516786
1341846653.030292 -0.5158884 -0.1067926 0.2024107 0.0627253 0.5604459 0.0350148 0.8250696
1341846653.099024 -0.5273457 -0.0961922 0.1975707 0.0650683 0.5857578 0.0381313 0.8069696
1341846653.130475 -0.5146330 -0.0958145 0.2024832 0.0610013 0.6009099 0.0395456 0.7960039
1341846653.162620 -0.5320992 -0.1136460 0.2165279 0.0587482 0.6148649 0.0426826 0.7852821
1341846653.198437 -0.5224344 -0.1109698 0.2212673 0.0598310 0.6245692 0.0459724 0.7773159
1341846653.230042 -0.5167444 -0.1107740 0.2278405 0.0609909 0.6354967 0.0485514 0.7681581
1341846653.298380 -0.5122498 -0.1038723 0.2639382 0.0607021 0.6595955 0.0522609 0.7473405
1341846653.366319 -0.5137165 -0.1047348 0.2647751 0.0602476 0.6768767 0.0601571 0.7311562
1341846653.634793 -0.5563431 -0.0892304 0.2636169 0.0641637 0.7003759 0.0597521 0.7083688
1341846653.734313 -0.5588657 -0.0862838 0.2640888 0.0637809 0.6914436 0.0637266 0.7167822
1341846655.710074 -0.3425459 -0.0508714 0.0255001 0.1023203 0.0529608 0.0327915 0.9927993
1341846655.910355 -0.3172304 -0.0457995 -0.0119477 0.0888740 -0.0103842 0.0333128 0.9954315
1341846656.146158 -0.2873023 -0.0330729 -0.0227555 0.0776577 -0.0510391 0.0353844 0.9950439
1341846656.346094 -0.2630994 -0.0204894 -0.0278107 0.0752207 -0.0799964 0.0311077 0.9934660
1341846656.519461 -0.2562763 -0.0256587 -0.0361869 0.0665892 -0.1166988 0.0317040 0.9904252
1341846656.714216 -0.2558008 -0.0123147 -0.0493332 0.0590388 -0.1344618 0.0304861 0.9886885
1341846656.956112 -0.2347330 -0.0034732 -0.0393133 0.0505936 -0.1364165 0.0332995 0.9887983
1341846657.092006 -0.2168061 -0.0093164 0.0053851 0.0525078 -0.1114485 0.0415750 0.9915108
1341846657.124027 -0.2270808 0.0054679 0.0187435 0.0625325 -0.0970250 0.0435559 0.9923602
1341846657.192094 -0.2311600 0.0128217 0.0769896 0.0692684 -0.0699923 0.0415651 0.9942713
1341846657.292164 -0.2287160 -0.0021467 -0.0014594 0.0692176 -0.0373882 0.0346404 0.9962987
1341846657.354367 -0.1952186 -0.0031161 0.0073500 0.0673900 -0.0225164 0.0322397 0.9969515
1341846657.386193 -0.1914249 -0.0086354 0.0085735 0.0665331 -0.0121136 0.0336266 0.9971439
1341846657.418105 -0.1865635 -0.0127237 0.0046702 0.0686931 -0.0006270 0.0331182 0.9970878
1341846657.486117 -0.1611077 -0.0199790 0.0098504 0.0687467 0.0189664 0.0333938 0.9968947
1341846657.686517 -0.1406179 -0.0227904 0.0067030 0.0724900 0.0836291 0.0242548 0.9935608
1341846657.722061 -0.1499160 -0.0340923 0.0256229 0.0724081 0.1001205 0.0236532 0.9920552
1341846657.790066 -0.1262389 -0.0131460 0.0428598 0.0701779 0.1193279 0.0196505 0.9901767
1341846658.558129 -0.1961675 -0.0278051 0.1039235 0.0344501 0.2501145 0.0220600 0.9673517
1341846662.010311 -0.2380047 -0.1196900 0.0546067 0.1403370 0.2130180 -0.0027310 0.9669134
1341846662.046195 -0.2399857 -0.1160061 0.0596470 0.1497957 0.2112975 -0.0039551 0.9658670
1341846662.078099 -0.2397877 -0.1118551 0.0541252 0.1552776 0.2107325 -0.0072910 0.9651049
1341846662.110672 -0.2392994 -0.1176523 0.0565599 0.1607723 0.2128642 -0.0091356 0.9637207
1341846662.178168 -0.2420799 -0.1038098 0.0620544 0.1788371 0.2111753 -0.0080651 0.9609148
1341846663.786304 -0.2325295 -0.0316803 0.0673797 0.1658505 0.1990603 0.0027480 0.9658473
1341846663.822090 -0.2494360 -0.0560708 0.0708994 0.1429022 0.2019042 0.0052125 0.9689100
1341846665.430162 -0.2382447 -0.0366417 0.0515362 -0.1444431 0.2286307 0.0558451 0.9611168
1341846666.034210 -0.2417222 -0.0216996 0.0226485 -0.2104911 0.2351442 0.0786043 0.9456332
1341846666.302195 -0.2502330 -0.0794582 0.0323326 -0.2533925 0.2355398 0.0874521 0.9341656
1341846666.402019 -0.2603913 -0.0218207 0.0241439 -0.2646420 0.2325422 0.0934668 0.9312103
1341846666.470060 -0.2647296 -0.0208990 0.0291205 -0.2700945 0.2317656 0.1015353 0.9289910
1341846666.534121 -0.2672876 -0.0451729 0.0311948 -0.2905682 0.2340722 0.1091445 0.9213402
1341846666.602180 -0.2691238 -0.0149048 0.0266983 -0.2975926 0.2316071 0.1145578 0.9190611
1341846666.738266 -0.2693022 -0.0165987 0.0269887 -0.3116050 0.2277350 0.1197363 0.9147143
1341846666.937989 -0.2701541 -0.0175182 0.0205858 -0.3245004 0.2164519 0.1309826 0.9114228
1341846667.038153 -0.2875420 -0.0129679 0.0160970 -0.3320394 0.2142525 0.1281601 0.9096267
1341846667.074153 -0.2303653 0.1433673 -0.0459423 -0.3109075 0.1986849 0.1223194 0.9213571
1341846667.106156 -0.2902666 -0.0103668 0.0163446 -0.3454114 0.2135737 0.1249702 0.9052402
1341846667.138108 -0.2875027 -0.0217034 0.0226191 -0.3475001 0.2096189 0.1249376 0.9053697
1341846667.206107 -0.2983893 -0.0154442 0.0134969 -0.3433240 0.2139494 0.1145062 0.9073272
1341846667.238075 -0.1899588 0.0468667 -0.0078144 -0.3316478 0.1921098 0.1139760 0.9165768
1341846667.274016 -0.1724730 0.0287724 -0.0163850 -0.3289626 0.1890036 0.1085056 0.9188513
1341846667.306189 -0.1846015 -0.0181699 0.0008315 -0.3291800 0.1958012 0.1049573 0.9177616
1341846667.342253 -0.1228582 -0.0631940 0.0038309 -0.3252811 0.1835927 0.1049419 0.9216686
1341846667.406982 -0.1340604 -0.0824649 0.0137733 -0.3147965 0.1887746 0.0908104 0.9257541
1341846667.442109 -0.1320667 -0.1761252 0.0369619 -0.3212976 0.1902722 0.0976955 0.9225074
1341846667.542298 -0.1860904 -0.1490082 0.0339885 -0.2756449 0.1987368 0.0724538 0.9376962
1341846667.642293 -0.3357199 0.0363690 -0.0257146 -0.2044834 0.2245815 0.0641806 0.9505949
1341846667.842103 -0.3715881 -0.0106576 0.0075431 -0.1900614 0.2413908 0.0564709 0.9499570
1341846668.146332 -0.3927516 -0.0306807 0.0332955 -0.1270241 0.2669230 0.0418497 0.9543928
1341846668.314248 -0.3878850 -0.0270795 0.0386486 -0.0676151 0.2663309 0.0342101 0.9608984
1341846668.478153 -0.4056677 -0.0753397 0.0721628 -0.0299446 0.2714078 0.0335010 0.9614151
1341846668.782338 -0.3956903 -0.0090851 0.0349230 0.0579898 0.2606596 0.0032459 0.9636821
1341846669.854118 -0.3819878 0.0395002 0.0089324 -0.1054560 0.2377671 -0.1849092 0.9477102
1341846670.222197 -0.3862265 0.0301461 0.0005206 -0.1748431 0.2664987 -0.2733327 0.9075779
1341846670.464003 -0.4011787 0.0228003 0.0112251 -0.1803406 0.3092330 -0.3316052 0.8728632
1341846670.526271 -0.3757085 0.0353357 -0.0197815 -0.1721284 0.3184508 -0.3399590 0.8679797
1341846670.596103 -0.3997961 0.0235097 -0.0081331 -0.1739149 0.3281963 -0.3541653 0.8582586
1341846670.796059 -0.4313437 0.0010102 0.0385895 -0.1607158 0.3605934 -0.3949797 0.8295383
1341846670.863970 -0.4200267 0.0005646 0.0028602 -0.1454316 0.3628974 -0.3923914 0.8325768
1341846670.896139 -0.4114653 0.0024124 0.0074391 -0.1394230 0.3678384 -0.3955161 0.8299537
1341846670.964063 -0.3938143 0.0079738 -0.0016211 -0.1136815 0.3729969 -0.3863598 0.8358684
1341846671.132289 -0.4155343 -0.0201116 0.0140772 -0.0836233 0.3860250 -0.4201724 0.8169743
1341846671.200149 -0.4136710 -0.0204249 -0.0026307 -0.0618328 0.3791227 -0.4285417 0.8177987
1341846671.268147 -0.4123289 -0.0234010 -0.0258210 -0.0435611 0.3787310 -0.4402703 0.8129128
1341846671.336125 -0.4199388 -0.0274836 -0.0522891 -0.0313395 0.3719007 -0.4486223 0.8120626
1341846671.504294 -0.4184423 -0.0473344 0.0182342 -0.0132601 0.3600550 -0.4753862 0.8026161
1341846671.568120 -0.4330783 -0.0425884 -0.0179455 -0.0078227 0.3481152 -0.4955203 0.7957476
1341846671.636057 -0.4424053 -0.0452095 -0.0195255 0.0018576 0.3327675 -0.5103379 0.7929802
1341846671.704027 -0.4282025 -0.0313832 -0.0458526 0.0136610 0.3198349 -0.5206075 0.7915093
1341846671.840252 -0.4302653 -0.0295056 -0.0409721 0.0121035 0.3027191 -0.5409770 0.7845753
1341846672.066227 -0.4390421 -0.0309008 -0.0456411 0.0011147 0.2889008 -0.5755150 0.7650605
1341846672.266403 -0.4569771 -0.0484931 -0.0634584 -0.0053071 0.2765252 -0.6005032 0.7502677
1341846672.570153 -0.4423759 -0.0419866 -0.0970957 -0.0076875 0.2691803 -0.6001996 0.7531556
1341846672.770288 -0.4299373 -0.0359145 -0.0830879 0.0042016 0.2605408 -0.5628827 0.7843876
1341846673.138104 -0.4198772 -0.0246152 -0.0639042 0.0283416 0.2360224 -0.4572465 0.8569807
1341846673.338187 -0.4260957 -0.0323659 -0.0339650 0.0522231 0.2200975 -0.4054161 0.8857018
1341846673.374098 -0.4286689 -0.0350769 -0.0364639 0.0570634 0.2184147 -0.3972844 0.8894964
1341846673.438267 -0.4249315 -0.0371729 -0.0164035 0.0691231 0.2136404 -0.3743224 0.8997014
1341846673.574072 -0.4203603 -0.0288141 -0.0413163 0.0884627 0.1995640 -0.3259289 0.9198472
1341846673.648026 -0.4199179 -0.0196756 -0.0362314 0.0924273 0.1896546 -0.3029172 0.9293705
1341846673.742225 -0.4278250 -0.0112164 -0.0368462 0.0891159 0.1750280 -0.2642629 0.9442397
1341846674.152235 -0.4287892 -0.0007837 -0.0208104 0.0924135 0.1458276 -0.1348795 0.9757057
1341846674.246217 -0.4202100 0.0027637 -0.0038098 0.0878958 0.1463112 -0.1086255 0.9793201
1341846674.310117 -0.4242115 0.0081552 -0.0199210 0.0922137 0.1434884 -0.0917202 0.9810684
1341846674.346212 -0.4231468 0.0067395 -0.0322394 0.0909208 0.1427668 -0.0828868 0.9820799
1341846674.378058 -0.4261033 -0.0004208 -0.0249339 0.0929704 0.1438655 -0.0736736 0.9824619
1341846674.446125 -0.4202935 0.0108818 -0.0244511 0.0948235 0.1428521 -0.0584081 0.9834583
1341846674.478198 -0.4152562 0.0042031 -0.0086981 0.0960945 0.1434581 -0.0522371 0.9835939
1341846674.514124 -0.4228280 0.0118829 -0.0214581 0.0970086 0.1437661 -0.0484925 0.9836509
1341846674.578094 -0.4262791 0.0089922 -0.0334187 0.0975270 0.1434907 -0.0404317 0.9840041
1341846675.382271 -0.4113839 0.0569285 0.0157362 0.0169023 0.1478682 0.0876807 0.9849677
1341846675.450238 -0.4551512 0.0560765 0.0610587 0.0147055 0.1661413 0.0979108 0.9811189
1341846675.486165 -0.4136864 0.0424700 0.0387914 0.0239741 0.1591864 0.1079134 0.9810401
1341846675.518083 -0.4081617 0.0509420 0.0439881 0.0355074 0.1599358 0.1128181 0.9800162
1341846675.550092 -0.4163623 0.0524770 0.0366142 0.0448411 0.1593136 0.1194756 0.9789454
1341846675.618075 -0.4072132 0.0412155 0.0489130 0.0536121 0.1639755 0.1257435 0.9769475
1341846675.718055 -0.4154930 0.0422339 0.0608232 0.0676813 0.1684173 0.1218762 0.9758079
1341846675.754170 -0.4077810 0.0386170 0.0528413 0.0724925 0.1681622 0.1182605 0.9759512
1341846675.786330 -0.4054155 0.0410417 0.0488774 0.0759921 0.1688376 0.1166505 0.9757621
1341846675.818106 -0.4083459 0.0387917 0.0463726 0.0790072 0.1734968 0.1146555 0.9749415
1341846675.854095 -0.4059422 0.0392532 0.0571004 0.0824664 0.1767290 0.1114264 0.9744487
1341846675.961651 -0.4205660 0.0074463 0.0325009 0.1003454 0.1785806 0.1060032 0.9730381
1341846676.028080 -0.4164678 -0.0037556 0.0415406 0.1166420 0.1782976 0.0937251 0.9725329
1341846676.122163 -0.3958440 0.0562822 0.0021572 0.1307015 0.1689693 0.0864393 0.9730852
1341846676.154447 -0.3882398 0.0423096 0.0070224 0.1269045 0.1694906 0.0873819 0.9734129
1341846676.222476 -0.3690969 0.0781034 -0.0350526 0.1263314 0.1639898 0.0874575 0.9744223
1341846676.322689 -0.3424124 0.0855145 -0.0816546 0.1137505 0.1654582 0.0897646 0.9755136
1341846676.360815 -0.3426408 0.1206483 -0.0778943 0.1068447 0.1708445 0.0880264 0.9755243
1341846676.790227 -0.2733721 0.1015619 -0.1512866 0.0835073 0.2044641 0.0889621 0.9712398
1341846678.134082 -0.1976150 0.0854438 -0.2189461 0.1175261 0.2199116 0.0758308 0.9654409
1341846678.366593 -0.1891592 0.0767067 -0.2255869 0.1251965 0.2142894 0.0731572 0.9659472
