1341846649.216152 0.000000000 0.000000000 0.000000000 -0.000000000 -0.000000000 -0.000000000 1.000000000
1341846649.248048 0.009214463 0.005420021 -0.008198762 -0.001079019 0.000329262 -0.000388274 0.999999285
1341846649.280075 0.008816771 0.000780018 -0.001005761 -0.004853141 -0.003201896 0.001041507 0.999982595
1341846649.316071 0.014851369 0.009210607 0.010765919 -0.009571824 -0.005264001 0.002246550 0.999937832
1341846649.348041 0.028201155 -0.015785439 -0.001031787 -0.013366920 -0.008011533 0.003475548 0.999872565
1341846649.383973 0.034390230 -0.005335481 0.028215809 -0.010713348 -0.015050705 0.010689989 0.999772191
1341846649.416053 0.042288873 0.008870886 -0.007127036 -0.009487960 -0.014338253 0.007253529 0.999825895
1341846649.448084 0.043095522 0.006433679 0.006418015 -0.015348875 -0.011580075 0.005630683 0.999799311
1341846649.484154 0.046593741 -0.005359940 0.016168188 -0.019312456 -0.014580038 0.007279581 0.999680698
1341846649.516198 0.054565094 -0.003320304 0.022412166 -0.017997079 -0.017272973 0.004381894 0.999679208
1341846649.552101 0.069196954 -0.004750473 0.023611236 -0.017328311 -0.016539676 0.002265973 0.999710500
1341846649.616167 0.070304759 -0.011764147 0.023524646 -0.017199252 -0.020255405 0.007168351 0.999621212
1341846649.678101 0.080765426 -0.021622142 0.020666756 -0.017806696 -0.023292322 0.004320587 0.999560773
1341846649.710937 0.089411870 -0.014054150 -0.000160259 -0.015108463 -0.028810840 0.002552491 0.999467432
1341846649.746112 0.093261391 -0.019658916 0.020335224 -0.014714839 -0.036987729 0.000958970 0.999206901
1341846649.778019 0.120557331 -0.004733420 -0.025044987 -0.012092168 -0.041579146 -0.001953988 0.999060154
1341846649.810257 0.103855036 -0.012663617 0.001391771 -0.010334034 -0.048455413 -0.004747384 0.998760581
1341846649.846059 0.105632901 -0.005039663 -0.003090030 -0.012103724 -0.058950767 -0.003035113 0.998182952
1341846649.878137 0.113926157 -0.009882457 -0.014791259 -0.017133366 -0.065118060 -0.005855747 0.997713327
1341846649.914184 0.157138020 -0.024019133 -0.021925822 -0.017957991 -0.073491052 -0.003090139 0.997129381
1341846649.952612 0.133151874 -0.045180801 -0.032203142 -0.016738920 -0.074419059 0.000340407 0.997086525
1341846650.014156 0.175762981 -0.006918463 -0.004018733 -0.011067445 -0.081727684 0.005997058 0.996575236
1341846650.046184 0.154784739 -0.044496834 -0.034268312 -0.013290792 -0.082619019 0.008451234 0.996456742
1341846650.078250 0.184759513 -0.018581575 0.021569509 -0.009306262 -0.086057551 0.009226697 0.996204019
1341846650.114215 0.187766060 -0.020084895 0.025034700 -0.007946108 -0.086116180 0.011679586 0.996184945
1341846650.146137 0.199399412 -0.027841253 0.024193726 -0.006799439 -0.089985810 0.014324371 0.995816827
1341846650.182236 0.215043783 -0.029120577 0.025295714 -0.002358380 -0.090171747 0.011945662 0.995851815
1341846650.214164 0.216183901 -0.024221750 0.022459123 -0.000913510 -0.088652648 0.011785679 0.995992541
1341846650.246084 0.219418243 -0.021240111 0.022660322 -0.002011279 -0.089852273 0.010880177 0.995893717
1341846650.282167 0.238779590 -0.039554793 0.037365824 -0.001296100 -0.090123154 0.007198662 0.995903790
1341846650.314158 0.234595299 -0.037831523 0.019130159 0.001068959 -0.084960885 0.004302259 0.996374428
1341846650.350453 0.236963898 -0.032896347 0.010365630 -0.000125347 -0.084235050 0.001987109 0.996443987
1341846650.382075 0.240673274 -0.040408511 0.023837516 -0.003039722 -0.085312404 0.000229037 0.996349573
1341846650.414224 0.253849089 -0.042955104 0.045035727 -0.001463824 -0.082741529 -0.000400294 0.996569872
1341846650.450353 0.242112085 -0.049425218 0.038540263 -0.000555306 -0.076201588 0.002398495 0.997089386
1341846650.484849 0.235201597 -0.035365306 0.013062314 -0.000541544 -0.071182713 -0.002373920 0.997460365
1341846650.514091 0.238064647 -0.046835691 0.053050924 -0.002968138 -0.067195587 -0.001882743 0.997733653
1341846650.550746 0.240109921 -0.049774114 0.055584285 0.001879319 -0.060236208 -0.001191672 0.998181701
1341846650.582069 0.224452808 -0.044923685 0.028596153 0.006733621 -0.051478125 -0.002061866 0.998649299
1341846650.618092 0.214930266 -0.044820450 0.021625115 0.006162555 -0.044437148 -0.005039928 0.998980522
1341846650.650422 0.207806036 -0.044320516 0.031362586 0.006548007 -0.036527537 -0.008516359 0.999274969
1341846650.682114 0.195642054 -0.058857437 0.038584661 0.006944012 -0.028426807 -0.011804119 0.999502063
1341846650.718110 0.178627849 -0.050448816 0.024124756 0.006664073 -0.021748962 -0.012133813 0.999667645
1341846650.750112 0.180506274 -0.050414562 0.030767251 0.007529571 -0.015283515 -0.015275095 0.999738157
1341846650.782116 0.160389811 -0.069572724 0.070479207 0.007019800 -0.003846846 -0.014065474 0.999869049
1341846650.818115 0.138657317 -0.060798019 0.040788867 0.010997029 0.002817323 -0.013517307 0.999844253
1341846650.850139 0.131995857 -0.050665200 0.025860669 0.012894516 0.006772984 -0.013778722 0.999798954
1341846650.886238 0.107285701 -0.066445284 0.068268284 0.009893781 0.017476469 -0.013769202 0.999703526
1341846650.918288 0.095997825 -0.057254624 0.041908283 0.010145054 0.031916820 -0.012181620 0.999364793
1341846650.950233 0.084321916 -0.051048793 0.033445921 0.011922293 0.039048862 -0.009339573 0.999122560
1341846650.986247 0.091818951 -0.044889018 0.043014318 0.011734814 0.048145294 -0.007780954 0.998741090
1341846651.050482 0.046104472 -0.054231960 0.023995642 0.013553007 0.068847030 0.002102337 0.997532964
1341846651.086169 0.036328126 -0.052357204 0.030118542 0.010880085 0.075307548 0.004130553 0.997092485
1341846651.118423 0.009243332 -0.069864519 0.051761996 0.009716924 0.088313460 0.006379315 0.996024966
1341846651.154189 -0.002537896 -0.068067282 0.058020383 0.015406881 0.095808856 0.010187225 0.995228350
1341846651.186391 -0.003308591 -0.056859333 0.067084029 0.016258245 0.101107478 0.011927963 0.994671166
1341846651.218036 -0.008957241 -0.060000412 0.076314263 0.013778087 0.105914950 0.013275770 0.994191110
1341846651.254031 -0.030978004 -0.053796560 0.072619721 0.014333015 0.113234878 0.012853478 0.993381739
1341846651.286406 -0.033978067 -0.056059826 0.086402684 0.012088694 0.118086316 0.011741059 0.992860317
1341846651.318309 -0.038119085 -0.062287543 0.101157904 0.009642160 0.122573122 0.010539298 0.992356718
1341846651.354135 -0.050284091 -0.063736029 0.100699455 0.009484804 0.127694756 0.008995624 0.991727412
1341846651.386180 -0.068437032 -0.063703999 0.100033253 0.010251462 0.136508182 0.008293143 0.990551174
1341846651.422237 -0.089400575 -0.065062404 0.102289692 0.010084593 0.141182005 0.009009617 0.989891350
1341846651.492135 -0.105724536 -0.068738699 0.087459512 0.005111779 0.147482589 0.005817505 0.989034414
1341846651.560316 -0.128030494 -0.079815879 0.112137400 0.006526327 0.167163670 0.004245163 0.985898495
1341846651.622176 -0.158410370 -0.084864125 0.102204576 0.013957385 0.179021180 0.000801757 0.983745933
1341846651.654223 -0.170767426 -0.089468673 0.102591082 0.016958443 0.183064625 0.002605445 0.982951224
1341846651.690127 -0.183134735 -0.086146697 0.102855869 0.021846747 0.186255038 0.002773108 0.982254624
1341846651.722318 -0.197294578 -0.082282059 0.106357172 0.026268212 0.190819651 0.004088703 0.981265128
1341846651.754212 -0.212446988 -0.076895133 0.103008129 0.028869426 0.194914341 0.005964586 0.980377197
1341846651.790200 -0.233360425 -0.068454713 0.085049801 0.027929535 0.200430468 0.004770672 0.979298174
1341846651.822233 -0.242209166 -0.086492099 0.097888499 0.026243350 0.206774309 0.010287192 0.977982581
1341846651.858213 -0.248100162 -0.098435394 0.101301283 0.034411732 0.211842075 0.013446782 0.976605356
1341846651.890237 -0.267777532 -0.088134155 0.095180199 0.043117560 0.218244359 0.013053650 0.974853814
1341846651.922186 -0.279186279 -0.086926684 0.089821316 0.045359727 0.222271189 0.017282417 0.973775864
1341846651.958047 -0.305139482 -0.094794095 0.085039109 0.046639040 0.227245212 0.016057946 0.972587645
1341846651.990020 -0.312811464 -0.098393127 0.091961764 0.053758740 0.233027652 0.019703163 0.970783174
1341846652.022081 -0.332594037 -0.101509847 0.067618601 0.059592471 0.236787841 0.025466904 0.969397604
1341846652.058058 -0.347295225 -0.077753015 0.097109139 0.063395850 0.240127072 0.024845779 0.968350470
1341846652.090106 -0.354581326 -0.078820013 0.093755670 0.061025549 0.241826385 0.024825960 0.968080342
1341846652.126257 -0.369306177 -0.084319592 0.089786462 0.057706352 0.246443123 0.024606209 0.967124760
1341846652.158232 -0.377780527 -0.082300395 0.108237728 0.056803085 0.249359831 0.025772773 0.966399968
1341846652.190049 -0.389924794 -0.084365405 0.106781244 0.055558715 0.251690954 0.023183944 0.965933442
1341846652.225981 -0.393468499 -0.083034724 0.105115034 0.056326501 0.258511990 0.021413976 0.964126825
1341846652.258089 -0.429263920 -0.080011643 0.130231768 0.059534833 0.269709289 0.022734219 0.960830748
1341846652.290189 -0.429983824 -0.089337923 0.133468524 0.062491070 0.268415183 0.027494498 0.960881054
1341846652.326148 -0.440772563 -0.086714216 0.132543430 0.070321269 0.271169752 0.026221517 0.959601104
1341846652.358184 -0.455810368 -0.084563851 0.140036061 0.073075391 0.275445372 0.027120538 0.958151519
1341846652.394279 -0.464052737 -0.090696089 0.141152322 0.072956584 0.276901633 0.027855434 0.957719684
1341846652.426287 -0.471280724 -0.093522653 0.140551254 0.074154377 0.279077739 0.026319051 0.957039297
1341846652.458277 -0.481263578 -0.096489012 0.151435465 0.076463796 0.283526212 0.026597511 0.955541074
1341846652.494100 -0.498947680 -0.095864460 0.152262509 0.079079807 0.287362218 0.026625646 0.954180539
1341846652.526469 -0.517266989 -0.082932070 0.161182776 0.079940632 0.293691844 0.024164291 0.952245116
1341846652.562089 -0.520922422 -0.100630075 0.140712410 0.077856928 0.298659205 0.025633791 0.950833261
1341846652.594254 -0.531392872 -0.097620435 0.155045867 0.079877354 0.312004566 0.022469254 0.946450174
1341846652.626356 -0.534181476 -0.098793998 0.155657172 0.080851853 0.322760671 0.022095863 0.942762136
1341846652.662152 -0.532810450 -0.095057726 0.096814364 0.079383522 0.336663932 0.017774748 0.938104331
1341846652.694113 -0.476717800 -0.089637406 0.133333266 0.076676741 0.360445321 0.013695181 0.929522634
1341846652.726378 -0.502221406 -0.099321485 0.107689492 0.076756768 0.387048423 0.015993020 0.918719828
1341846652.762129 -0.487964809 -0.077000022 0.141952246 0.077899955 0.412664980 0.013215158 0.907449484
1341846652.794152 -0.512051105 -0.098333508 0.090782590 0.072851308 0.438774973 0.019349057 0.895429969
1341846652.830250 -0.508914590 -0.094051242 0.162992924 0.072225749 0.470101357 0.019250659 0.879441619
1341846652.862014 -0.529474616 -0.092788190 0.172601700 0.070396863 0.487019807 0.021723235 0.870278180
1341846652.894426 -0.513158023 -0.097092360 0.174756631 0.070379615 0.501845241 0.026750030 0.861674309
1341846652.930346 -0.500766873 -0.102771997 0.181607544 0.071832642 0.518199563 0.030869741 0.851678550
1341846652.962213 -0.526213288 -0.094336562 0.189580992 0.070080444 0.533824265 0.029462222 0.842171252
1341846653.030292 -0.515888274 -0.106792621 0.202410728 0.062725261 0.560445905 0.035014827 0.825069606
1341846653.062672 -0.523074508 -0.102014601 0.200588256 0.067167893 0.572646081 0.037808090 0.816171288
1341846653.099024 -0.527345717 -0.096192136 0.197570711 0.065068267 0.585757792 0.038131334 0.806969583
1341846653.130475 -0.514633000 -0.095814496 0.202483147 0.061001290 0.600909948 0.039545603 0.796003878
1341846653.162620 -0.532099128 -0.113645978 0.216527849 0.058748238 0.614864886 0.042682588 0.785282135
1341846653.198437 -0.522434413 -0.110969812 0.221267343 0.059831049 0.624569237 0.045972407 0.777315915
1341846653.230042 -0.516744375 -0.110773973 0.227840543 0.060990948 0.635496676 0.048551448 0.768158078
1341846653.298380 -0.512249827 -0.103872284 0.263938129 0.060702097 0.659595549 0.052260950 0.747340500
1341846653.330162 -0.504379809 -0.101741105 0.267000407 0.061469767 0.669127166 0.056253329 0.738461912
1341846653.366319 -0.513716459 -0.104734786 0.264775038 0.060247600 0.676876724 0.060157139 0.731156170
1341846653.398226 -0.495206654 -0.109027490 0.266353548 0.060186964 0.684373677 0.063398115 0.723872244
1341846653.430060 -0.539818466 -0.095448785 0.268375337 0.063829817 0.690517545 0.065875888 0.717475951
1341846653.466341 -0.538331509 -0.097115740 0.269098043 0.063930735 0.695102692 0.063491486 0.713241994
1341846653.498194 -0.557437003 -0.091563821 0.266348839 0.064676717 0.698515236 0.063096866 0.709867775
1341846653.530205 -0.551045060 -0.091286369 0.277587920 0.064307921 0.700810432 0.061106868 0.707810223
1341846653.566601 -0.560052276 -0.091102704 0.272105455 0.064474657 0.701312184 0.058893625 0.707485616
1341846653.598213 -0.567630887 -0.089345351 0.273628861 0.064386010 0.701868653 0.059478726 0.706892669
1341846653.634793 -0.556343019 -0.089230381 0.263616920 0.064163730 0.700375915 0.059752069 0.708368838
1341846653.666143 -0.564621091 -0.083671100 0.254734457 0.066003121 0.698211551 0.060089886 0.710305274
1341846653.698738 -0.563160479 -0.084327921 0.254476696 0.064978957 0.694908500 0.061675377 0.713495791
1341846653.734313 -0.558865607 -0.086283781 0.264088869 0.063780874 0.691443622 0.063726567 0.716782153
1341846653.766275 -0.561849952 -0.084637173 0.263795286 0.063631311 0.688827753 0.065329298 0.719165802
1341846653.802358 -0.570788026 -0.074586578 0.255856961 0.064787559 0.683780015 0.066153504 0.723789454
1341846653.802358 -0.570788026 -0.074586578 0.255856961 0.064787559 0.683780015 0.066153504 0.723789454
1341846653.802358 -0.570788026 -0.074586578 0.255856961 0.064787559 0.683780015 0.066153504 0.723789454
1341846653.802358 -0.570788026 -0.074586578 0.255856961 0.064787559 0.683780015 0.066153504 0.723789454
1341846653.802358 -0.570788026 -0.074586578 0.255856961 0.064787559 0.683780015 0.066153504 0.723789454
1341846653.802358 -0.570788026 -0.074586578 0.255856961 0.064787559 0.683780015 0.066153504 0.723789454
1341846653.802358 -0.570788026 -0.074586578 0.255856961 0.064787559 0.683780015 0.066153504 0.723789454
1341846654.034140 -0.471990943 -0.083242476 0.325489402 0.051948808 0.639975250 0.067804150 0.763633251
1341846654.070172 -0.477757961 -0.064469963 0.313960731 0.057909053 0.629602730 0.067701146 0.771792471
1341846654.070172 -0.477757961 -0.064469963 0.313960731 0.057909053 0.629602730 0.067701146 0.771792471
1341846654.070172 -0.477757961 -0.064469963 0.313960731 0.057909053 0.629602730 0.067701146 0.771792471
1341846654.170244 -0.559001684 -0.114470579 0.352069050 0.063033722 0.610359251 0.065645441 0.786879361
1341846654.170244 -0.559001684 -0.114470579 0.352069050 0.063033722 0.610359251 0.065645441 0.786879361
1341846654.170244 -0.559001684 -0.114470579 0.352069050 0.063033722 0.610359251 0.065645441 0.786879361
1341846654.270041 -0.592688680 -0.117381327 0.270995378 0.066839807 0.573738694 0.060041420 0.814095557
1341846654.302117 -0.587147713 -0.106909692 0.224141315 0.068672575 0.555086374 0.060162488 0.826767087
1341846654.338026 -0.560418606 -0.103683800 0.244011953 0.065639198 0.546866059 0.052850503 0.832968175
1341846654.369979 -0.558186650 -0.116865046 0.261228174 0.064810894 0.540667236 0.053867601 0.837004662
1341846654.402172 -0.606680870 -0.109879255 0.232948050 0.070108443 0.521783352 0.058474071 0.848179102
1341846654.438133 -0.547908485 -0.091398746 0.210687771 0.068967819 0.502738714 0.050745733 0.860187292
1341846654.470186 -0.552171171 -0.099933773 0.234580889 0.065826342 0.498071998 0.051428620 0.863102734
1341846654.502267 -0.596518993 -0.116421372 0.244821370 0.065370470 0.486514956 0.052372694 0.869647682
1341846654.539064 -0.501659811 -0.080498599 0.268199801 0.068890698 0.462765992 0.042361870 0.882783830
1341846654.570053 -0.516126990 -0.083620697 0.244587928 0.065879479 0.459178746 0.042471044 0.884879172
1341846654.606030 -0.536920428 -0.118734360 0.186145663 0.061805964 0.441051990 0.044254307 0.894256532
1341846654.637980 -0.473907948 -0.093941189 0.212392211 0.069553353 0.419125110 0.040456127 0.904356003
1341846654.670155 -0.500154555 -0.100185692 0.202189058 0.069488078 0.416900933 0.036063995 0.905574143
1341846654.706022 -0.494016171 -0.097366303 0.179949820 0.073609911 0.402903110 0.039272554 0.911432028
1341846654.738497 -0.476477534 -0.093579292 0.239727363 0.079845861 0.388356000 0.037042730 0.917296112
1341846654.774056 -0.453177691 -0.074749447 0.183781490 0.084296785 0.373776048 0.039673552 0.922828019
1341846654.806040 -0.496491522 -0.081408754 0.182213619 0.080780365 0.369966865 0.037524257 0.924765468
1341846654.838060 -0.504401088 -0.093266666 0.176927552 0.080189608 0.355735242 0.038276620 0.930353165
1341846654.874136 -0.464333177 -0.063908361 0.164090022 0.082749203 0.338135004 0.035200521 0.936791480
1341846654.906209 -0.474047184 -0.086080857 0.142889768 0.075601652 0.327884674 0.036429979 0.940982997
1341846654.938214 -0.488074571 -0.106198445 0.144929335 0.076126486 0.315175116 0.037812371 0.945219398
1341846654.974334 -0.442408592 -0.082705237 0.127564624 0.085350439 0.291770667 0.038944427 0.951876342
1341846655.006124 -0.456108272 -0.066202827 0.121707864 0.087276876 0.281706244 0.038206805 0.954758942
1341846655.042239 -0.467699498 -0.089317039 0.099122472 0.083514370 0.263738632 0.039538782 0.960158288
1341846655.074179 -0.436258286 -0.078463539 0.080246963 0.088527158 0.236971572 0.039125487 0.966683388
1341846655.106132 -0.442079157 -0.077003315 0.110122085 0.087112680 0.229982063 0.033031594 0.968725264
1341846655.142070 -0.454632849 -0.064539865 0.130727991 0.088047035 0.214461848 0.028829390 0.972328484
1341846655.174000 -0.397254437 -0.051759209 0.119945414 0.088801138 0.184559360 0.027806442 0.978406370
1341846655.206124 -0.409164250 -0.057816789 0.120533131 0.084469125 0.177737698 0.024071433 0.980150461
1341846655.242079 -0.411837190 -0.079517707 0.076638915 0.084144913 0.160675883 0.026672984 0.983052135
1341846655.274211 -0.367258579 -0.072230197 0.077514797 0.088799365 0.149546981 0.028334800 0.984351337
1341846655.310175 -0.356682956 -0.086172812 0.076524928 0.093893908 0.148071066 0.032549642 0.983971298
1341846655.342236 -0.351942360 -0.069359154 0.086206093 0.104007207 0.142504707 0.033041831 0.983759701
1341846655.374134 -0.337428212 -0.057109427 0.084077686 0.108193800 0.138523117 0.033070747 0.983875930
1341846655.410207 -0.337411195 -0.069816619 0.073423438 0.108961791 0.137716323 0.036690310 0.983776093
1341846655.442262 -0.356256604 -0.067557961 0.087101720 0.114200816 0.131911308 0.034874354 0.984043360
1341846655.474205 -0.343928367 -0.051131852 0.077768102 0.116713189 0.119476989 0.032158598 0.985428393
1341846655.510277 -0.354094893 -0.039297160 0.074574672 0.113809347 0.110714786 0.030152472 0.986853898
1341846655.542135 -0.345860630 -0.053436525 0.058854826 0.107983857 0.101540752 0.032680195 0.988413393
1341846655.578132 -0.343739599 -0.053911548 0.057905599 0.105656721 0.093650520 0.032230418 0.989458263
1341846655.642348 -0.338675112 -0.053056177 0.041247781 0.099496715 0.072784960 0.031173563 0.991882563
1341846655.678110 -0.336709291 -0.062107328 0.041340321 0.098784998 0.062557429 0.031580929 0.992638290
1341846655.710074 -0.342545837 -0.050871376 0.025500093 0.102320313 0.052960835 0.032791484 0.992799282
1341846655.748050 -0.326360196 -0.047432993 0.032360993 0.099672250 0.040339526 0.033865009 0.993625343
1341846655.810222 -0.333194435 -0.045318838 0.016680727 0.097247772 0.022011913 0.033670850 0.994446933
1341846655.846257 -0.330567002 -0.038592521 -0.012210799 0.095824525 0.011068556 0.033989761 0.994756222
1341846655.910355 -0.317230433 -0.045799509 -0.011947674 0.088873960 -0.010384243 0.033312768 0.995431483
1341846655.946240 -0.314698726 -0.035664752 -0.008622249 0.088435061 -0.020698003 0.030961849 0.995385468
1341846655.978412 -0.292587578 -0.029463582 -0.007676149 0.086288571 -0.029561436 0.031488597 0.995333552
1341846656.014188 -0.288816810 -0.032132924 -0.012792921 0.083142951 -0.033113364 0.032263409 0.995464683
1341846656.046211 -0.290293217 -0.031725552 -0.012569387 0.081907406 -0.035684396 0.034264132 0.995411396
1341846656.078165 -0.286934733 -0.029355524 -0.014563628 0.082364604 -0.040355738 0.035345364 0.995157421
1341846656.114220 -0.289501131 -0.023087066 -0.005921183 0.081128478 -0.044053204 0.034598768 0.995128393
1341846656.146158 -0.287302345 -0.033072922 -0.022755507 0.077657707 -0.051039092 0.035384402 0.995043874
1341846656.178154 -0.276451290 -0.032631189 -0.028159751 0.077991985 -0.058918323 0.036669608 0.994535744
1341846656.214132 -0.271236151 -0.029067753 -0.027367348 0.077878118 -0.064592250 0.035166234 0.994246602
1341846656.246093 -0.266644478 -0.028265232 -0.029894022 0.078622177 -0.068220563 0.035365317 0.993938625
1341846656.282181 -0.276489317 -0.024678269 -0.034986205 0.078445233 -0.069720685 0.035135806 0.993856549
1341846656.314258 -0.280992597 -0.028709328 -0.040814370 0.076192051 -0.073858432 0.032726679 0.993815184
1341846656.346094 -0.263099462 -0.020489443 -0.027810693 0.075220652 -0.079996407 0.031107720 0.993466020
1341846656.382222 -0.261878073 -0.026124282 -0.026552217 0.071837403 -0.084230669 0.030537507 0.993384182
1341846656.414253 -0.290727317 -0.037923813 -0.059126046 0.071941882 -0.090207644 0.029299010 0.992889047
1341846656.446177 -0.267173499 -0.013061775 -0.036144312 0.072237626 -0.101491489 0.030174540 0.991751373
1341846656.482260 -0.271065950 -0.029349530 -0.045311883 0.065191709 -0.107247919 0.029867429 0.991643071
1341846656.519461 -0.256276309 -0.025658716 -0.036186870 0.066589177 -0.116698846 0.031704005 0.990425229
1341846656.582247 -0.254274845 -0.013326691 -0.043294489 0.062402360 -0.122176036 0.031172533 0.990054190
1341846656.614195 -0.250967085 -0.018381065 -0.046028096 0.060564712 -0.125069603 0.032069542 0.989778280
1341846656.649995 -0.246373132 -0.019191034 -0.041140202 0.060370054 -0.126979619 0.032831609 0.989522040
1341846656.682076 -0.256041676 -0.021222966 -0.052302446 0.059455678 -0.130035862 0.031567197 0.989221573
1341846656.714216 -0.255800813 -0.012314730 -0.049333259 0.059038777 -0.134461835 0.030486150 0.988688529
1341846656.749974 -0.249847740 -0.011539301 -0.043185342 0.056528233 -0.136920124 0.031071896 0.988479674
1341846656.782653 -0.247295946 -0.020287730 -0.040858589 0.055586360 -0.139340594 0.032038037 0.988164008
1341846656.824388 -0.253057331 -0.008436831 -0.049493194 0.056659427 -0.141601101 0.030663125 0.987825215
1341846656.856226 -0.240453839 -0.003932627 -0.037777416 0.053893041 -0.144142359 0.030844385 0.987606823
1341846656.892050 -0.232807010 -0.008566705 -0.016943036 0.052117117 -0.142824098 0.031952448 0.987858415
1341846656.924099 -0.232733920 -0.004543932 -0.019259876 0.052390292 -0.141938016 0.031610578 0.987982631
1341846656.956112 -0.234732971 -0.003473173 -0.039313316 0.050593581 -0.136416450 0.033299454 0.988798261
1341846656.992122 -0.230435088 -0.006325760 -0.030615374 0.048973583 -0.129667431 0.035838645 0.989698768
1341846657.024108 -0.228917092 -0.005595485 -0.030840447 0.049226582 -0.126886517 0.036155935 0.990035057
1341846657.056121 -0.224350616 -0.004158317 -0.028241178 0.048891652 -0.121866807 0.037232574 0.990642130
1341846657.092006 -0.216806129 -0.009316432 0.005385104 0.052507810 -0.111448467 0.041574996 0.991510808
1341846657.124027 -0.227080777 0.005467911 0.018743493 0.062532522 -0.097024985 0.043555882 0.992360175
1341846657.155973 -0.219226941 0.009693241 0.034847651 0.066072546 -0.086759463 0.045009751 0.993016303
1341846657.192094 -0.231159955 0.012821736 0.076989584 0.069268398 -0.069992311 0.041565072 0.994271278
1341846657.224195 -0.221488044 -0.000080614 0.052036233 0.068934582 -0.060793020 0.039040849 0.995001614
1341846657.292164 -0.228716001 -0.002146649 -0.001459353 0.069217578 -0.037388209 0.034640387 0.996298671
1341846657.354367 -0.195218608 -0.003116069 0.007350013 0.067390010 -0.022516355 0.032239664 0.996951461
1341846657.386193 -0.191424862 -0.008635448 0.008573550 0.066533096 -0.012113623 0.033626568 0.997143865
1341846657.418105 -0.186563477 -0.012723673 0.004670181 0.068693072 -0.000627029 0.033118181 0.997087777
1341846657.454277 -0.166267455 -0.005467389 0.030605968 0.071084954 0.007372305 0.033286363 0.996887445
1341846657.486117 -0.161107674 -0.019978955 0.009850365 0.068746686 0.018966394 0.033393841 0.996894717
1341846657.522092 -0.158312157 -0.016888792 0.012810070 0.073403150 0.033389840 0.032760564 0.996204734
1341846657.554062 -0.198413596 -0.017324198 0.011539039 0.073576845 0.046888761 0.026790185 0.995826364
1341846657.586078 -0.130602449 -0.014756637 0.011599730 0.074334651 0.048867773 0.030554220 0.995566547
1341846657.622205 -0.142844513 -0.025717538 0.032450739 0.072202846 0.066000745 0.027918590 0.994812131
1341846657.654161 -0.145785213 -0.027084999 0.029084820 0.073975004 0.072521679 0.029917188 0.994169712
1341846657.686517 -0.140617877 -0.022790356 0.006703007 0.072489992 0.083629116 0.024254804 0.993560791
1341846657.722061 -0.149915963 -0.034092344 0.025622919 0.072408080 0.100120455 0.023653215 0.992055178
1341846657.754104 -0.158873275 -0.022859886 0.012735714 0.074199744 0.108783044 0.024459599 0.990990639
1341846657.790066 -0.126238883 -0.013146020 0.042859796 0.070177898 0.119327918 0.019650538 0.990176678
1341846657.822089 -0.125317618 -0.032726187 0.078268893 0.068014145 0.138884842 0.019692367 0.987773895
1341846657.853972 -0.134397328 -0.027355764 0.067559637 0.072321773 0.149457037 0.020998070 0.985896230
1341846657.889993 -0.114099763 -0.018857131 0.054363068 0.071650930 0.158078596 0.023181388 0.984550655
1341846657.922046 -0.119291775 -0.035354499 0.084381349 0.070487887 0.174545273 0.022534784 0.981864393
1341846657.954192 -0.150480166 -0.034328714 0.034221910 0.070309483 0.184636936 0.026055086 0.979942322
1341846657.990141 -0.128386572 -0.033570133 0.040055398 0.067207783 0.192503229 0.027137667 0.978615999
1341846658.022419 -0.138092130 -0.052574970 0.067294136 0.067038305 0.203885719 0.028706629 0.976274729
1341846658.090215 -0.135214597 -0.040715653 0.058107018 0.068838708 0.217213094 0.028435053 0.973278582
1341846658.122355 -0.146799892 -0.042113099 0.078440450 0.067611627 0.226830363 0.028558012 0.971164823
1341846658.158136 -0.145776764 -0.041362852 0.079263501 0.065810025 0.230219647 0.029430952 0.970464706
1341846658.190098 -0.139494598 -0.043370586 0.077119119 0.063462742 0.234761447 0.029830966 0.969520390
1341846658.226027 -0.148009285 -0.056879081 0.092366211 0.062618226 0.242747396 0.029156467 0.967627347
1341846658.258133 -0.162861302 -0.058884457 0.075635277 0.064477287 0.245056987 0.029796822 0.966903329
1341846658.290020 -0.160561025 -0.059700266 0.077469692 0.062256429 0.249338731 0.026913716 0.966038346
1341846658.326239 -0.166186854 -0.061476696 0.085307211 0.061682761 0.253763527 0.023269264 0.965017080
1341846658.358248 -0.188487574 -0.038452309 0.085283451 0.060135152 0.256209642 0.017725162 0.964586079
1341846658.390215 -0.169021413 -0.054727692 0.080658823 0.052339491 0.253648728 0.018339058 0.965705276
1341846658.426300 -0.158533692 -0.052871838 0.106525235 0.050259531 0.257601976 0.014892116 0.964828253
1341846658.458168 -0.203312755 -0.058047444 0.106900878 0.052012313 0.260418713 0.014793938 0.963980258
1341846658.494176 -0.198851928 -0.038332030 0.096117757 0.051791020 0.254004776 0.019192079 0.965624630
1341846658.526214 -0.179613754 -0.037322186 0.089902259 0.042468712 0.249708027 0.023759251 0.967097700
1341846658.558129 -0.196167529 -0.027805125 0.103923492 0.034450073 0.250114471 0.022059962 0.967351735
1341846658.594206 -0.205023184 -0.035487000 0.113533966 0.010384038 0.247767299 0.023953687 0.968467772
1341846658.626105 -0.210554734 -0.035952285 0.111709580 -0.007117551 0.242231786 0.025916303 0.969846129
1341846658.658181 -0.193164587 -0.038132183 0.106462412 -0.011766524 0.234993279 0.030618384 0.971443355
1341846658.694141 -0.198046282 -0.010325301 0.099639699 -0.017545318 0.234186292 0.032515675 0.971489429
1341846658.726153 -0.214549810 -0.021958746 0.111265570 -0.033885542 0.233605012 0.038045563 0.970995903
1341846658.762100 -0.199016184 -0.047423452 0.119478777 -0.040893923 0.225182861 0.039467841 0.972657561
1341846658.794185 -0.189061940 -0.040426198 0.092417262 -0.042984389 0.221827686 0.044206105 0.973134518
1341846658.826155 -0.195860967 -0.038970497 0.104360111 -0.054879501 0.225383773 0.043166228 0.971764982
1341846658.862197 -0.205890700 -0.050844464 0.117234133 -0.061472658 0.224122524 0.045816854 0.971540630
1341846658.894170 -0.193239123 -0.050546024 0.089368731 -0.063179381 0.221535519 0.049668234 0.971835077
1341846658.962404 -0.217468053 -0.039362978 0.115699589 -0.076836258 0.229178965 0.053940594 0.968846560
1341846658.994217 -0.201915085 -0.055790994 0.118854932 -0.079852752 0.226176992 0.055660516 0.969210804
1341846659.030070 -0.182973698 -0.058286384 0.106194809 -0.079209469 0.223936751 0.053858940 0.969885290
1341846659.062007 -0.200367123 -0.062696323 0.113380261 -0.075676948 0.226753667 0.052024204 0.969613016
1341846659.094100 -0.185547471 -0.060059004 0.100490145 -0.074121498 0.222561464 0.051270101 0.970744014
1341846659.130368 -0.177582785 -0.067966215 0.101340242 -0.077569239 0.224449307 0.050156906 0.970097899
1341846659.162537 -0.197115928 -0.074848123 0.105843909 -0.075685300 0.228790045 0.050930262 0.969191968
1341846659.198696 -0.186403692 -0.055094272 0.107823677 -0.069197692 0.225639850 0.049184218 0.970504701
1341846659.231286 -0.170300141 -0.057910699 0.094157025 -0.071583621 0.226540178 0.048481226 0.970157206
1341846659.263549 -0.191726387 -0.072453819 0.110299632 -0.073977605 0.232808322 0.050623026 0.968382657
1341846659.298797 -0.183828101 -0.063175127 0.104937844 -0.072198354 0.229261667 0.051625997 0.969309688
1341846659.331074 -0.173663244 -0.061394986 0.098101482 -0.073290527 0.228868678 0.052742679 0.969260454
1341846659.362420 -0.183083013 -0.076675639 0.103969485 -0.076077849 0.233155504 0.054609582 0.967919767
1341846659.398303 -0.195544928 -0.064913176 0.106014356 -0.070654273 0.234798878 0.055168439 0.967901886
1341846659.430262 -0.184318215 -0.062154058 0.100829311 -0.070227206 0.232029796 0.055519514 0.968580425
1341846659.466583 -0.183865130 -0.071295179 0.103567861 -0.073272534 0.235180497 0.054759599 0.967637718
1341846659.498531 -0.192974284 -0.065782510 0.105608158 -0.069772355 0.236272633 0.055583227 0.967583418
1341846659.530267 -0.194441855 -0.054665670 0.107192710 -0.065668002 0.235185772 0.054241553 0.968211412
1341846659.566571 -0.184907779 -0.060606956 0.100483499 -0.066602409 0.236119181 0.054009724 0.967933297
1341846659.598122 -0.192583948 -0.074209601 0.104223944 -0.067228913 0.239566207 0.055682972 0.966947734
1341846659.630209 -0.194059253 -0.056644656 0.107981473 -0.060877267 0.237174168 0.055473335 0.967969656
1341846659.666409 -0.196730301 -0.052484617 0.096043326 -0.061003584 0.236996084 0.053492151 0.968116760
1341846659.698237 -0.203003898 -0.065872096 0.102703348 -0.064432479 0.239239991 0.053058945 0.967366278
1341846659.734169 -0.206014559 -0.068094149 0.087784827 -0.064330287 0.230839476 0.054069925 0.969356120
1341846659.766421 -0.203893378 -0.053597450 0.091727592 -0.062654391 0.229431972 0.050765663 0.969978511
1341846659.798087 -0.197520405 -0.052429315 0.105830535 -0.061679233 0.230762392 0.048255667 0.969853580
1341846659.834075 -0.201168865 -0.068449348 0.094680026 -0.063324891 0.226194665 0.049167208 0.970777273
1341846659.866481 -0.208272502 -0.066545345 0.094993465 -0.062143352 0.223481059 0.049076363 0.971486509
1341846659.898128 -0.202263430 -0.073690817 0.092011116 -0.063348584 0.220947817 0.049986891 0.971941531
1341846659.934286 -0.205448791 -0.079400979 0.100064225 -0.060392700 0.221516222 0.049428187 0.972028911
1341846659.966354 -0.215322196 -0.060076755 0.109272435 -0.054523513 0.219243616 0.048098676 0.972957373
1341846660.002267 -0.196336403 -0.054272205 0.105261385 -0.053060908 0.214925185 0.046642695 0.974071980
1341846660.034581 -0.208361030 -0.071705297 0.097426787 -0.054466836 0.215846121 0.045283604 0.973854840
1341846660.066206 -0.207217336 -0.080023579 0.093751691 -0.051781129 0.210828096 0.044954494 0.975115061
1341846660.102245 -0.213308871 -0.076155163 0.082247533 -0.048606906 0.207618386 0.043701254 0.976023674
1341846660.140244 -0.204871565 -0.076925822 0.081019439 -0.048462797 0.207161322 0.042346913 0.976187706
1341846660.202316 -0.220770672 -0.079039142 0.080364838 -0.044174675 0.202804491 0.040485792 0.977384269
1341846660.234105 -0.214962587 -0.079528064 0.078199185 -0.041379325 0.203032106 0.038730808 0.977530420
1341846660.270168 -0.209927663 -0.102670819 0.088108785 -0.036976174 0.203146830 0.038590435 0.977688551
1341846660.302258 -0.218152344 -0.089639485 0.090432838 -0.019184884 0.200132608 0.034988016 0.978955925
1341846660.334349 -0.214861959 -0.083483547 0.089858465 -0.009389441 0.199716672 0.029188748 0.979373872
1341846660.370214 -0.215326816 -0.080007486 0.090774663 -0.005366290 0.201113582 0.027462173 0.979168177
1341846660.401986 -0.233532757 -0.075552374 0.078991249 -0.005397771 0.199762553 0.027118042 0.979454219
1341846660.438062 -0.224066734 -0.081319548 0.076604798 -0.005911995 0.197488800 0.025950443 0.979943812
1341846660.470191 -0.227609858 -0.087851532 0.078435987 -0.004084338 0.198434427 0.026575308 0.979745328
1341846660.502233 -0.233141288 -0.081297956 0.079585209 -0.000963827 0.196759671 0.026417064 0.980095327
1341846660.537985 -0.225235671 -0.076781727 0.077438943 -0.000505156 0.195308283 0.026034273 0.980396211
1341846660.570279 -0.225019217 -0.086770065 0.076654039 -0.000567186 0.196808666 0.027789457 0.980047822
1341846660.602130 -0.226754650 -0.085733101 0.088901952 0.005321515 0.195466265 0.029677598 0.980246902
1341846660.638256 -0.222493500 -0.073672786 0.073860146 0.007143748 0.191613480 0.030736666 0.980963051
1341846660.670338 -0.213877216 -0.086861141 0.072826482 0.004902475 0.193625212 0.031199735 0.980567098
1341846660.706457 -0.220706791 -0.095199585 0.087149553 0.009529373 0.197718650 0.032501463 0.979673564
1341846660.738241 -0.214907438 -0.088521823 0.084127724 0.017234730 0.195167020 0.033776917 0.980036736
1341846660.770121 -0.208337903 -0.080445141 0.074354298 0.020063719 0.197582945 0.032315362 0.979547977
1341846660.806117 -0.210626885 -0.092435770 0.086735711 0.023015587 0.203359216 0.032509059 0.978293657
1341846660.838338 -0.211993158 -0.104126565 0.079382122 0.031261779 0.202550739 0.035228800 0.978138506
1341846660.870203 -0.213221654 -0.093423948 0.065398507 0.039861262 0.203550652 0.031762697 0.977736890
1341846660.906366 -0.207700267 -0.100458957 0.071963556 0.043502480 0.209224939 0.029889913 0.976442039
1341846660.938063 -0.212452725 -0.125633925 0.071511403 0.051252156 0.210822389 0.031769339 0.975662827
1341846660.974147 -0.211009473 -0.099226572 0.069820210 0.065613329 0.210323036 0.027671525 0.975035131
1341846661.006234 -0.207516208 -0.087307453 0.073429033 0.070226386 0.213985905 0.026148982 0.973958254
1341846661.038225 -0.223094255 -0.107186586 0.065129265 0.070580050 0.216241568 0.026520697 0.973424256
1341846661.074059 -0.208673745 -0.119917810 0.066186681 0.082420669 0.212142050 0.026414348 0.973398685
1341846661.106184 -0.209368557 -0.089207612 0.075866185 0.092635185 0.214699581 0.022682805 0.972012520
1341846661.138209 -0.221391171 -0.079149760 0.075064860 0.091604315 0.216972500 0.020639982 0.971651018
1341846661.174244 -0.213579178 -0.097616188 0.069404460 0.090236872 0.216270849 0.021720570 0.971911788
1341846661.206205 -0.212083533 -0.094210342 0.074916102 0.094402924 0.216687068 0.021485860 0.971428454
1341846661.242184 -0.226662666 -0.093966395 0.053113252 0.094426334 0.216178000 0.023773298 0.971486330
1341846661.274177 -0.212883130 -0.080788329 0.072774731 0.095067538 0.217375755 0.020590683 0.971229136
1341846661.308814 -0.223804101 -0.094363354 0.051899545 0.091297992 0.216036633 0.023673696 0.971819162
1341846661.342489 -0.221723631 -0.088808008 0.047781009 0.091499880 0.214870870 0.023963042 0.972051561
1341846661.374640 -0.216981143 -0.092659399 0.066826895 0.089840792 0.215463728 0.022474764 0.972110510
1341846661.410178 -0.221843079 -0.109599635 0.060569018 0.092720799 0.213970110 0.024808528 0.972113252
1341846661.442211 -0.213523716 -0.093485869 0.061345767 0.097848557 0.211440340 0.022555813 0.972219110
1341846661.474354 -0.199819356 -0.081946217 0.072680734 0.097531520 0.212256521 0.021415191 0.972098887
1341846661.510169 -0.216200814 -0.077837206 0.068675257 0.095911138 0.212099627 0.019586194 0.972332895
1341846661.542767 -0.221677974 -0.072682180 0.065893754 0.090740420 0.211200252 0.018228058 0.973051131
1341846661.574217 -0.225379229 -0.095384717 0.071474344 0.086004667 0.212949127 0.019388869 0.973077655
1341846661.610041 -0.232372686 -0.096163154 0.057210825 0.089337066 0.209799081 0.020481674 0.973439157
1341846661.642253 -0.229626402 -0.084902033 0.054199100 0.089201860 0.208716378 0.019050919 0.973713279
1341846661.678078 -0.228170231 -0.101203300 0.056989603 0.086121008 0.208738506 0.020724082 0.973951697
1341846661.710142 -0.227587849 -0.108401544 0.069016293 0.089961432 0.208034173 0.019927507 0.973771930
1341846661.742341 -0.233769268 -0.118974634 0.062010847 0.095561169 0.207472250 0.015979204 0.973431051
1341846661.778063 -0.232334122 -0.110973559 0.065030850 0.106027491 0.208150983 0.012608474 0.972251236
1341846661.810103 -0.234098867 -0.111534648 0.068645068 0.112421095 0.209109291 0.009984811 0.971357405
1341846661.842216 -0.231280744 -0.109330408 0.063540466 0.120098136 0.207963720 0.007190185 0.970708966
1341846661.878157 -0.228860289 -0.104079820 0.067817338 0.124078259 0.209599659 0.004084131 0.969874203
1341846661.910222 -0.223291218 -0.097859964 0.061378095 0.126260713 0.210950032 0.003599762 0.969301522
1341846661.946090 -0.228314489 -0.106765412 0.061846476 0.128494248 0.211575076 0.002940857 0.968873918
1341846662.010311 -0.238004759 -0.119690016 0.054606698 0.140336961 0.213018015 -0.002731036 0.966913402
1341846662.046195 -0.239985704 -0.116006091 0.059646960 0.149795726 0.211297527 -0.003955063 0.965866983
1341846662.078099 -0.239787683 -0.111855060 0.054125175 0.155277580 0.210732520 -0.007290971 0.965104938
1341846662.110672 -0.239299417 -0.117652357 0.056559868 0.160772309 0.212864250 -0.009135556 0.963720739
1341846662.146166 -0.243126392 -0.117024034 0.055689793 0.169074669 0.211360827 -0.008320248 0.962637663
1341846662.178168 -0.242079929 -0.103809841 0.062054407 0.178837091 0.211175337 -0.008065113 0.960914791
1341846662.214136 -0.239516482 -0.114673175 0.059371382 0.190303728 0.212756366 -0.008956876 0.958352268
1341846662.246167 -0.238990799 -0.099178001 0.064846352 0.201692000 0.210948169 -0.009173508 0.956418931
1341846662.278007 -0.241976008 -0.114267796 0.049594678 0.203076750 0.211489365 -0.012722315 0.955965698
1341846662.314144 -0.241118386 -0.097287588 0.059043970 0.211093828 0.213716015 -0.012755001 0.953730643
1341846662.346164 -0.244440883 -0.100233279 0.059617680 0.215370804 0.212064356 -0.012852234 0.953141630
1341846662.378069 -0.238751292 -0.100740768 0.060142517 0.221286386 0.211939782 -0.014597946 0.951788187
1341846662.414229 -0.241320729 -0.099562742 0.056276992 0.228599966 0.212928489 -0.013655989 0.949851036
1341846662.446102 -0.239429146 -0.103034332 0.054809958 0.234434128 0.210866481 -0.013304471 0.948893547
1341846662.482229 -0.244597942 -0.102625869 0.056009885 0.242490098 0.210632131 -0.015820064 0.946880341
1341846662.514117 -0.245850265 -0.101426288 0.058919437 0.251731813 0.212343559 -0.015760897 0.944083154
1341846662.546261 -0.247046918 -0.100469112 0.058551349 0.259214193 0.212336525 -0.016818911 0.942039490
1341846662.582101 -0.239696696 -0.102465607 0.060529072 0.261330366 0.212732881 -0.016792048 0.941365600
1341846662.620264 -0.245926008 -0.108570449 0.060030624 0.264272481 0.214314163 -0.016167259 0.940195799
1341846662.682024 -0.243078530 -0.103326067 0.058954582 0.272522599 0.212914765 -0.020118682 0.938079953
1341846662.714075 -0.248627752 -0.104084402 0.045610301 0.273852199 0.213768721 -0.021303527 0.937472224
1341846662.750127 -0.251266450 -0.108562991 0.045959249 0.279084623 0.212496340 -0.021965658 0.936202228
1341846662.782002 -0.247431785 -0.098910145 0.037999220 0.281504303 0.211768597 -0.023419464 0.935607314
1341846662.814097 -0.247926593 -0.094741650 0.048793271 0.278844059 0.211437702 -0.020976607 0.936536193
1341846662.850193 -0.241715655 -0.109065309 0.060370348 0.280086070 0.210249081 -0.020769803 0.936437845
1341846662.882162 -0.244075656 -0.099735320 0.055067834 0.282808602 0.209322348 -0.021203915 0.935817301
1341846662.918191 -0.252649516 -0.090975635 0.042140719 0.281799495 0.208548263 -0.020878559 0.936301708
1341846662.956034 -0.243542686 -0.098984689 0.057827428 0.281759679 0.208640620 -0.021768533 0.936272800
1341846663.018208 -0.247092813 -0.089713708 0.039374050 0.287127793 0.204501599 -0.022254519 0.935543478
1341846663.049994 -0.245817780 -0.093665190 0.047562771 0.285906434 0.204581380 -0.023782767 0.935862422
1341846663.118078 -0.262686521 -0.095765769 0.045631684 0.287560016 0.205422208 -0.025031844 0.935138702
1341846663.150227 -0.242114201 -0.098021090 0.053539552 0.288633525 0.205611005 -0.026561584 0.934724212
1341846663.186300 -0.249065906 -0.093325414 0.041248333 0.287610978 0.206375644 -0.027377823 0.934847295
1341846663.218442 -0.242972821 -0.091368720 0.049181923 0.283552080 0.206327707 -0.027600095 0.936090469
1341846663.250380 -0.245927751 -0.089735195 0.043231174 0.277643681 0.207063764 -0.026132369 0.937739730
1341846663.286056 -0.248175442 -0.094681188 0.044830147 0.272493839 0.207228050 -0.025138389 0.939239979
1341846663.318060 -0.250024974 -0.082897365 0.039486092 0.264341265 0.206114620 -0.023258330 0.941859663
1341846663.350114 -0.240706831 -0.087474637 0.038368508 0.252719343 0.205345884 -0.019946747 0.945287406
1341846663.385985 -0.246116534 -0.087910846 0.041849226 0.245441452 0.205643356 -0.018424256 0.947169423
1341846663.418056 -0.249179929 -0.081010692 0.057425715 0.241522759 0.203431934 -0.017418107 0.948672175
1341846663.454044 -0.246218070 -0.092565864 0.055332255 0.232835591 0.202183187 -0.014948938 0.951149881
1341846663.486091 -0.247019053 -0.077352829 0.060576327 0.227800503 0.201903790 -0.012514719 0.952462673
1341846663.518394 -0.246756479 -0.073133610 0.071268082 0.221056044 0.200342402 -0.008293297 0.954425693
1341846663.554251 -0.241433129 -0.072563916 0.067979410 0.215496182 0.199916884 -0.007524069 0.955791891
1341846663.586143 -0.244446158 -0.063712910 0.073934540 0.208513141 0.200031251 -0.005792818 0.957327664
1341846663.622145 -0.248821229 -0.081579365 0.064945102 0.199314132 0.198597178 -0.004331655 0.959590733
1341846663.654099 -0.245578676 -0.077664718 0.067910902 0.194201246 0.197729021 -0.003703242 0.960820198
1341846663.686099 -0.246059537 -0.056940638 0.067945190 0.186069533 0.197680458 -0.001823681 0.962443411
1341846663.722109 -0.243594021 -0.070692651 0.065516189 0.177051067 0.197074190 -0.001052340 0.964268446
1341846663.755694 -0.243956015 -0.070515655 0.066332757 0.172807977 0.198283955 0.000932365 0.964790165
1341846663.786304 -0.232529536 -0.031680256 0.067379683 0.165850550 0.199060291 0.002747962 0.965847313
1341846663.822090 -0.249435991 -0.056070786 0.070899330 0.142902181 0.201904178 0.005212458 0.968909979
1341846663.854115 -0.246442348 -0.071412407 0.071754560 0.133932605 0.202142745 0.005201728 0.970140934
1341846663.890140 -0.233657956 -0.044039920 0.066531777 0.129950106 0.201663911 0.008869168 0.970755398
1341846663.921987 -0.240532279 -0.019172378 0.067804843 0.113359757 0.204208940 0.009133978 0.972298801
1341846663.954282 -0.244082510 -0.057725191 0.058842640 0.091542438 0.205022410 0.011888878 0.974394381
1341846663.990370 -0.233546063 -0.047218822 0.057705704 0.084507085 0.206192017 0.013172466 0.974766612
1341846664.022124 -0.240179121 -0.047406342 0.062542289 0.070190951 0.209658265 0.015505428 0.975128889
1341846664.054171 -0.230697364 -0.046704728 0.071490869 0.057229016 0.209504694 0.018666916 0.975952983
1341846664.090250 -0.244638860 -0.048682880 0.073759936 0.044242296 0.213696986 0.016730970 0.975754261
1341846664.122237 -0.248177230 -0.055275120 0.075734556 0.038119201 0.214513570 0.018188765 0.975807428
1341846664.158241 -0.250903726 -0.045704287 0.071475387 0.033841871 0.213628322 0.019409569 0.976135731
1341846664.190141 -0.241462767 -0.039851371 0.068564743 0.024421781 0.212455034 0.019466707 0.976671696
1341846664.222189 -0.248473227 -0.050458129 0.074758768 0.014961377 0.214910731 0.021432083 0.976283908
1341846664.258172 -0.246126771 -0.055470068 0.074443616 0.010092605 0.213741004 0.023392657 0.976558149
1341846664.290022 -0.242066562 -0.035692893 0.072869480 0.006315459 0.214651883 0.023668818 0.976383448
1341846664.322491 -0.249308214 -0.034659050 0.074494898 -0.003469833 0.217388570 0.024426274 0.975773335
1341846664.358302 -0.248958260 -0.040014725 0.075658917 -0.012117637 0.216839060 0.026841402 0.975763083
1341846664.390101 -0.247250944 -0.040086634 0.076892816 -0.019438596 0.216449007 0.027683746 0.975707769
1341846664.426143 -0.245357081 -0.033701461 0.074808404 -0.026473157 0.217015028 0.029024845 0.975377560
1341846664.458304 -0.250803173 -0.038787760 0.076644130 -0.035652097 0.218037248 0.031176699 0.974790633
1341846664.490116 -0.238194779 -0.035691228 0.071786582 -0.044836968 0.217303038 0.033096157 0.974512041
1341846664.526173 -0.247747481 -0.039687913 0.077795789 -0.053804439 0.219834745 0.033876434 0.973462999
1341846664.558129 -0.242950946 -0.038461454 0.075765818 -0.060453407 0.218038827 0.038008414 0.973324120
1341846664.590129 -0.237933636 -0.050044581 0.071756020 -0.069973119 0.218962848 0.039492361 0.972419381
1341846664.626196 -0.234750092 -0.057280354 0.075817257 -0.074225515 0.220730975 0.040968582 0.971642971
1341846664.658276 -0.238268152 -0.059360139 0.077169374 -0.071633741 0.220647439 0.040290210 0.971884787
1341846664.694136 -0.242301837 -0.030754153 0.078156210 -0.065642759 0.222027555 0.037890144 0.972090065
1341846664.726667 -0.237041607 -0.036499940 0.072949693 -0.070334107 0.224058077 0.038099255 0.971287608
1341846664.758141 -0.251412511 -0.033784389 0.086620279 -0.070785433 0.226973251 0.038873076 0.970547020
1341846664.794104 -0.247434512 -0.025114382 0.084667772 -0.070251949 0.224649593 0.039037973 0.971119583
1341846664.826123 -0.245566458 -0.031405240 0.082776017 -0.073548876 0.225567639 0.039943837 0.970625699
1341846664.862093 -0.243629724 -0.038940407 0.081380419 -0.076105088 0.223820552 0.042434320 0.970727444
1341846664.894198 -0.233978957 -0.025581213 0.080020122 -0.073939689 0.221706212 0.042307455 0.971385300
1341846664.926270 -0.241203785 -0.033241205 0.077435769 -0.076916605 0.225577101 0.042940751 0.970234513
1341846664.962375 -0.249882594 -0.024868727 0.081701234 -0.077104241 0.227233529 0.043520443 0.969807148
1341846664.997077 -0.246356681 -0.026547942 0.077778123 -0.080026090 0.226441830 0.043026436 0.969777644
1341846665.026380 -0.243392318 -0.036425672 0.073997706 -0.085058674 0.226923764 0.042887088 0.969242692
1341846665.062417 -0.251108706 -0.039020911 0.077683255 -0.086740479 0.228642389 0.043058287 0.968681991
1341846665.094077 -0.246372983 -0.023759872 0.075258888 -0.086124778 0.226604044 0.044522438 0.969149590
1341846665.130160 -0.245867848 -0.037115965 0.070520192 -0.093818530 0.229119390 0.046414386 0.967754185
1341846665.162114 -0.255719692 -0.035974704 0.077244334 -0.096853316 0.230240732 0.048186500 0.967102289
1341846665.194100 -0.242521048 -0.030223297 0.072940908 -0.097934812 0.226323053 0.048535317 0.967900336
1341846665.230221 -0.242340133 -0.020707509 0.067373112 -0.101550929 0.228036165 0.050332822 0.967033446
1341846665.262005 -0.256069869 -0.019722721 0.074814603 -0.111142822 0.231396511 0.051793050 0.965101302
1341846665.300077 -0.260415912 -0.016278289 0.078160726 -0.118616074 0.231900245 0.053256024 0.964010537
1341846665.362294 -0.260307908 -0.013914678 0.076446071 -0.128047571 0.235862195 0.053671733 0.961817145
1341846665.398079 -0.251261801 -0.009723836 0.066889361 -0.130126283 0.230737165 0.054308988 0.962745070
1341846665.430162 -0.238244727 -0.036641713 0.051536191 -0.144443110 0.228630736 0.055845145 0.961116791
1341846665.462226 -0.241719991 -0.036489420 0.051787764 -0.154806003 0.232429340 0.058843400 0.958409727
1341846665.498226 -0.248290181 -0.049340829 0.059444621 -0.162811458 0.231803343 0.061106134 0.957092345
1341846665.530109 -0.239904597 -0.048179522 0.063252337 -0.163771033 0.230273306 0.060781084 0.957318604
1341846665.562222 -0.232900396 -0.031362101 0.053800009 -0.160934806 0.230034888 0.061624557 0.957802951
1341846665.598196 -0.240829840 -0.030728303 0.053781681 -0.162116647 0.230002299 0.063204654 0.957508385
1341846665.630107 -0.240469307 -0.021043357 0.053059429 -0.164366618 0.230247796 0.061578348 0.957171738
1341846665.666289 -0.237655908 -0.033940047 0.051692247 -0.170952991 0.231916651 0.062971808 0.955523074
1341846665.698060 -0.251604378 -0.033747453 0.051599026 -0.173482090 0.232728094 0.064567856 0.954763174
1341846665.730361 -0.247128427 -0.032109823 0.047050983 -0.176093668 0.231063083 0.064305626 0.954707086
1341846665.766193 -0.250570774 -0.031842478 0.045457933 -0.180232212 0.233522356 0.064969055 0.953290522
1341846665.798338 -0.253735602 -0.032789037 0.047189690 -0.183727995 0.234546825 0.066220753 0.952284992
1341846665.834237 -0.253138572 -0.027483486 0.039167374 -0.186312675 0.233910277 0.066148788 0.951944292
1341846665.866106 -0.245855048 -0.016764393 0.037643969 -0.190281749 0.234414041 0.066977620 0.950976849
1341846665.898073 -0.243575513 -0.016484395 0.034542002 -0.197354794 0.236239672 0.069252938 0.948918343
1341846665.934076 -0.253807545 0.005020931 0.028134543 -0.197594255 0.236242980 0.071274608 0.948717892
1341846665.966137 -0.253763288 -0.009515315 0.031434499 -0.204784185 0.236276552 0.072979279 0.947053790
1341846665.998149 -0.257764459 -0.012216548 0.031073675 -0.209477201 0.239387304 0.074647963 0.945114136
1341846666.034210 -0.241722241 -0.021699652 0.022648545 -0.210491136 0.235144198 0.078604266 0.945633173
1341846666.072502 -0.246414512 -0.029469332 0.023213793 -0.213200510 0.235342026 0.079287902 0.944919646
1341846666.134147 -0.238751382 -0.032680608 0.018298008 -0.222038373 0.235531077 0.081555091 0.942641437
1341846666.166356 -0.247723207 -0.028336477 0.021830790 -0.222440138 0.235932752 0.081601866 0.942442238
1341846666.202327 -0.248293355 -0.034262873 0.024146946 -0.226353168 0.238304481 0.081434458 0.940927029
1341846666.234319 -0.245276093 -0.026670279 0.017531827 -0.227212265 0.235849619 0.081764512 0.941309869
1341846666.266322 -0.253408313 -0.042847779 0.024874676 -0.234521911 0.235064536 0.082929768 0.939609945
1341846666.302195 -0.250232995 -0.079458162 0.032332569 -0.253392547 0.235539764 0.087452099 0.934165597
1341846666.335080 -0.255498588 -0.049651634 0.026160371 -0.258273810 0.235642940 0.089942046 0.932565033
1341846666.370216 -0.247456089 -0.013342731 0.018692385 -0.257516325 0.229929358 0.089709692 0.934221625
1341846666.402019 -0.260391325 -0.021820700 0.024143878 -0.264642000 0.232542247 0.093466759 0.931210339
1341846666.434088 -0.254325092 -0.027355069 0.030239256 -0.271055579 0.232789293 0.097809523 0.928854883
1341846666.470060 -0.264729649 -0.020899018 0.029120514 -0.270094454 0.231765553 0.101535276 0.928991020
1341846666.502190 -0.259736151 -0.031298339 0.026950374 -0.276963294 0.230819747 0.105748646 0.926731288
1341846666.534121 -0.267287612 -0.045172885 0.031194832 -0.290568233 0.234072238 0.109144501 0.921340227
1341846666.570131 -0.266341299 -0.046529122 0.035114288 -0.298015207 0.232717887 0.112583213 0.918887615
1341846666.602180 -0.269123763 -0.014904791 0.026698286 -0.297592610 0.231607124 0.114557765 0.919061124
1341846666.638072 -0.269277155 -0.020982008 0.029076759 -0.305235416 0.232442826 0.116090700 0.916146696
1341846666.670134 -0.272043407 -0.015076034 0.033372894 -0.307579756 0.231211320 0.117016174 0.915556312
1341846666.738266 -0.269302249 -0.016598700 0.026988741 -0.311604977 0.227735013 0.119736277 0.914714336
1341846666.770390 -0.273962051 -0.019958662 0.032416686 -0.314151853 0.226662293 0.122135021 0.913792014
1341846666.802119 -0.271565408 -0.016895369 0.026689079 -0.314060569 0.222688287 0.124951668 0.914419472
1341846666.838108 -0.268353075 -0.008119098 0.022855338 -0.313970417 0.220660299 0.127096608 0.914646447
1341846666.870483 -0.272327065 -0.005629914 0.019725114 -0.315922558 0.220644936 0.128448829 0.913788617
1341846666.906019 -0.272217333 -0.011937419 0.021469478 -0.320021212 0.219445258 0.130062073 0.912422121
1341846666.937989 -0.270154119 -0.017518181 0.020585800 -0.324500442 0.216451854 0.130982593 0.911422849
1341846666.970036 -0.267744839 -0.017063349 0.016778205 -0.328170896 0.215322495 0.129379779 0.910604775
1341846667.006200 -0.272780836 -0.011694017 0.020308511 -0.330211043 0.215949118 0.128622100 0.909825802
1341846667.038153 -0.287541956 -0.012967904 0.016096968 -0.332039416 0.214252502 0.128160104 0.909626663
1341846667.074153 -0.230365261 0.143367335 -0.045942292 -0.310907543 0.198684916 0.122319356 0.921357095
1341846667.106156 -0.290266544 -0.010366819 0.016344596 -0.345411390 0.213573709 0.124970235 0.905240178
1341846667.138108 -0.287502617 -0.021703351 0.022619117 -0.347500145 0.209618852 0.124937594 0.905369699
1341846667.174105 -0.259954721 -0.004693428 0.007475868 -0.343593925 0.203386247 0.123446085 0.908481359
1341846667.206107 -0.298389226 -0.015444160 0.013496879 -0.343324006 0.213949353 0.114506185 0.907327175
1341846667.238075 -0.189958751 0.046866711 -0.007814359 -0.331647754 0.192109793 0.113975964 0.916576803
1341846667.274016 -0.172473043 0.028772410 -0.016385015 -0.328962624 0.189003646 0.108505599 0.918851316
1341846667.306189 -0.184601530 -0.018169891 0.000831481 -0.329180002 0.195801169 0.104957290 0.917761624
1341846667.342253 -0.122858196 -0.063193977 0.003830945 -0.325281143 0.183592722 0.104941882 0.921668649
1341846667.374345 -0.127360284 -0.021151323 -0.021255830 -0.308299810 0.182696402 0.099089392 0.928307414
1341846667.406982 -0.134060383 -0.082464911 0.013773334 -0.314796537 0.188774645 0.090810448 0.925754130
1341846667.442109 -0.132066727 -0.176125154 0.036961887 -0.321297616 0.190272197 0.097695492 0.922507405
1341846667.474109 -0.152397081 -0.149421781 0.024728414 -0.301693738 0.192692772 0.089686088 0.929412067
1341846667.506006 -0.143188909 -0.097338974 0.014962412 -0.281492412 0.192220911 0.082164764 0.936515987
1341846667.542298 -0.186090395 -0.149008214 0.033988491 -0.275644928 0.198736817 0.072453752 0.937696159
1341846667.574196 -0.201116115 -0.086018987 0.012917206 -0.248498052 0.199495912 0.068212271 0.945408523
1341846667.610099 -0.216120645 -0.074468292 0.019730948 -0.237078503 0.205245882 0.067912243 0.947130322
1341846667.642293 -0.335719943 0.036369033 -0.025714621 -0.204483435 0.224581450 0.064180568 0.950594902
1341846667.674072 -0.332151979 0.034104027 -0.025951017 -0.201558292 0.223828986 0.063057713 0.951471865
1341846667.710179 -0.350575119 0.011489220 -0.009433355 -0.205809861 0.230905160 0.062097203 0.948930562
1341846667.742255 -0.347480267 0.014449336 -0.018300537 -0.200734526 0.230884939 0.060289308 0.950138509
1341846667.774114 -0.356186211 0.020814640 -0.011006247 -0.191504136 0.231687635 0.060667075 0.951822758
1341846667.810099 -0.377796173 0.010509256 -0.027389333 -0.188768744 0.239036530 0.057881549 0.950724781
1341846667.842103 -0.371588081 -0.010657577 0.007543139 -0.190061435 0.241390765 0.056470904 0.949956954
1341846667.878139 -0.384118050 -0.009018429 0.012363430 -0.180374160 0.243430793 0.055687636 0.951370299
1341846667.910558 -0.373481721 -0.019325923 0.010612858 -0.177269652 0.245298803 0.052895278 0.951633453
1341846667.942116 -0.373978108 -0.016822789 0.008155713 -0.172106206 0.248706341 0.051066838 0.951796651
1341846667.978287 -0.378817797 -0.018278698 0.013425842 -0.164390802 0.249766082 0.051354907 0.952866912
1341846668.010215 -0.362029076 -0.027092742 0.013678921 -0.158749521 0.250460535 0.049461704 0.953740895
1341846668.046247 -0.375887275 -0.013651608 0.015745992 -0.147670269 0.256545603 0.045105621 0.954119146
1341846668.078111 -0.376339495 -0.013238749 0.022526277 -0.138650537 0.257531166 0.045156486 0.955204010
1341846668.110130 -0.373476744 -0.016635371 0.017982788 -0.131753787 0.260076702 0.042636335 0.955606222
1341846668.146332 -0.392751604 -0.030680664 0.033295438 -0.127024055 0.266922951 0.041849717 0.954392791
1341846668.178208 -0.388258189 -0.016482277 0.031875655 -0.112363309 0.264381737 0.041603878 0.956946194
1341846668.211262 -0.397392809 -0.013774127 0.041937828 -0.100087255 0.267117471 0.037970129 0.957699895
1341846668.246163 -0.397583038 -0.018798232 0.040937267 -0.088717014 0.268986553 0.035839748 0.958379388
1341846668.278397 -0.391178727 -0.020059001 0.038505256 -0.075215697 0.266255558 0.037884749 0.960216343
1341846668.314248 -0.387885064 -0.027079493 0.038648617 -0.067615137 0.266330898 0.034210104 0.960898399
1341846668.346231 -0.388185412 -0.015074753 0.039302774 -0.059096526 0.268490016 0.033838786 0.960872412
1341846668.378099 -0.391972810 -0.024974301 0.048478767 -0.054882854 0.268826693 0.034720112 0.960996687
1341846668.414247 -0.383485585 -0.013873219 0.042772152 -0.046654526 0.267664164 0.032732464 0.961825311
1341846668.445965 -0.391210318 -0.023843037 0.047850154 -0.040540785 0.270011127 0.032194890 0.961464465
1341846668.478153 -0.405667692 -0.075339727 0.072162814 -0.029944642 0.271407753 0.033501022 0.961415052
1341846668.514213 -0.400388360 -0.060095314 0.050671332 -0.013417310 0.269295335 0.028169544 0.962552130
1341846668.546115 -0.369213551 -0.014800636 0.030717773 0.000923089 0.263327777 0.025857117 0.964359462
1341846668.582467 -0.396671653 -0.061481752 0.050091822 -0.001315362 0.268632680 0.021735076 0.962996542
1341846668.614140 -0.408303171 -0.072838105 0.059784491 0.010079470 0.272650868 0.016778670 0.961914003
1341846668.646312 -0.387893915 -0.037154183 0.039791778 0.028467942 0.266968697 0.014928144 0.963168979
1341846668.682455 -0.384247184 -0.016139869 0.043582998 0.039025247 0.264676988 0.011661228 0.963476598
1341846668.714133 -0.392295122 -0.051209297 0.038949028 0.046038143 0.262254119 0.009960919 0.963848591
1341846668.746132 -0.389804780 -0.031065568 0.028923009 0.056790464 0.259385318 0.005792150 0.964085400
1341846668.782338 -0.395690233 -0.009085128 0.034922980 0.057989821 0.260659575 0.003245899 0.963682115
1341846668.814140 -0.392211854 -0.019390482 0.034851711 0.055511065 0.260703564 0.004874195 0.963809371
1341846668.850214 -0.394250870 -0.014646283 0.034317389 0.056015108 0.259712815 0.004778078 0.964048088
1341846668.882442 -0.393824250 -0.010259677 0.031210229 0.053544618 0.258179486 0.003540043 0.964605570
1341846668.914289 -0.396540612 -0.022014271 0.030520378 0.050688915 0.257557452 0.002213922 0.964929998
1341846668.950088 -0.400446296 -0.016760342 0.032650191 0.052454367 0.254318863 -0.001178635 0.965696156
1341846668.982227 -0.396213353 0.003167504 0.024918783 0.050068714 0.250313073 -0.005462342 0.966854036
1341846669.014062 -0.399442285 -0.000636599 0.027583439 0.040288121 0.250003934 -0.010168612 0.967352867
1341846669.050056 -0.401409119 -0.003467721 0.035037264 0.035060491 0.247045547 -0.013731064 0.968272090
1341846669.082525 -0.396348238 0.005608491 0.031542681 0.029968830 0.242359504 -0.019650679 0.969524443
1341846669.118346 -0.397823185 0.012792374 0.029682934 0.019816030 0.241587698 -0.026855361 0.969804883
1341846669.150086 -0.403651297 -0.002945919 0.031165928 0.010351571 0.239351705 -0.032660954 0.970328212
1341846669.182477 -0.390146554 0.001054227 0.025147080 0.008337514 0.233444512 -0.038778089 0.971560895
1341846669.218046 -0.386108130 0.013436088 0.021511778 0.001094500 0.233444363 -0.046131343 0.971274674
1341846669.250205 -0.391599596 0.005495035 0.027163357 -0.005279594 0.232257754 -0.049204141 0.971394598
1341846669.286114 -0.377690852 0.001402458 0.024108024 -0.007726767 0.228173301 -0.053303279 0.972129643
1341846669.318030 -0.376549840 0.008532833 0.022260945 -0.009998668 0.229559734 -0.058536191 0.971481323
1341846669.350255 -0.394328117 0.004264145 0.024038689 -0.013539293 0.229590565 -0.063715093 0.971105218
1341846669.418200 -0.382936299 0.019540973 0.020529469 -0.024747850 0.225007579 -0.083132491 0.970488667
1341846669.450219 -0.394429266 0.012003217 0.028027803 -0.031886145 0.225515410 -0.092094652 0.969352722
1341846669.486175 -0.384418219 0.019339561 0.014508128 -0.036495011 0.220193505 -0.101599179 0.969464123
1341846669.518033 -0.376198292 0.017259074 0.012938870 -0.046446003 0.220903233 -0.112200461 0.967706323
1341846669.554159 -0.381467462 0.014697650 0.023180181 -0.054372445 0.223021552 -0.120657250 0.965788245
1341846669.586348 -0.377813548 0.018965466 0.016336523 -0.059918743 0.221107140 -0.127442703 0.965028405
1341846669.617976 -0.381009609 0.018382262 -0.000246974 -0.070100568 0.223141357 -0.136248276 0.962668300
1341846669.654096 -0.374791563 0.012588353 0.013262983 -0.076515086 0.226297081 -0.142949581 0.960468888
1341846669.686069 -0.375910938 0.009363970 0.020380428 -0.078536250 0.227970511 -0.147942811 0.959152997
1341846669.718075 -0.377974391 0.022261890 0.004691222 -0.080842599 0.229008138 -0.154629931 0.957658291
1341846669.754171 -0.372634828 0.029446924 -0.001214420 -0.088243179 0.231023207 -0.162681088 0.955183923
1341846669.786139 -0.374876827 0.022910375 0.007854818 -0.095797651 0.233644441 -0.170153782 0.952512860
1341846669.822151 -0.381682336 0.029539576 0.006117569 -0.098850690 0.235612661 -0.176895827 0.950485706
1341846669.854118 -0.381987751 0.039500169 0.008932352 -0.105455987 0.237767100 -0.184909180 0.947710156
1341846669.886219 -0.354474872 0.035828162 -0.004691247 -0.112244852 0.234719485 -0.191923887 0.946294427
1341846669.922050 -0.370864511 0.025456799 0.013973880 -0.118917689 0.239285469 -0.198892310 0.942890763
1341846669.954047 -0.376586348 0.037769180 -0.004783073 -0.123002052 0.240344703 -0.205976009 0.940573692
1341846669.986285 -0.369704515 0.046645515 0.001361659 -0.130786180 0.243102282 -0.213353202 0.937164187
1341846670.022242 -0.369488776 0.039723102 0.010113895 -0.137449384 0.246576920 -0.221619427 0.933376849
1341846670.054135 -0.364947140 0.047080237 -0.000318630 -0.140015393 0.248025164 -0.227144912 0.931281090
1341846670.090228 -0.370687276 0.035615440 -0.002278103 -0.149575174 0.250250429 -0.235426009 0.927133560
1341846670.121996 -0.376949370 0.032723989 0.003186004 -0.157137543 0.255838096 -0.246324107 0.921509206
1341846670.154057 -0.365250081 0.044020869 -0.009021755 -0.160535067 0.258026183 -0.254394650 0.918114603
1341846670.190103 -0.375995934 0.036625590 0.006905571 -0.168724969 0.262352467 -0.261613816 0.913379133
1341846670.222197 -0.386226505 0.030146107 0.000520583 -0.174843118 0.266498655 -0.273332655 0.907577872
1341846670.258571 -0.366420597 0.031306636 -0.017790012 -0.176190376 0.267365873 -0.280369908 0.904911757
1341846670.290254 -0.335981101 0.017172828 -0.044575442 -0.179256126 0.262140065 -0.285524935 0.904226363
1341846670.358377 -0.383030206 0.018038236 -0.019297361 -0.184013888 0.282963246 -0.302352130 0.891433716
1341846670.390114 -0.384913117 0.031696603 0.006526962 -0.183029890 0.292765528 -0.309095502 0.886142492
1341846670.422206 -0.382809013 0.026776023 0.017769963 -0.182489678 0.299259365 -0.317660779 0.881040871
1341846670.464003 -0.401178658 0.022800356 0.011225149 -0.180340558 0.309233040 -0.331605166 0.872863233
1341846670.526271 -0.375708461 0.035335697 -0.019781508 -0.172128439 0.318450779 -0.339959025 0.867979705
1341846670.566977 -0.378842056 0.039697289 -0.017245822 -0.170766547 0.323697805 -0.345940918 0.863934875
1341846670.596103 -0.399796069 0.023509666 -0.008133054 -0.173914894 0.328196317 -0.354165286 0.858258605
1341846670.628412 -0.372428954 0.021295555 -0.031695105 -0.170162424 0.325525999 -0.359046727 0.857999504
1341846670.664027 -0.349855632 0.020466223 -0.044706896 -0.166185051 0.324801266 -0.365654290 0.856261492
1341846670.696002 -0.328228086 0.018228605 -0.071705587 -0.158364654 0.325119048 -0.371079236 0.855288506
1341846670.728093 -0.309809119 0.009036377 -0.084009223 -0.153738499 0.325587213 -0.378452152 0.852720082
1341846670.764128 -0.419042408 -0.002594352 0.011715099 -0.162847534 0.351204127 -0.387903184 0.836461306
1341846670.796059 -0.431343704 0.001010209 0.038589515 -0.160715833 0.360593438 -0.394979715 0.829538345
1341846670.832246 -0.421786726 0.003278732 0.024569400 -0.151642323 0.362567514 -0.394319952 0.830699265
1341846670.863970 -0.420026660 0.000564635 0.002860233 -0.145431638 0.362897426 -0.392391443 0.832576752
1341846670.896139 -0.411465257 0.002412423 0.007439092 -0.139423043 0.367838383 -0.395516068 0.829953730
1341846670.932028 -0.405331075 0.007300764 0.003799453 -0.127014875 0.374386400 -0.392420262 0.830486894
1341846670.964063 -0.393814325 0.007973790 -0.001621127 -0.113681510 0.372996897 -0.386359751 0.835868418
1341846671.000270 -0.381033182 0.014086500 -0.019529656 -0.104893580 0.370702744 -0.391469479 0.835660517
1341846671.032112 -0.361331165 0.014425993 -0.029940277 -0.095228337 0.374308348 -0.396763653 0.832708538
1341846671.064030 -0.356786877 0.014517739 -0.035062328 -0.088144831 0.376537293 -0.398968786 0.831429005
1341846671.101398 -0.362560928 0.022174403 -0.049820483 -0.081678718 0.377190262 -0.406236470 0.828268111
1341846671.132289 -0.415534228 -0.020111620 0.014077231 -0.083623320 0.386024982 -0.420172423 0.816974282
1341846671.168159 -0.421569854 -0.022409633 0.014843494 -0.074589811 0.385989070 -0.424117237 0.815826893
1341846671.200149 -0.413670987 -0.020424902 -0.002630755 -0.061832760 0.379122674 -0.428541660 0.817798734
1341846671.232280 -0.416538745 -0.030368060 -0.021436140 -0.054024350 0.376207501 -0.436832875 0.815307558
1341846671.268147 -0.412328929 -0.023401007 -0.025820941 -0.043561108 0.378731042 -0.440270305 0.812912822
1341846671.300337 -0.415008187 -0.023274422 -0.045300141 -0.035795983 0.374457031 -0.442625672 0.813992143
1341846671.336125 -0.419938833 -0.027483597 -0.052289054 -0.031339508 0.371900678 -0.448622316 0.812062621
1341846671.368236 -0.422808886 -0.025166884 -0.064589351 -0.026060015 0.372328639 -0.452448577 0.809927523
1341846671.400327 -0.406221718 -0.026763454 -0.036738023 -0.021024978 0.368458748 -0.456339657 0.809660614
1341846671.436064 -0.398838133 -0.015240148 -0.048985675 -0.015419946 0.363893837 -0.464441150 0.807240963
1341846671.468197 -0.393757969 -0.003049001 -0.056738317 -0.008797297 0.363722324 -0.467357039 0.805733323
1341846671.504294 -0.418442249 -0.047334388 0.018234178 -0.013260055 0.360054970 -0.475386232 0.802616060
1341846671.536197 -0.424852937 -0.043207511 0.009396747 -0.011008887 0.352810979 -0.486235112 0.799361467
1341846671.568120 -0.433078319 -0.042588413 -0.017945439 -0.007822711 0.348115206 -0.495520324 0.795747578
1341846671.604188 -0.429134130 -0.040975034 -0.022441581 -0.003529523 0.342000067 -0.501010656 0.794991732
1341846671.636057 -0.442405283 -0.045209438 -0.019525453 0.001857547 0.332767546 -0.510337889 0.792980194
1341846671.672157 -0.436630756 -0.032363892 -0.036926046 0.012740058 0.324290812 -0.516947925 0.792109847
1341846671.704027 -0.428202450 -0.031383216 -0.045852557 0.013661052 0.319834888 -0.520607471 0.791509271
1341846671.736479 -0.428668350 -0.027483314 -0.050028294 0.012273342 0.316265851 -0.526151240 0.789297342
1341846671.774745 -0.427291900 -0.031986862 -0.044647470 0.011912012 0.311972588 -0.532562792 0.786707044
1341846671.804605 -0.428727746 -0.029407382 -0.046755001 0.013660291 0.307038397 -0.535584092 0.786568880
1341846671.840252 -0.430265367 -0.029505432 -0.040972084 0.012103491 0.302719176 -0.540977061 0.784575343
1341846671.872106 -0.430886954 -0.027863055 -0.047800049 0.013533722 0.300422758 -0.543951631 0.783377171
1341846671.904035 -0.427575558 -0.023218334 -0.045452029 0.013443039 0.298216879 -0.546188772 0.782664657
1341846671.972239 -0.420786977 -0.021784157 -0.033652946 0.010504461 0.294526309 -0.558237731 0.775573730
1341846672.034218 -0.437259555 -0.027363092 -0.044920921 0.003677033 0.289777488 -0.569831729 0.768965185
1341846672.066227 -0.439042121 -0.030900836 -0.045641094 0.001114717 0.288900822 -0.575514972 0.765060544
1341846672.098024 -0.438229352 -0.036420852 -0.039225504 -0.001427267 0.285444021 -0.579633057 0.763246536
1341846672.134061 -0.446175426 -0.039592832 -0.047056139 -0.003622713 0.282392383 -0.585122824 0.760179460
1341846672.166000 -0.447452724 -0.045726568 -0.050661087 -0.006505373 0.281589150 -0.589762390 0.756865621
1341846672.198405 -0.448000789 -0.051901639 -0.045927629 -0.008811573 0.279910147 -0.594147742 0.754029989
1341846672.234130 -0.444600850 -0.057884514 -0.040142879 -0.008920110 0.276180357 -0.598020017 0.752340972
1341846672.266403 -0.456977189 -0.048493117 -0.063458398 -0.005307142 0.276525170 -0.600503206 0.750267684
1341846672.302710 -0.452588499 -0.046853811 -0.064982235 -0.005859804 0.275201768 -0.601687610 0.749801099
1341846672.335022 -0.452178031 -0.046302170 -0.070874900 -0.007824330 0.273169100 -0.603792965 0.748833418
1341846672.366487 -0.451509565 -0.046951264 -0.074004307 -0.007884022 0.272838831 -0.606324553 0.746905148
1341846672.402478 -0.443968683 -0.041259080 -0.073892593 -0.005032160 0.272942036 -0.605921209 0.747219384
1341846672.434330 -0.438837558 -0.039940387 -0.079428703 -0.004457438 0.272341728 -0.604755342 0.748385668
1341846672.472323 -0.430845886 -0.040447831 -0.080168694 -0.003035995 0.271397054 -0.603771269 0.749529600
1341846672.534812 -0.426081598 -0.038125008 -0.089349180 -0.002160718 0.268616825 -0.601461291 0.752385974
1341846672.570153 -0.442375779 -0.041986644 -0.097095743 -0.007687513 0.269180298 -0.600199580 0.753155589
1341846672.608881 -0.443426818 -0.039747238 -0.096630946 -0.006499247 0.267769963 -0.598394811 0.755103111
1341846672.640836 -0.432908267 -0.034146130 -0.101167530 -0.005596834 0.264705986 -0.595522821 0.758453727
1341846672.708152 -0.430960327 -0.032728851 -0.099140719 -0.002226975 0.263406634 -0.582674623 0.768831789
1341846672.770288 -0.429937392 -0.035914510 -0.083087862 0.004201626 0.260540783 -0.562882721 0.784387589
1341846672.803280 -0.428862810 -0.034608930 -0.082335055 0.008622460 0.258670300 -0.554513931 0.790904284
1341846672.838034 -0.431467086 -0.035664231 -0.073352948 0.011288944 0.256988615 -0.545174956 0.797880828
1341846672.870092 -0.431437284 -0.032742143 -0.079302102 0.013751889 0.253787875 -0.538294852 0.803518116
1341846672.902275 -0.434036732 -0.031032383 -0.073836863 0.016070491 0.251852334 -0.530920923 0.808971703
1341846672.938315 -0.441326976 -0.031537890 -0.078628317 0.016583465 0.249370515 -0.521921813 0.815559268
1341846672.970326 -0.434410065 -0.024036795 -0.070096090 0.018838577 0.247128054 -0.512982070 0.821840823
1341846673.008221 -0.433100790 -0.023162887 -0.072955042 0.019463517 0.245042682 -0.502596557 0.828837752
1341846673.070235 -0.440518677 -0.020133570 -0.064652830 0.018285390 0.244654357 -0.483182490 0.840443134
1341846673.106189 -0.444899619 -0.024543449 -0.060078852 0.021754604 0.242803618 -0.470557898 0.848026216
1341846673.138104 -0.419877112 -0.024615228 -0.063904263 0.028341606 0.236022383 -0.457246453 0.856980681
1341846673.170298 -0.419686466 -0.026461929 -0.060070194 0.030607890 0.233689114 -0.448229939 0.862289131
1341846673.206489 -0.425659657 -0.028411090 -0.053057231 0.034207109 0.231795028 -0.439696878 0.867045343
1341846673.238153 -0.421625167 -0.026436925 -0.056840427 0.039235380 0.227105349 -0.430270910 0.872783363
1341846673.274220 -0.428673565 -0.032273665 -0.047657512 0.041438326 0.225514293 -0.423358947 0.876466393
1341846673.306107 -0.426134855 -0.034477636 -0.037129261 0.046836536 0.223304242 -0.415297061 0.880607724
1341846673.338187 -0.426095724 -0.032365888 -0.033965014 0.052223060 0.220097497 -0.405416131 0.885701776
1341846673.374098 -0.428668857 -0.035076842 -0.036463901 0.057063367 0.218414679 -0.397284389 0.889496446
1341846673.406266 -0.424409181 -0.032172464 -0.037420981 0.063421816 0.216713980 -0.385895073 0.894481838
1341846673.438267 -0.424931526 -0.037172824 -0.016403459 0.069123134 0.213640392 -0.374322444 0.899701357
1341846673.474135 -0.419252664 -0.038885474 -0.013526946 0.076460883 0.210662961 -0.362039626 0.904821694
1341846673.506260 -0.422113180 -0.037512451 -0.014874324 0.082549445 0.208245546 -0.348897278 0.909994602
1341846673.542168 -0.424627006 -0.034134649 -0.022073925 0.085783198 0.203703329 -0.337792903 0.914900064
1341846673.574072 -0.420360267 -0.028814040 -0.041316330 0.088462658 0.199564040 -0.325928867 0.919847250
1341846673.606102 -0.418629438 -0.026504934 -0.041236639 0.090883456 0.195058972 -0.315682888 0.924140990
1341846673.648026 -0.419917822 -0.019675568 -0.036231350 0.092427269 0.189654619 -0.302917153 0.929370522
1341846673.710162 -0.427436978 -0.013065185 -0.028027795 0.088399909 0.181692168 -0.279526234 0.938636541
1341846673.742225 -0.427825004 -0.011216383 -0.036846187 0.089115888 0.175027996 -0.264262885 0.944239736
1341846673.774298 -0.429339886 -0.016779061 -0.033051968 0.089036070 0.168800294 -0.249424189 0.949403346
1341846673.810154 -0.428406298 -0.011303121 -0.038119525 0.090433620 0.163472682 -0.235039890 0.953863084
1341846673.842305 -0.433381855 -0.008547982 -0.041978300 0.091086105 0.157377541 -0.220382452 0.958314836
1341846673.874285 -0.426414132 -0.001303392 -0.041219335 0.090566441 0.152772829 -0.210428417 0.961341798
1341846673.910253 -0.434561253 0.001367566 -0.041721832 0.088110603 0.151005983 -0.197665185 0.964552820
1341846673.942284 -0.432913095 -0.004067615 -0.028830431 0.086977452 0.147249207 -0.187969446 0.967171192
1341846673.978434 -0.425160706 -0.009584405 -0.013664223 0.088188052 0.145811900 -0.178734124 0.969028354
1341846674.016486 -0.428261161 -0.010900593 -0.026592763 0.091456950 0.145987421 -0.169127509 0.970422208
1341846674.052060 -0.430940717 -0.007929300 -0.024187172 0.093800060 0.145337433 -0.159281448 0.971960962
1341846674.084057 -0.416768044 -0.004881465 -0.014360279 0.096918114 0.143881530 -0.151337579 0.973140240
1341846674.152235 -0.428789139 -0.000783668 -0.020810438 0.092413515 0.145827562 -0.134879470 0.975705683
1341846674.210322 -0.414946169 0.014504352 -0.037053786 0.091915257 0.145181134 -0.116433941 0.978221476
1341846674.246217 -0.420209974 0.002763660 -0.003809838 0.087895803 0.146311224 -0.108625509 0.979320109
1341846674.278035 -0.423532844 -0.003104991 -0.005641883 0.089736350 0.144688502 -0.100077868 0.980304599
1341846674.310117 -0.424211502 0.008155217 -0.019921016 0.092213660 0.143488407 -0.091720171 0.981068373
1341846674.346212 -0.423146814 0.006739453 -0.032239370 0.090920784 0.142766759 -0.082886755 0.982079864
1341846674.378058 -0.426103294 -0.000420829 -0.024933919 0.092970394 0.143865541 -0.073673606 0.982461929
1341846674.410162 -0.426795602 0.012179181 -0.027265694 0.096193545 0.143295303 -0.064847432 0.982857168
1341846674.446125 -0.420293570 0.010881825 -0.024451105 0.094823495 0.142852083 -0.058408137 0.983458340
1341846674.478198 -0.415256202 0.004203070 -0.008698110 0.096094459 0.143458053 -0.052237060 0.983593881
1341846674.514124 -0.422828048 0.011882913 -0.021458142 0.097008616 0.143766090 -0.048492525 0.983650923
1341846674.546062 -0.422181040 0.009014669 -0.023484517 0.096768588 0.142572314 -0.043223515 0.984093845
1341846674.578094 -0.426279128 0.008992233 -0.033418659 0.097526960 0.143490732 -0.040431730 0.984004140
1341846674.614179 -0.428824872 0.017659066 -0.022173211 0.098036937 0.145512134 -0.035973012 0.983829737
1341846674.682209 -0.411503315 0.002812352 0.001001231 0.102296844 0.142146856 -0.019865185 0.984344959
1341846674.714186 -0.421585619 0.014136071 -0.014827842 0.105710208 0.143013641 -0.012106945 0.983984768
1341846674.752271 -0.425830334 0.010079220 -0.015863203 0.106958687 0.142513961 -0.002292127 0.983994126
1341846674.814222 -0.424148858 0.013563426 -0.018409941 0.109622762 0.142882258 0.012400568 0.983571947
1341846674.846370 -0.424567550 0.017304210 -0.026493393 0.111872539 0.142468080 0.020524863 0.983242691
1341846674.882158 -0.431866378 0.017524701 -0.031832978 0.112422317 0.143125460 0.026945429 0.982929468
1341846674.914224 -0.425279498 0.026023159 -0.021927973 0.112482093 0.142262876 0.033017378 0.982862651
1341846674.950305 -0.423542082 0.021672089 -0.021694863 0.110697575 0.141784191 0.040012389 0.982874572
1341846674.982342 -0.430432022 0.032700706 -0.027484672 0.109073088 0.140140742 0.044081237 0.983117759
1341846675.014137 -0.437519312 0.043295346 -0.044078689 0.101627067 0.138261780 0.048534706 0.983971536
1341846675.050230 -0.421965063 0.035186410 -0.023933228 0.093012586 0.135480613 0.054817863 0.984880030
1341846675.088201 -0.429412484 0.046810765 -0.034337841 0.088957459 0.136369124 0.056076333 0.985061169
1341846675.150188 -0.441247255 0.091462031 0.006360555 0.070685811 0.141550049 0.055125400 0.985864282
1341846675.182290 -0.413304657 0.060683399 0.018524403 0.052517612 0.140305385 0.066293232 0.986489475
1341846675.218759 -0.433494031 0.052797601 -0.021852246 0.046069182 0.141785532 0.071370639 0.986245811
1341846675.251951 -0.434878141 0.049580459 -0.027479973 0.039049309 0.141535088 0.073589794 0.986421585
1341846675.282406 -0.410588324 0.044108666 0.012020060 0.036704015 0.140661374 0.078787021 0.986235142
1341846675.318078 -0.413672805 0.064010918 0.025899112 0.035570536 0.144965604 0.077902138 0.985723615
1341846675.350149 -0.433342844 0.095729955 0.023751922 0.030810792 0.149231642 0.078001671 0.985239327
1341846675.382271 -0.411383927 0.056928530 0.015736213 0.016902335 0.147868246 0.087680727 0.984967709
1341846675.450238 -0.455151170 0.056076534 0.061058711 0.014705542 0.166141286 0.097910792 0.981118917
1341846675.486165 -0.413686424 0.042469978 0.038791344 0.023974067 0.159186378 0.107913435 0.981040061
1341846675.518083 -0.408161759 0.050942007 0.043988083 0.035507411 0.159935758 0.112818137 0.980016232
1341846675.550092 -0.416362256 0.052476957 0.036614202 0.044841066 0.159313634 0.119475640 0.978945374
1341846675.586070 -0.424230754 0.064055599 0.044749659 0.050388079 0.161988005 0.120910123 0.978060186
1341846675.618075 -0.407213211 0.041215539 0.048913024 0.053612102 0.163975462 0.125743508 0.976947486
1341846675.650024 -0.421647519 0.068666339 0.055786330 0.064711742 0.165232599 0.125095382 0.976146400
1341846675.686118 -0.402886987 0.051829368 0.057298250 0.064766616 0.162804022 0.124074318 0.976680994
1341846675.718055 -0.415493041 0.042233951 0.060823221 0.067681298 0.168417275 0.121876188 0.975807905
1341846675.754170 -0.407781005 0.038616993 0.052841276 0.072492488 0.168162212 0.118260533 0.975951195
1341846675.786330 -0.405415446 0.041041672 0.048877403 0.075992085 0.168837607 0.116650455 0.975762129
1341846675.818106 -0.408345878 0.038791731 0.046372615 0.079007216 0.173496753 0.114655532 0.974941492
1341846675.854095 -0.405942172 0.039253168 0.057100385 0.082466364 0.176729023 0.111426368 0.974448740
1341846675.886163 -0.418402195 0.037438881 0.051265206 0.087396450 0.176719010 0.108979300 0.974297643
1341846675.922346 -0.408129662 0.018310403 0.031891353 0.093829021 0.175448999 0.109595701 0.973859668
1341846675.961651 -0.420565963 0.007446252 0.032500938 0.100345396 0.178580582 0.106003188 0.973038137
1341846676.028080 -0.416467845 -0.003755590 0.041540638 0.116641976 0.178297624 0.093725115 0.972532928
1341846676.122163 -0.395843953 0.056282215 0.002157247 0.130701527 0.168969318 0.086439304 0.973085165
1341846676.154447 -0.388239831 0.042309638 0.007022368 0.126904473 0.169490576 0.087381899 0.973412871
1341846676.190230 -0.383233726 0.049288832 -0.005801656 0.127729788 0.166314960 0.087189220 0.973869920
1341846676.222476 -0.369096935 0.078103408 -0.035052650 0.126331374 0.163989842 0.087457463 0.974422336
1341846676.257017 -0.366000801 0.068426847 -0.029194821 0.117069542 0.167429313 0.087360010 0.975002825
1341846676.290401 -0.353401691 0.060357925 -0.037018403 0.114548825 0.166340694 0.089677766 0.975278020
1341846676.322689 -0.342412442 0.085514516 -0.081654571 0.113750473 0.165458217 0.089764550 0.975513577
1341846676.360815 -0.342640758 0.120648265 -0.077894337 0.106844686 0.170844495 0.088026442 0.975524306
1341846676.390851 -0.328591347 0.077065013 -0.077359773 0.092589170 0.172841549 0.090922505 0.976363719
1341846676.424250 -0.308206737 0.076866314 -0.084088050 0.094695672 0.173555449 0.091547206 0.975976646
1341846676.459033 -0.310932517 0.098285161 -0.102752484 0.095161662 0.177609846 0.093432136 0.975022793
1341846676.490669 -0.315265805 0.089128852 -0.105971523 0.089783877 0.181659117 0.095315151 0.974604487
1341846676.532743 -0.301097602 0.087306388 -0.116618097 0.088592179 0.184148401 0.097196057 0.974060416
1341846676.564052 -0.301865786 0.105734445 -0.123164296 0.088585012 0.188362330 0.097811341 0.973193347
1341846676.596566 -0.297025979 0.100727163 -0.119232953 0.084056742 0.190224797 0.098003894 0.973213375
1341846676.632057 -0.286005110 0.099300519 -0.122757293 0.081783690 0.192494765 0.094852448 0.973272920
1341846676.690079 -0.284465164 0.100835890 -0.143183619 0.080279194 0.196619511 0.092363864 0.972812951
1341846676.726102 -0.271002352 0.101387203 -0.148990452 0.080035485 0.198996156 0.089799181 0.972589850
1341846676.758419 -0.269498616 0.095039137 -0.149549365 0.081637874 0.202701002 0.089733958 0.971697211
1341846676.790227 -0.273372144 0.101561926 -0.151286602 0.083507299 0.204464063 0.088962071 0.971239805
1341846676.826179 -0.267158031 0.101816557 -0.161099479 0.083377197 0.207804069 0.087874182 0.970640957
1341846676.858331 -0.269964904 0.101840496 -0.155114591 0.084927045 0.212443963 0.087804049 0.969507873
1341846676.894086 -0.268828034 0.108559772 -0.155079722 0.086400837 0.211019605 0.089523509 0.969531476
1341846676.926062 -0.255332977 0.111047313 -0.160914466 0.085751899 0.210256740 0.088413082 0.969856620
1341846676.958080 -0.253749937 0.106925696 -0.159762114 0.085347071 0.212137148 0.088620037 0.969463944
1341846676.994140 -0.259349316 0.105513841 -0.163455933 0.086657397 0.211085692 0.089327618 0.969512284
1341846677.026242 -0.251202136 0.110529885 -0.166380316 0.087424360 0.209387302 0.088844985 0.969855964
1341846677.094244 -0.253704399 0.108310983 -0.165195435 0.084945835 0.209345147 0.088101424 0.970153093
1341846677.126108 -0.244695589 0.103093438 -0.169674352 0.086336277 0.206919819 0.089187197 0.970451415
1341846677.162066 -0.244833618 0.106490739 -0.173150748 0.088467531 0.207520440 0.088765681 0.970169842
1341846677.194068 -0.248759076 0.113686219 -0.171804622 0.088478118 0.207192913 0.088496737 0.970263422
1341846677.226206 -0.232212245 0.106886968 -0.178043768 0.086798444 0.205549046 0.088646859 0.970750928
1341846677.262033 -0.232508704 0.098446399 -0.182553247 0.088669360 0.208276257 0.089099184 0.969958842
1341846677.294125 -0.240784392 0.110377595 -0.180466801 0.091391452 0.207948118 0.088562518 0.969825745
1341846677.326503 -0.229482427 0.111135408 -0.184690282 0.089545071 0.206969813 0.088446490 0.970217705
1341846677.362194 -0.224727005 0.101415969 -0.183141544 0.088811353 0.209671453 0.088693395 0.969682395
1341846677.394280 -0.228568524 0.104272336 -0.183877543 0.090724148 0.210152864 0.089288041 0.969346523
1341846677.430058 -0.219588488 0.106680900 -0.187557980 0.090773568 0.210348904 0.088476107 0.969373763
1341846677.468326 -0.211391240 0.102618337 -0.188100860 0.091104157 0.212309316 0.088201299 0.968940377
1341846677.530161 -0.210492685 0.103318676 -0.190926328 0.094949059 0.215237439 0.085784487 0.968141854
1341846677.562051 -0.210788190 0.101681203 -0.192124024 0.095541500 0.218412116 0.084106654 0.967519581
1341846677.594105 -0.211094171 0.100796774 -0.189763546 0.095787942 0.219543397 0.083473101 0.967293978
1341846677.630227 -0.208340034 0.099788100 -0.192650974 0.095801108 0.220041066 0.082269624 0.967282772
1341846677.662033 -0.209219918 0.101652697 -0.192525685 0.096895859 0.221564472 0.082090780 0.966840982
1341846677.730320 -0.207347646 0.103294864 -0.194229126 0.096432239 0.221444651 0.082551360 0.966875613
1341846677.763691 -0.209699735 0.100115895 -0.194952115 0.097375244 0.222725525 0.082301542 0.966508150
1341846677.798630 -0.215721205 0.106752127 -0.192107067 0.098055266 0.221736789 0.081392556 0.966743648
1341846677.830104 -0.202580005 0.101475671 -0.193313509 0.096799023 0.221145719 0.080669172 0.967066228
1341846677.862185 -0.201405898 0.093708605 -0.195339605 0.098246850 0.223289996 0.079309568 0.966539860
1341846677.898344 -0.208696887 0.093854412 -0.196777895 0.101573013 0.223947927 0.079323150 0.966042519
1341846677.930181 -0.201051056 0.097605348 -0.199960887 0.103719346 0.223262995 0.077426411 0.966126859
1341846677.966256 -0.195781812 0.089092031 -0.204916328 0.105232455 0.224574447 0.077430904 0.965658784
1341846677.998516 -0.204571158 0.085637875 -0.201149791 0.109879129 0.225248739 0.077415474 0.964985311
1341846678.030368 -0.204592392 0.091021121 -0.202829957 0.113421269 0.223128140 0.076710530 0.965124369
1341846678.066187 -0.198770896 0.089406386 -0.207458794 0.114662416 0.223753646 0.075055011 0.964963019
1341846678.098076 -0.204815269 0.084388018 -0.204376742 0.115972042 0.224388674 0.076022096 0.964583337
1341846678.134082 -0.197614998 0.085443810 -0.218946084 0.117526092 0.219911635 0.075830817 0.965440929
1341846678.166092 -0.189708740 0.085069008 -0.222745910 0.118342765 0.219736695 0.074349932 0.965496242
1341846678.204293 -0.194647819 0.079973713 -0.226524591 0.119286619 0.220473617 0.074489616 0.965201259
1341846678.266209 -0.194190785 0.081402183 -0.228860244 0.123502187 0.217442483 0.073761635 0.965414584
1341846678.298316 -0.200675994 0.085004486 -0.226218536 0.124387920 0.216993526 0.073275402 0.965438843
1341846678.334135 -0.199385554 0.079959765 -0.230876610 0.123754308 0.214936763 0.073394619 0.965971172
1341846678.366593 -0.189159185 0.076706745 -0.225586832 0.125196546 0.214289382 0.073157206 0.965947151
1341846678.402292 -0.195607916 0.077077113 -0.226973504 0.126765758 0.214930460 0.072761454 0.965629935
1341846678.439991 -0.187394068 0.077719167 -0.228360996 0.127510637 0.214140311 0.073079459 0.965683401
