1341845820.751833 0.0000000 0.0000000 0.0000000 -0.0000000 -0.0000000 -0.0000000 1.0000000
1341845821.755681 0.0000558 -0.0142080 0.0103555 0.0077802 0.0148609 -0.0006489 0.9998591
1341845822.289876 -0.0200333 -0.0175886 0.0012587 0.0112838 0.0163806 -0.0033955 0.9997964
1341845824.165751 -0.2425655 -0.0514411 0.0066534 0.0203464 0.0398185 0.0057349 0.9989833
1341845826.115655 -0.5352231 -0.0879674 0.0083249 0.0233259 -0.0209588 0.0456701 0.9984642
1341845826.884460 -0.5701124 -0.0718369 0.0120385 -0.0078029 -0.0394718 0.0547882 0.9976870
1341845826.945792 -0.5564948 -0.0510929 0.0319275 -0.0174403 -0.0326037 0.0467792 0.9982207
1341845827.045694 -0.5527098 -0.0344787 0.0275939 -0.0260634 -0.0307928 0.0577126 0.9975178
1341845827.213974 -0.5591324 -0.0587097 0.0316280 -0.0435191 -0.0247960 0.0527671 0.9973499
1341845827.313888 -0.5551243 -0.0567140 0.0379729 -0.0484467 -0.0182333 0.0532899 0.9972365
1341845827.449725 -0.5553603 -0.0550405 0.0404430 -0.0433735 -0.0176010 0.0517514 0.9975624
1341845827.959777 -0.4990980 -0.0571518 0.0539732 -0.0316882 0.0024802 0.0529673 0.9980903
1341845828.259785 -0.4585305 -0.0451373 0.0734825 -0.0308039 0.0237548 0.0559239 0.9976770
1341845828.359694 -0.4438334 -0.0388646 0.0654063 -0.0290689 0.0284949 0.0574067 0.9975207
1341845828.427803 -0.4338465 -0.0448411 0.0551532 -0.0292393 0.0319794 0.0597717 0.9972711
1341845828.757706 -0.3824276 -0.0411168 0.0550568 -0.0322720 0.0430783 0.0633972 0.9965358
1341845828.857781 -0.3822396 -0.0301912 0.0732910 -0.0311148 0.0428171 0.0681157 0.9962724
1341845829.063840 -0.3446080 -0.0268791 0.0559115 -0.0299284 0.0356215 0.0658792 0.9967424
1341845829.193669 -0.3189318 -0.0352802 0.0513769 -0.0291635 0.0380699 0.0675383 0.9965635
1341845829.225742 -0.3150300 -0.0369129 0.0601079 -0.0256578 0.0379612 0.0698187 0.9965069
1341845829.293851 -0.3046639 -0.0339507 0.0467891 -0.0204118 0.0360096 0.0688053 0.9967710
1341845829.493662 -0.2741897 -0.0375991 0.0435739 -0.0079083 0.0254631 0.0666353 0.9974211
1341845829.625785 -0.2555275 -0.0470297 0.0218027 -0.0068145 0.0230908 0.0635757 0.9976866
1341845829.761817 -0.2364370 -0.0394634 0.0232089 -0.0053514 0.0184411 0.0551976 0.9982908
1341845829.861640 -0.2220325 -0.0245952 0.0179949 -0.0018491 0.0117013 0.0497041 0.9986938
1341845830.865751 -0.0235549 -0.0021554 0.0135997 0.0218949 0.0033254 0.0553031 0.9982240
1341845832.309916 0.2210654 0.0308842 0.0076482 -0.0091277 0.0293601 0.0348020 0.9989212
1341845832.677817 0.2744918 0.0549192 0.0016277 -0.0204462 0.0253741 0.0424851 0.9985656
1341845832.777849 0.2961632 0.0525046 -0.0008012 -0.0226753 0.0276835 0.0462701 0.9982878
1341845833.113636 0.3526625 0.0636888 -0.0124635 -0.0301408 0.0373096 0.0491247 0.9976404
1341845833.181891 0.3753480 0.0748239 -0.0214021 -0.0332965 0.0402650 0.0473501 0.9975110
1341845833.213878 0.3707402 0.0618458 -0.0226766 -0.0358106 0.0423680 0.0472391 0.9973420
1341845833.245714 0.3697075 0.0613808 -0.0145833 -0.0341635 0.0413856 0.0476480 0.9974216
1341845833.281847 0.3896067 0.0534988 -0.0206067 -0.0315436 0.0402942 0.0494479 0.9974650
1341845833.449819 0.4101236 0.0664634 -0.0267943 -0.0319432 0.0489360 0.0518060 0.9969459
1341845833.681671 0.4354672 0.0655900 -0.0248807 -0.0329054 0.0456789 0.0513340 0.9970935
1341845833.717606 0.4350225 0.0736845 -0.0190244 -0.0309642 0.0440806 0.0555139 0.9970037
1341845833.849860 0.4458720 0.0679377 -0.0259115 -0.0366581 0.0405075 0.0523311 0.9971343
1341845834.185736 0.4232369 0.0655136 -0.0221803 -0.0423483 0.0477539 0.0426473 0.9970494
1341845834.321783 0.4063823 0.0619374 -0.0106952 -0.0469178 0.0445951 0.0387329 0.9971508
1341845834.355135 0.3978057 0.0540331 -0.0148970 -0.0423480 0.0456447 0.0405625 0.9972352
1341845834.453840 0.3704375 0.0639877 -0.0052057 -0.0388725 0.0473029 0.0382482 0.9973909
1341845834.689847 0.3228115 0.0617993 -0.0197205 -0.0432631 0.0422285 0.0307712 0.9976965
1341845835.661923 0.0598489 0.0191680 -0.0081847 -0.0214919 -0.0142411 0.0293714 0.9992360
1341845836.235687 -0.0522360 0.0021032 -0.0208043 -0.0001283 -0.0211937 0.0384248 0.9990367
1341845836.739779 -0.1139585 -0.0294612 -0.0293278 0.0119827 -0.0187694 0.0496906 0.9985164
1341845837.879790 -0.0972552 -0.2702742 -0.0206504 0.0380867 0.0344625 0.0183456 0.9985115
1341845839.013907 -0.0648559 -0.4005201 -0.0209010 0.0023432 0.0599886 -0.0149583 0.9980842
1341845839.345945 -0.0512478 -0.4334812 -0.0229233 0.0035810 0.0688430 -0.0141555 0.9975207
1341845840.149796 -0.0577408 -0.3682472 -0.0056717 -0.0167656 0.0630838 -0.0040495 0.9978592
1341845840.753824 -0.1126332 -0.3061503 0.0326201 -0.0509991 0.0497762 -0.0063108 0.9974375
1341845840.789783 -0.1096627 -0.3035884 0.0272787 -0.0485483 0.0461846 -0.0050970 0.9977395
1341845840.821733 -0.1061753 -0.2942780 0.0217688 -0.0461874 0.0471376 -0.0062165 0.9978006
1341845840.957782 -0.1087426 -0.2718798 0.0112840 -0.0477258 0.0500094 -0.0058402 0.9975907
1341845841.057797 -0.1151730 -0.2716948 0.0212448 -0.0463496 0.0534211 -0.0056183 0.9974800
1341845841.862456 -0.1250070 -0.1407250 0.0408267 -0.0148984 0.0361858 0.0062443 0.9992145
1341845842.095648 -0.1166582 -0.1081874 0.0315177 -0.0090724 0.0292463 0.0125065 0.9994528
1341845843.407961 -0.1399891 0.0678563 0.0513761 -0.0038048 0.0167808 0.0351399 0.9992343
1341845844.541734 -0.1439269 0.2626328 0.0787949 -0.0055614 0.0500566 0.0518249 0.9973854
1341845844.947016 -0.1686910 0.3202505 0.0871874 -0.0163872 0.0114134 0.0500890 0.9985451
1341845846.117753 -0.1433828 0.5164896 0.1031392 -0.0434859 -0.0009126 0.0165967 0.9989158
1341845846.217670 -0.1322770 0.5524859 0.1033196 -0.0420911 -0.0051141 0.0217741 0.9988634
1341845846.453757 -0.1443310 0.5791005 0.0943974 -0.0614201 0.0000200 0.0283734 0.9977087
1341845846.721930 -0.1338206 0.6057596 0.0882394 -0.0723945 0.0045961 0.0211886 0.9971404
1341845846.921756 -0.1344951 0.5582204 0.0889372 -0.0641372 0.0056842 0.0197309 0.9977298
1341845847.089677 -0.1266384 0.5238235 0.0835454 -0.0481244 -0.0034922 0.0186077 0.9986619
1341845847.257718 -0.1400687 0.4582469 0.0816316 -0.0374611 0.0058024 0.0207630 0.9990655
1341845847.357899 -0.1297909 0.4376726 0.0788717 -0.0311714 0.0055435 0.0179224 0.9993380
1341845847.489945 -0.1263700 0.3889120 0.0697094 -0.0302131 0.0066527 0.0174851 0.9993684
1341845847.657670 -0.1203526 0.3359342 0.0542000 -0.0343222 0.0006041 0.0133122 0.9993220
1341845848.839757 -0.1207871 0.1288124 -0.0238511 -0.0321748 -0.0134723 0.0299051 0.9989439
1341845850.276369 -0.1406220 0.1369081 0.3218173 -0.0299983 0.0264895 0.0066690 0.9991767
1341845850.380151 -0.1382412 0.1368804 0.3577427 -0.0340925 0.0233772 0.0022696 0.9991426
1341845851.009834 -0.1216898 0.1436649 0.4636300 -0.0244249 0.0279801 0.0132511 0.9992222
1341845851.377718 -0.1192615 0.1540468 0.5295026 -0.0257202 0.0232437 0.0151033 0.9992848
1341845852.449741 -0.1013076 0.1533814 0.5270655 -0.0268699 0.0265364 0.0165662 0.9991494
1341845852.953977 -0.1297898 0.1515520 0.4171703 -0.0307687 0.0239367 0.0212683 0.9990135
1341845853.021716 -0.1420286 0.1644003 0.3864062 -0.0303429 0.0240959 0.0179678 0.9990875
1341845854.361687 -0.2154268 0.1790007 0.0826384 -0.0291443 0.0186995 0.0160676 0.9992711
1341845854.497796 -0.2149125 0.1723218 0.0787218 -0.0282415 0.0229967 0.0214846 0.9991056
1341845854.529719 -0.2138968 0.1788213 0.0681994 -0.0247591 0.0230694 0.0236208 0.9991481
1341845854.561884 -0.2159926 0.1766479 0.0668632 -0.0265723 0.0247696 0.0203611 0.9991325
1341845854.662835 -0.2181342 0.1730187 0.0591971 -0.0283397 0.0213703 0.0109335 0.9993101
1341845854.897712 -0.2120510 0.1737446 0.0241456 -0.0240602 0.0183777 0.0033596 0.9995359
1341845854.997629 -0.2166061 0.1693885 0.0066720 -0.0258604 0.0201208 0.0063904 0.9994426
1341845855.265823 -0.2290985 0.1662712 -0.0326109 -0.0317113 0.0089273 0.0106029 0.9994010
1341845856.673977 -0.2490773 0.1715399 -0.1657145 -0.0281571 -0.0008930 0.0248091 0.9992952
1341845856.741736 -0.2497666 0.1598698 -0.1583675 -0.0293399 -0.0027290 0.0288943 0.9991481
1341845856.773960 -0.2473409 0.1719937 -0.1740387 -0.0261738 -0.0014839 0.0273072 0.9992833
1341845856.915904 -0.2506277 0.1774685 -0.1778252 -0.0328532 -0.0004942 0.0236468 0.9991803
1341845857.077896 -0.2487919 0.1763853 -0.1861967 -0.0333949 0.0016654 0.0307504 0.9989676
1341845857.309994 -0.2415073 0.1679377 -0.2131317 -0.0355357 0.0054838 0.0194323 0.9991644
1341845857.477853 -0.2431549 0.1633771 -0.2212397 -0.0374257 0.0030623 0.0190315 0.9991135
1341845857.613882 -0.2329774 0.1589338 -0.2215997 -0.0344160 0.0057990 0.0187571 0.9992148
1341845857.646056 -0.2314757 0.1615804 -0.2302649 -0.0323842 0.0080580 0.0199528 0.9992439
1341845858.013803 -0.2160608 0.1572694 -0.2663919 -0.0388453 0.0140447 0.0179782 0.9989848
1341845858.081715 -0.2145824 0.1680820 -0.2793424 -0.0414813 0.0119925 0.0186020 0.9988941
1341845858.181831 -0.2133633 0.1607192 -0.2791616 -0.0519629 0.0086153 0.0205733 0.9983999
1341845858.317768 -0.2105061 0.1613818 -0.2774601 -0.0550641 0.0042275 0.0184092 0.9983042
1341845858.618138 -0.2006507 0.1620509 -0.3056599 -0.0522464 -0.0006966 0.0094731 0.9985891
1341845859.589783 -0.1730022 0.1396431 -0.3478831 -0.0708036 0.0255809 -0.0136027 0.9970694
1341845859.689869 -0.1741251 0.1315007 -0.3509371 -0.0700938 0.0337014 -0.0131645 0.9968840
1341845859.789818 -0.1697530 0.1305750 -0.3538185 -0.0637159 0.0379665 -0.0101590 0.9971939
1341845859.857647 -0.1684487 0.1298837 -0.3565162 -0.0571532 0.0373505 -0.0071678 0.9976408
1341845859.893646 -0.1644341 0.1377226 -0.3573819 -0.0557964 0.0381801 -0.0075294 0.9976835
1341845859.925740 -0.1680272 0.1352100 -0.3585683 -0.0564351 0.0387753 -0.0091472 0.9976111
1341845860.125763 -0.1739674 0.1246206 -0.3550120 -0.0482891 0.0248773 -0.0162380 0.9983916
1341845860.193724 -0.1774341 0.1244839 -0.3592321 -0.0459939 0.0171975 -0.0173286 0.9986433
1341845860.871717 -0.1785900 0.1264320 -0.3799502 -0.0400691 -0.0324302 -0.0240825 0.9983801
1341845861.029961 -0.1722943 0.1292843 -0.3718114 -0.0377444 -0.0391843 -0.0272282 0.9981475
1341845861.233683 -0.1666851 0.1288706 -0.3666840 -0.0375531 -0.0343582 -0.0305098 0.9982377
1341845861.333616 -0.1679432 0.1335799 -0.3618641 -0.0375044 -0.0325603 -0.0287567 0.9983518
1341845861.407792 -0.1707833 0.1267984 -0.3665330 -0.0364426 -0.0328421 -0.0273602 0.9984211
1341845861.739782 -0.1593807 0.1259331 -0.3453105 -0.0296768 -0.0327687 -0.0328479 0.9984821
1341845862.207672 -0.1446436 0.1297229 -0.3385663 -0.0286491 -0.0266676 -0.0397067 0.9984445
1341845862.511723 -0.1300739 0.1282049 -0.3259799 -0.0271775 -0.0116121 -0.0229350 0.9993001
1341845862.712299 -0.1354955 0.1298940 -0.3204465 -0.0264186 -0.0025843 -0.0214187 0.9994181
