1341845688.561749 0.000000000 0.000000000 0.000000000 -0.000000000 -0.000000000 -0.000000000 1.000000000
1341845688.593654 -0.004163888 -0.001757639 -0.001694571 0.000701162 -0.002653911 0.003426200 0.999990404
1341845688.629688 -0.011024641 0.001557500 -0.010363774 0.002497185 -0.006692105 0.007512117 0.999946296
1341845688.663680 -0.008588188 0.001155371 -0.010416557 0.004247794 -0.012688423 0.013226150 0.999822974
1341845688.697719 -0.012200248 -0.003113257 -0.015882801 0.006874191 -0.017612474 0.018945972 0.999641776
1341845688.729899 -0.014470835 0.003799996 -0.016014569 0.012254037 -0.023862589 0.020897666 0.999421716
1341845688.761762 -0.009047646 0.008566896 -0.012982468 0.015036443 -0.027518431 0.021649340 0.999273717
1341845688.797687 -0.006834500 0.017626759 -0.014867387 0.017742524 -0.026770392 0.019937193 0.999285340
1341845688.829892 -0.006192243 0.020278025 -0.015437985 0.017752236 -0.024942473 0.018803628 0.999354362
1341845688.865774 -0.013144757 0.020034036 -0.018594420 0.017098036 -0.023653064 0.019639719 0.999381125
1341845688.929779 -0.020036254 0.025459886 -0.027252004 0.017755669 -0.029436985 0.022235617 0.999161601
1341845688.965631 -0.019713830 0.032517813 -0.023531331 0.018632386 -0.032348342 0.020220552 0.999098361
1341845688.997750 -0.013160056 0.045376342 -0.023499250 0.019133193 -0.033158470 0.016722579 0.999127030
1341845689.029751 -0.015149686 0.055476267 -0.023077851 0.016687937 -0.030211022 0.010702007 0.999346912
1341845689.065755 -0.023146700 0.060627256 -0.028733490 0.013614570 -0.027154628 0.009412126 0.999494255
1341845689.097725 -0.018478714 0.061174672 -0.026295770 0.009706073 -0.027545763 0.013230935 0.999485910
1341845689.133718 -0.018386280 0.059740461 -0.025981061 0.006520997 -0.026543224 0.015312900 0.999509156
1341845689.165884 -0.022476908 0.064243615 -0.028251085 0.004377691 -0.025076382 0.018784026 0.999499500
1341845689.198264 -0.020794075 0.066179961 -0.026515057 0.001164984 -0.025204374 0.021240821 0.999455988
1341845689.234322 -0.018989393 0.065447189 -0.028083852 -0.001331982 -0.024617879 0.023474207 0.999420464
1341845689.265745 -0.023951005 0.049599286 -0.044755045 -0.004812527 -0.022768499 0.023209624 0.999459743
1341845689.297769 -0.027074829 0.049847327 -0.046145231 -0.006134838 -0.022606196 0.022973802 0.999461651
1341845689.333650 -0.027128926 0.047898818 -0.044531155 -0.007269962 -0.021557381 0.022424433 0.999489665
1341845689.365881 -0.029355993 0.043230560 -0.047893882 -0.007826814 -0.020805808 0.022304563 0.999504089
1341845689.401592 -0.021616511 0.052085198 -0.045742121 -0.005615773 -0.023104751 0.023553833 0.999439776
1341845689.433744 -0.026038155 0.054646913 -0.043753989 -0.004627198 -0.023639733 0.023079054 0.999443471
1341845689.465651 -0.035434265 0.050241396 -0.044496279 -0.002268131 -0.023470566 0.022970401 0.999458015
1341845689.501840 -0.026148045 0.046948642 -0.052095074 0.000793825 -0.027612314 0.019914636 0.999419987
1341845689.533687 -0.029588250 0.050372679 -0.047980770 0.003676968 -0.029134417 0.015066788 0.999455214
1341845689.565814 -0.027272370 0.046828002 -0.050759796 0.005327388 -0.029370416 0.011899513 0.999483585
1341845689.601682 -0.026370397 0.044700850 -0.056888245 0.007598931 -0.031101247 0.009177819 0.999445260
1341845689.633591 -0.035411127 0.049816575 -0.057007410 0.010400388 -0.032842737 0.004296514 0.999397218
1341845689.669672 -0.041462157 0.047000106 -0.060183536 0.010787408 -0.033454373 0.002767828 0.999378204
1341845689.701700 -0.028289203 0.052530337 -0.058246918 0.012569438 -0.037972968 0.003598491 0.999193251
1341845689.733773 -0.028653687 0.056511316 -0.055668429 0.013433049 -0.040791266 0.002504108 0.999074280
1341845689.769822 -0.027614670 0.055180535 -0.056897238 0.013466945 -0.042676836 0.001552966 0.998996973
1341845689.802003 -0.031269766 0.051834095 -0.054272965 0.013404727 -0.043939244 0.000854068 0.998943985
1341845689.833757 -0.032161675 0.053511582 -0.060020804 0.014132410 -0.046341144 -0.001209328 0.998825014
1341845689.869861 -0.033109646 0.054510355 -0.057088457 0.015309785 -0.048549652 -0.002789942 0.998699546
1341845689.901825 -0.035163987 0.052878655 -0.056635693 0.015266161 -0.049893949 -0.002362158 0.998635113
1341845689.937674 -0.035495609 0.052646015 -0.059532657 0.016232453 -0.052382968 -0.001882371 0.998493373
1341845689.969679 -0.032229334 0.052911889 -0.058904078 0.016540688 -0.054295149 -0.002143773 0.998385608
1341845690.003830 -0.032944549 0.055101916 -0.058358282 0.016659927 -0.054236569 -0.001590693 0.998387873
1341845690.037686 -0.033442345 0.052964255 -0.047331739 0.016675483 -0.054388508 -0.004260399 0.998371542
1341845690.069636 -0.031245662 0.049966753 -0.060403917 0.016381124 -0.054484487 -0.004021958 0.998372197
1341845690.106587 -0.035221800 0.051354650 -0.059691586 0.016502241 -0.053989746 -0.003386399 0.998399436
1341845690.138859 -0.032956425 0.052937344 -0.047627132 0.016761437 -0.055061501 -0.004882851 0.998330355
1341845690.169919 -0.030356418 0.049976401 -0.058203455 0.016173894 -0.054747354 -0.003343340 0.998363674
1341845690.206103 -0.031116983 0.053176749 -0.052628029 0.016512040 -0.054464150 -0.004200759 0.998370409
1341845690.237700 -0.033578426 0.052498560 -0.048817821 0.015691672 -0.054708920 -0.004289431 0.998369873
1341845690.269981 -0.032296196 0.051306572 -0.059257790 0.015899638 -0.056137629 -0.003943714 0.998288691
1341845690.306143 -0.031950347 0.049612522 -0.059601042 0.016173702 -0.057269473 -0.005379110 0.998213291
1341845690.338646 -0.032783791 0.051141564 -0.061948858 0.015704248 -0.057328884 -0.004679314 0.998220861
1341845690.373833 -0.033592138 0.051842421 -0.060330082 0.014591754 -0.057614088 -0.004486873 0.998222291
1341845690.405976 -0.031299379 0.049501833 -0.059133932 0.014452808 -0.058113318 -0.005488069 0.998190343
1341845690.437908 -0.028338647 0.049721632 -0.058601882 0.014662109 -0.058136333 -0.005668875 0.998184979
1341845690.473654 -0.031157106 0.050755672 -0.063007481 0.014469036 -0.058195405 -0.003944077 0.998192608
1341845690.505978 -0.031769939 0.054424830 -0.057132460 0.015505593 -0.059977736 -0.003464417 0.998073280
1341845690.537884 -0.030653074 0.057725903 -0.050576206 0.016659582 -0.060756393 -0.004754887 0.998002291
1341845690.573708 -0.029167889 0.054004859 -0.057593405 0.015276170 -0.059077524 -0.005359494 0.998122156
1341845690.605848 -0.033513300 0.051714230 -0.057104707 0.014663685 -0.057975564 -0.003262070 0.998205006
1341845690.641747 -0.031883325 0.050083086 -0.057489827 0.015389588 -0.058586244 -0.004171229 0.998155057
1341845690.673751 -0.027802112 0.054889038 -0.052494008 0.015941856 -0.058817051 -0.004640910 0.998130679
1341845690.706003 -0.028766550 0.053666830 -0.052415609 0.016021550 -0.057285458 -0.004332689 0.998219907
1341845690.741684 -0.031035068 0.053585894 -0.052007612 0.017059021 -0.056438386 -0.004809603 0.998248816
1341845690.773770 -0.027946247 0.051218621 -0.053113345 0.017050661 -0.056086991 -0.004771819 0.998268902
1341845690.805715 -0.030254865 0.051463161 -0.051914420 0.017401943 -0.054706540 -0.004208567 0.998341978
1341845690.841674 -0.029099360 0.053891845 -0.049573932 0.018019801 -0.054379746 -0.003853040 0.998350263
1341845690.873770 -0.027524894 0.050869763 -0.054292679 0.017199324 -0.053755220 -0.005517851 0.998390794
1341845690.909837 -0.024435343 0.047892556 -0.053066142 0.016333127 -0.053272098 -0.004796847 0.998435020
1341845690.941576 -0.024746465 0.049044091 -0.054804355 0.016326696 -0.053079564 -0.004501775 0.998446703
1341845690.973879 -0.021876439 0.047988113 -0.052666400 0.016281629 -0.053227741 -0.004076001 0.998441339
1341845691.011558 -0.024540639 0.049824100 -0.051045440 0.016380213 -0.051948875 -0.003266226 0.998510122
1341845691.077986 -0.025435632 0.046280440 -0.053659216 0.016459741 -0.051796257 -0.003764065 0.998514950
1341845691.109685 -0.024783390 0.046358641 -0.044644903 0.017239194 -0.051563669 -0.004116274 0.998512506
1341845691.141759 -0.019953718 0.046089549 -0.042845961 0.017785838 -0.050827574 -0.004344256 0.998539686
1341845691.177729 -0.020099189 0.048581481 -0.050634898 0.018458759 -0.051075950 -0.005334966 0.998510003
1341845691.209644 -0.017474364 0.050110295 -0.049627844 0.018812232 -0.051687803 -0.006783148 0.998463094
1341845691.241757 -0.018349012 0.051197305 -0.040249251 0.019151922 -0.050457608 -0.006937082 0.998518467
1341845691.277595 -0.021122396 0.049435794 -0.047769338 0.019396918 -0.049927082 -0.005239570 0.998550832
1341845691.310138 -0.024631191 0.053703800 -0.044738363 0.020749750 -0.051408559 -0.006971685 0.998437822
1341845691.345620 -0.018758351 0.049907431 -0.049121264 0.019805869 -0.051775407 -0.008249264 0.998428285
1341845691.378062 -0.019329548 0.050248325 -0.048335109 0.020313522 -0.049601890 -0.008899661 0.998522878
1341845691.451922 -0.016093496 0.054077175 -0.051955786 0.021438923 -0.049733520 -0.009213599 0.998489976
1341845691.509739 -0.017798416 0.049430415 -0.052237246 0.019855257 -0.047735274 -0.009637963 0.998616219
1341845691.545833 -0.021065233 0.055093337 -0.052745011 0.021014083 -0.047801442 -0.011772975 0.998566449
1341845691.578399 -0.005789452 0.054960627 -0.050605968 0.019981751 -0.048378427 -0.014235106 0.998527765
1341845691.613857 -0.013687090 0.054727014 -0.040923201 0.020148743 -0.044658337 -0.017615059 0.998643756
1341845691.645632 -0.014401359 0.052081514 -0.036115814 0.021138277 -0.041093346 -0.021575293 0.998698711
1341845691.677793 -0.017628726 0.053042062 -0.048764355 0.022057902 -0.040709078 -0.019062668 0.998745680
1341845691.713727 -0.024221256 0.053632636 -0.043667022 0.022500565 -0.041507047 -0.016058339 0.998755753
1341845691.746050 -0.018525044 0.057520110 -0.034692593 0.023920136 -0.042540818 -0.018159788 0.998643279
1341845691.778411 -0.016167132 0.059416544 -0.035855070 0.023081576 -0.040239878 -0.020099059 0.998721242
1341845691.813646 -0.011543416 0.060384091 -0.046279132 0.021367326 -0.039610032 -0.016802786 0.998845458
1341845691.845603 -0.014517915 0.056012329 -0.049486257 0.020817805 -0.040175140 -0.016252095 0.998843610
1341845691.881595 -0.009167051 0.056812402 -0.048866242 0.021195786 -0.041955523 -0.017949402 0.998733342
1341845691.913600 -0.008699880 0.058702134 -0.035947222 0.021910131 -0.041499633 -0.017576553 0.998743653
1341845691.945997 -0.017091859 0.051646922 -0.048065487 0.021221723 -0.040389836 -0.015295099 0.998841524
1341845691.981657 -0.016908241 0.050845597 -0.056751605 0.023060394 -0.044947580 -0.012755688 0.998641670
1341845692.013904 -0.011642314 0.048763793 -0.056869362 0.024750397 -0.049371578 -0.012065792 0.998400867
1341845692.049676 -0.011561161 0.055910304 -0.046119794 0.026077569 -0.050690982 -0.009654912 0.998327255
1341845692.081862 -0.011823329 0.054626942 -0.044833023 0.026363600 -0.051675797 -0.008524613 0.998279512
1341845692.113695 -0.010256871 0.055107620 -0.043040205 0.027324881 -0.053008869 -0.009764034 0.998172402
1341845692.149736 -0.002092111 0.054556396 -0.046200227 0.026723426 -0.053135399 -0.010158663 0.998178065
1341845692.182123 0.001909098 0.048150592 -0.049018454 0.026819022 -0.052162301 -0.010545005 0.998222828
1341845692.213661 0.004731937 0.052431721 -0.050734881 0.028332880 -0.052977029 -0.009938935 0.998144269
1341845692.249828 -0.001228574 0.054094505 -0.045471989 0.028503997 -0.052405655 -0.009486945 0.998173952
1341845692.282146 0.001352227 0.054740414 -0.050243385 0.027937761 -0.051891912 -0.009693356 0.998214841
1341845692.317711 0.003319790 0.049667280 -0.057754390 0.027024932 -0.052228998 -0.010675931 0.998212337
1341845692.349688 0.006622485 0.050209980 -0.056956917 0.027633581 -0.053929470 -0.010804190 0.998103917
1341845692.381560 0.003432757 0.051121142 -0.052104436 0.028748445 -0.053926274 -0.010693069 0.998073757
1341845692.417776 0.001208663 0.052100081 -0.053076774 0.029832670 -0.053079959 -0.012054192 0.998071790
1341845692.449672 0.002035303 0.052532542 -0.056335073 0.030547205 -0.053287417 -0.012500688 0.998033643
1341845692.481594 0.000807900 0.051446673 -0.058247313 0.031419650 -0.053745054 -0.013386511 0.997970521
1341845692.517778 0.002835467 0.048047446 -0.058882106 0.031967863 -0.054230958 -0.014518087 0.997911036
1341845692.549744 0.003694794 0.047953837 -0.063970029 0.033519324 -0.054370563 -0.015091402 0.997843981
1341845692.585822 0.000688645 0.049897119 -0.062755682 0.034048006 -0.054216258 -0.015903464 0.997821867
1341845692.617836 0.002980062 0.045164168 -0.061627109 0.033964276 -0.053251501 -0.015688095 0.997880101
1341845692.649770 0.000220551 0.047755253 -0.063573904 0.034700945 -0.052652232 -0.014608332 0.997902930
1341845692.685749 0.002967080 0.048367370 -0.067856722 0.035251353 -0.054386821 -0.014188243 0.997796655
1341845692.717676 0.004226865 0.050474733 -0.063515835 0.035744276 -0.053876672 -0.015573348 0.997786164
1341845692.749897 0.005307230 0.047656395 -0.069209173 0.035348468 -0.052472197 -0.014691423 0.997888446
1341845692.785833 -0.002188616 0.050674759 -0.072454706 0.036603667 -0.052006442 -0.015076458 0.997861862
1341845692.817657 -0.004522058 0.050021254 -0.068566486 0.037720531 -0.052530758 -0.018806698 0.997729480
1341845692.853833 0.000154092 0.046880562 -0.071939103 0.038109265 -0.052358110 -0.020060355 0.997699320
1341845692.885614 0.000661947 0.046280067 -0.074907281 0.039594885 -0.052324086 -0.020213416 0.997640193
1341845692.917728 0.000249009 0.050787687 -0.071100108 0.041335054 -0.053052135 -0.020037472 0.997534692
1341845692.953573 0.003425620 0.050973732 -0.069477066 0.042357843 -0.052952982 -0.020510741 0.997487426
1341845692.985667 0.002117772 0.046016283 -0.075892925 0.042805199 -0.051918726 -0.021314010 0.997505903
1341845693.017585 0.002251628 0.050412789 -0.074065194 0.043572534 -0.052293610 -0.021250641 0.997454405
1341845693.053684 -0.001648158 0.047217898 -0.073516376 0.042963173 -0.051137976 -0.021616474 0.997532904
1341845693.086059 -0.003011503 0.051014334 -0.073221013 0.044304434 -0.050972525 -0.020257441 0.997511208
1341845693.121690 -0.002388804 0.053826250 -0.075554296 0.044899531 -0.051985819 -0.018567178 0.997465193
1341845693.153852 -0.000558985 0.054640587 -0.074183263 0.044228602 -0.053264596 -0.019514350 0.997409582
1341845693.185655 0.001038916 0.050950415 -0.072530150 0.043072488 -0.052017886 -0.019849915 0.997519433
1341845693.221687 -0.002198132 0.052036785 -0.080318354 0.042889498 -0.050537866 -0.017878564 0.997640610
1341845693.254518 -0.004963994 0.051763553 -0.080468453 0.043464381 -0.053002041 -0.016544797 0.997510850
1341845693.289735 0.004520007 0.054701135 -0.073870793 0.044242743 -0.055177584 -0.016482895 0.997359693
1341845693.321741 0.009394227 0.050617006 -0.076369941 0.042958491 -0.051652454 -0.016544312 0.997603595
1341845693.353715 0.009209890 0.044943206 -0.077461302 0.042136487 -0.047625743 -0.016298354 0.997843027
1341845693.421993 0.006418682 0.045253579 -0.076530702 0.042783145 -0.044204395 -0.015979433 0.997978091
1341845693.453700 0.005196635 0.046304841 -0.074248612 0.043144535 -0.042324997 -0.018471768 0.998000979
1341845693.489783 0.001277445 0.047199301 -0.068975821 0.044439629 -0.040703457 -0.019670090 0.997988760
1341845693.522084 -0.000605924 0.044078175 -0.075089812 0.045692310 -0.040780146 -0.018821120 0.997945428
1341845693.557666 0.000392535 0.043953061 -0.075504735 0.047618426 -0.042274896 -0.019398643 0.997782111
1341845693.589792 0.001823348 0.045258768 -0.076071307 0.048675973 -0.043003093 -0.020253757 0.997682929
1341845693.622158 0.003872587 0.046227228 -0.072614715 0.049022887 -0.042313658 -0.021199165 0.997675776
1341845693.689929 0.003597070 0.048324279 -0.077440389 0.048186507 -0.040907782 -0.019962043 0.997800708
1341845693.721602 0.007966803 0.050621703 -0.081666149 0.046166506 -0.040021170 -0.020638514 0.997918367
1341845693.757636 0.005101563 0.049313627 -0.081679828 0.044075560 -0.038649876 -0.021468055 0.998049438
1341845693.789776 0.002931249 0.049653333 -0.073976845 0.043651052 -0.039331373 -0.020777281 0.998056114
1341845693.825637 0.000980977 0.052762825 -0.075913042 0.042437170 -0.039577488 -0.020449582 0.998105526
1341845693.857724 -0.001711503 0.048962545 -0.069193803 0.041158091 -0.039169773 -0.020236790 0.998179436
1341845693.889741 0.004879032 0.054735459 -0.068938017 0.042447586 -0.040096521 -0.018720103 0.998118281
1341845693.925573 0.007464951 0.053367663 -0.072866730 0.041670866 -0.039934430 -0.016828783 0.998191178
1341845693.957722 0.007504281 0.051691353 -0.072222851 0.041887105 -0.039456628 -0.016074698 0.998213589
1341845693.990410 0.010250792 0.051325120 -0.073928535 0.042606909 -0.038864773 -0.015398800 0.998217046
1341845694.025740 0.009283234 0.052073564 -0.070694223 0.043308582 -0.037302822 -0.017378656 0.998213828
1341845694.057728 0.004711307 0.050516043 -0.070486270 0.043501411 -0.036015421 -0.016776867 0.998263001
1341845694.093631 0.004100358 0.047438912 -0.069110215 0.044781514 -0.036122900 -0.017257588 0.998194337
1341845694.125598 0.010267797 0.046060614 -0.080128700 0.045695230 -0.036920182 -0.016823448 0.998131156
1341845694.157890 0.009688074 0.048741147 -0.074675240 0.046824437 -0.036157284 -0.016860563 0.998106122
1341845694.193528 0.010161320 0.045415603 -0.074980699 0.047253072 -0.035682928 -0.017543554 0.998091280
1341845694.226254 0.008065965 0.048440214 -0.073925100 0.048983958 -0.035771538 -0.017406575 0.998007059
1341845694.261793 0.003851451 0.057030108 -0.064273223 0.050803393 -0.035036076 -0.017439179 0.997941613
1341845694.293655 0.007773856 0.049756352 -0.071974218 0.050151050 -0.035188183 -0.015101919 0.998007298
1341845694.325844 0.003765701 0.047267456 -0.071550936 0.051202700 -0.036489587 -0.013257945 0.997933388
1341845694.361761 0.006557927 0.048390884 -0.070634089 0.052799862 -0.038809344 -0.011645566 0.997782767
1341845694.393754 0.010235022 0.049930066 -0.075083874 0.053849403 -0.041247621 -0.010868175 0.997637630
1341845694.425809 0.010124552 0.050359476 -0.074511178 0.053800303 -0.042737316 -0.010705401 0.997579336
1341845694.461731 0.011159954 0.051655468 -0.076836899 0.053804081 -0.044068772 -0.011669110 0.997510374
1341845694.493931 0.011216477 0.052163746 -0.072658457 0.052519176 -0.044158883 -0.012483159 0.997565031
1341845694.529694 0.006864923 0.053756531 -0.076148279 0.051482946 -0.043055039 -0.013635989 0.997652173
1341845694.561652 0.007973571 0.052502993 -0.071395934 0.051073208 -0.044462837 -0.013795750 0.997609258
1341845694.595586 0.004085460 0.052693162 -0.076093286 0.052147787 -0.045388542 -0.013031799 0.997522295
1341845694.629850 0.005769559 0.050106715 -0.077017084 0.052989203 -0.047471337 -0.011887567 0.997395277
1341845694.661659 0.010925757 0.054151393 -0.068988599 0.055309739 -0.049080633 -0.010660011 0.997205257
1341845694.693720 0.029154995 0.055939347 -0.071515948 0.054822996 -0.047129538 -0.010413225 0.997328877
1341845694.735664 0.039401155 0.055584241 -0.072257616 0.052924093 -0.041327197 -0.008758963 0.997704625
1341845694.767988 0.027627043 0.056336578 -0.068244144 0.051500730 -0.033984222 -0.006750093 0.998071790
1341845694.803611 0.031935543 0.056004692 -0.059054226 0.049344555 -0.029996239 -0.005960157 0.998313546
1341845694.835585 0.023135938 0.052456170 -0.067219831 0.047806870 -0.024663035 -0.005321286 0.998537958
1341845694.867728 0.025157735 0.059354141 -0.067930028 0.048152614 -0.022172989 -0.004421860 0.998584092
1341845694.903566 0.022351053 0.056223456 -0.064768761 0.046170373 -0.019228002 -0.003420912 0.998742700
1341845694.935679 0.022005731 0.051402204 -0.068446063 0.045166783 -0.017181253 -0.002966842 0.998827279
1341845694.967669 0.021483138 0.051804870 -0.060694259 0.045972861 -0.016250500 -0.001894866 0.998808682
1341845695.003730 0.030493023 0.053164396 -0.062772989 0.045977205 -0.015113768 -0.001642755 0.998826861
1341845695.035689 0.035597660 0.053129468 -0.063048720 0.045864593 -0.012512923 -0.001239298 0.998868525
1341845695.072465 0.026110021 0.051502101 -0.062634438 0.045564134 -0.009631551 0.000778924 0.998914719
1341845695.103895 0.022071688 0.053311508 -0.055454616 0.046243552 -0.010725108 0.001408581 0.998871684
1341845695.135680 0.027153317 0.052614700 -0.059156831 0.047012277 -0.014536195 0.002305336 0.998785913
1341845695.172193 0.025520975 0.050768532 -0.053667877 0.050011914 -0.020029230 0.001461263 0.998546720
1341845695.203618 0.020414550 0.050381552 -0.056207377 0.052411325 -0.026714843 0.001833299 0.998266518
1341845695.235612 0.030566307 0.047351144 -0.063575104 0.055755474 -0.035646468 0.003680123 0.997801185
1341845695.271738 0.037986606 0.048960697 -0.077686429 0.058176845 -0.042131320 0.003387386 0.997411132
1341845695.303569 0.027873708 0.049533963 -0.070065856 0.060156994 -0.044987630 0.001699422 0.997173250
1341845695.335657 0.026448715 0.050117202 -0.072642833 0.060990341 -0.047817122 -0.001170412 0.996991634
1341845695.371706 0.028291641 0.052317437 -0.078094147 0.061442830 -0.051034693 -0.004142271 0.996796429
1341845695.403745 0.025468238 0.052142076 -0.070380688 0.061904166 -0.053943332 -0.006053600 0.996604919
1341845695.435657 0.023972847 0.047159001 -0.077008307 0.062663026 -0.056972492 -0.006910671 0.996383369
1341845695.471720 0.026000071 0.046544686 -0.083573170 0.063842542 -0.061239213 -0.006565242 0.996057689
1341845695.503710 0.028384073 0.052201737 -0.078478388 0.065033250 -0.064987317 -0.006840680 0.995741248
1341845695.539693 0.025784422 0.051973134 -0.075897224 0.064601347 -0.067149453 -0.008422598 0.995613754
1341845695.603908 0.028007019 0.055391826 -0.080986544 0.065463997 -0.069545574 -0.010390170 0.995374322
1341845695.665980 0.022499092 0.057002958 -0.080564998 0.065099463 -0.071776055 -0.011391349 0.995228887
1341845695.701693 0.023523943 0.054849502 -0.079382032 0.064942442 -0.073182128 -0.011112135 0.995139956
1341845695.733686 0.025926987 0.056076765 -0.083139025 0.064633526 -0.074006788 -0.010298786 0.995107770
1341845695.769679 0.029369116 0.058218651 -0.082711264 0.064504042 -0.074687973 -0.009594934 0.995072305
1341845695.801697 0.022702208 0.058372036 -0.079428189 0.063447431 -0.073492467 -0.010039414 0.995224833
1341845695.833635 0.022285867 0.052180305 -0.075613692 0.061677780 -0.073555462 -0.009272340 0.995338917
1341845695.869766 0.026361708 0.054261357 -0.076341048 0.061633423 -0.073653392 -0.008309709 0.995342910
1341845695.901827 0.030716339 0.057991818 -0.081254497 0.061125837 -0.073858216 -0.006978946 0.995369256
1341845695.933900 0.025743999 0.055526953 -0.079701476 0.059373543 -0.073322132 -0.007211620 0.995513260
1341845695.969774 0.028271191 0.060627081 -0.076090842 0.059148580 -0.073130943 -0.006181164 0.995547652
1341845696.001940 0.028771650 0.056099143 -0.078473799 0.057823706 -0.072101712 -0.005930787 0.995702088
1341845696.037778 0.029881235 0.060415622 -0.077026568 0.057526179 -0.071694463 -0.003818411 0.995759130
1341845696.069962 0.025095169 0.056160808 -0.077878334 0.055849127 -0.070970878 -0.002979241 0.995909214
1341845696.102048 0.028103365 0.049350392 -0.082003452 0.054929160 -0.072049260 -0.001369462 0.995886445
1341845696.137759 0.028407715 0.054084618 -0.079602361 0.055126052 -0.072425872 -0.001280937 0.995848417
1341845696.169934 0.028650386 0.051320758 -0.080206022 0.053838041 -0.073072478 -0.000089493 0.995872438
1341845696.201602 0.032316398 0.057902619 -0.081874080 0.053985208 -0.073758781 -0.000166819 0.995813847
1341845696.237582 0.028422378 0.059851099 -0.080828741 0.052519865 -0.073104568 -0.001561880 0.995939255
1341845696.269654 0.031420905 0.056761760 -0.087267771 0.050687999 -0.074169621 -0.002130395 0.995954335
1341845696.305713 0.035304602 0.057248171 -0.088716522 0.050342906 -0.075640604 -0.001135919 0.995862842
1341845696.337790 0.032919977 0.057269320 -0.087139361 0.050002452 -0.075837366 -0.000285597 0.995865703
1341845696.369780 0.032158580 0.057744369 -0.083157524 0.049920417 -0.076511420 -0.000021344 0.995818317
1341845696.406019 0.032011412 0.057824384 -0.082801268 0.048563458 -0.076673597 -0.000892078 0.995872498
1341845696.437910 0.033611070 0.057300247 -0.087617941 0.046655480 -0.076844655 -0.000574077 0.995950758
1341845696.473667 0.036738407 0.054462001 -0.088115036 0.044927120 -0.076319590 -0.000857443 0.996070385
1341845696.505801 0.035115030 0.058302019 -0.083514497 0.043796558 -0.075575165 -0.000228394 0.996177852
1341845696.537879 0.033941153 0.056874949 -0.083516747 0.042760391 -0.075453624 0.001236963 0.996231377
1341845696.573790 0.028508354 0.057845227 -0.082805097 0.042610165 -0.075533703 0.001490278 0.996231377
1341845696.611644 0.026693225 0.059199084 -0.074678227 0.042956248 -0.076453067 0.001612432 0.996146142
1341845696.648592 0.028574934 0.061209183 -0.077092826 0.042688433 -0.077111095 0.002062697 0.996106148
1341845696.705640 0.033428442 0.058868054 -0.078690626 0.040015198 -0.076575056 0.002520854 0.996257365
1341845696.741801 0.035483804 0.057458825 -0.075297706 0.039350506 -0.075796790 0.002293770 0.996343911
1341845696.773765 0.034208000 0.059308253 -0.073600717 0.039434850 -0.074767925 0.002973964 0.996416509
1341845696.805698 0.036055591 0.062299255 -0.076824509 0.038362566 -0.074693769 0.004406019 0.996458650
1341845696.841908 0.031117003 0.056665659 -0.073459871 0.037205171 -0.073581837 0.004523946 0.996584654
1341845696.873637 0.036394868 0.061788764 -0.074651182 0.036901202 -0.072956391 0.004995872 0.996639729
1341845696.905693 0.027230402 0.060603209 -0.060671434 0.035792146 -0.071405567 0.004080557 0.996796668
1341845696.941841 0.029969685 0.060843177 -0.066139936 0.034433212 -0.070965037 0.005029999 0.996871650
1341845696.973560 0.025462937 0.057952065 -0.066964097 0.033174854 -0.069605246 0.006713486 0.997000277
1341845697.009723 0.027393330 0.062360477 -0.062764339 0.033101514 -0.069728985 0.007411035 0.996989131
1341845697.041678 0.030052755 0.057068538 -0.067547262 0.030926116 -0.068691663 0.007594388 0.997129619
1341845697.073636 0.029236890 0.056318909 -0.063584536 0.031095603 -0.067516118 0.006513056 0.997212231
1341845697.109770 0.029475445 0.059859455 -0.065125972 0.031811599 -0.066880241 0.006247038 0.997234285
1341845697.141787 0.029015319 0.062656201 -0.053654201 0.031729203 -0.067309164 0.006722787 0.997204900
1341845697.173791 0.032105777 0.062400423 -0.059431467 0.031272814 -0.067122586 0.006957822 0.997230232
1341845697.209803 0.035946809 0.062782995 -0.067351073 0.031689487 -0.067181937 0.007918866 0.997205973
1341845697.241685 0.028409112 0.064104065 -0.056733549 0.031608384 -0.066128545 0.007982697 0.997278452
1341845697.277780 0.027600216 0.062778994 -0.057137422 0.030921111 -0.065919816 0.008957559 0.997305512
1341845697.309575 0.025115907 0.061867259 -0.055010535 0.030935675 -0.065880366 0.008771133 0.997309387
1341845697.342252 0.027954398 0.063987099 -0.053896986 0.030924808 -0.066662103 0.009395900 0.997252047
1341845697.377604 0.029264752 0.063827962 -0.060164738 0.030858355 -0.066700324 0.009039570 0.997254848
1341845697.409528 0.027562482 0.062845498 -0.054954756 0.031034021 -0.066160150 0.007796895 0.997295797
1341845697.441666 0.037312042 0.061304148 -0.070340894 0.030331153 -0.066692486 0.008270354 0.997278214
1341845697.477718 0.032985449 0.062262420 -0.073821969 0.031392470 -0.066221118 0.007499912 0.997282863
1341845697.509822 0.033833608 0.063420147 -0.073616341 0.031728264 -0.066376701 0.006621282 0.997268140
1341845697.545892 0.041650657 0.062532790 -0.085094824 0.031105815 -0.067256540 0.006780908 0.997227669
1341845697.577742 0.037478853 0.061127018 -0.068456374 0.031992152 -0.068152167 0.008097009 0.997129023
1341845697.609653 0.034464844 0.067833461 -0.060473822 0.033212218 -0.068856917 0.009528984 0.997028053
1341845697.645769 0.033648480 0.064775839 -0.066330180 0.032221749 -0.068654284 0.009315857 0.997076571
1341845697.677795 0.032794889 0.065281689 -0.054395847 0.032229111 -0.069024004 0.009451740 0.997049451
1341845697.713520 0.032156061 0.074020125 -0.049653515 0.032614268 -0.068641782 0.009075693 0.997066855
1341845697.745975 0.034150310 0.066088609 -0.062444083 0.030928303 -0.068976618 0.009460326 0.997093856
1341845697.777683 0.032683544 0.064261384 -0.058635425 0.030691022 -0.069074005 0.010598670 0.997083068
1341845697.813673 0.031191660 0.066974379 -0.047038391 0.030469364 -0.069331698 0.010045459 0.997077644
1341845697.845793 0.042654153 0.067087680 -0.067629561 0.028874030 -0.069776542 0.009738678 0.997097135
1341845697.877887 0.039723251 0.069500700 -0.063617140 0.028160382 -0.069786482 0.010361632 0.997110605
1341845697.913637 0.043080907 0.068136401 -0.065197520 0.027629640 -0.070349582 0.010298152 0.997086525
1341845697.945734 0.031548969 0.072740562 -0.053156637 0.027924985 -0.069139749 0.008758396 0.997177660
1341845697.981763 0.032630567 0.066596285 -0.055583581 0.026653828 -0.068857417 0.007477037 0.997242391
1341845698.013639 0.033578649 0.065492742 -0.051019561 0.026856231 -0.069009766 0.007960736 0.997222722
1341845698.045700 0.036814738 0.063997321 -0.059371792 0.026883995 -0.069052115 0.007108186 0.997225463
1341845698.081804 0.034445707 0.066172838 -0.054793727 0.026978977 -0.069388062 0.007124753 0.997199476
1341845698.113733 0.033016343 0.063153006 -0.055630509 0.026756097 -0.069938712 0.006850199 0.997168899
1341845698.145605 0.031708065 0.064429194 -0.054885454 0.027525051 -0.069987461 0.006180725 0.997148931
1341845698.181637 0.033486564 0.068422526 -0.056908168 0.027932506 -0.070216045 0.005890229 0.997123241
1341845698.213981 0.038358934 0.063244365 -0.069471553 0.027131774 -0.071245939 0.006369194 0.997069359
1341845698.249641 0.041471906 0.065342598 -0.072727457 0.028236762 -0.072520442 0.005625861 0.996951282
1341845698.281737 0.044409476 0.066820815 -0.073863529 0.026996253 -0.073292978 0.005915180 0.996927500
1341845698.313940 0.046970379 0.063022666 -0.075541489 0.026090046 -0.073687702 0.005144543 0.996926785
1341845698.349629 0.045855038 0.065360107 -0.073755831 0.026780073 -0.073621206 0.004386482 0.996917069
1341845698.381667 0.042097162 0.062628694 -0.073979132 0.026560510 -0.073533736 0.003790055 0.996931791
1341845698.413724 0.042459171 0.063362189 -0.066036455 0.027334942 -0.075198799 0.004604493 0.996783197
1341845698.449543 0.041792829 0.063870467 -0.066693045 0.027923744 -0.076568969 0.005723234 0.996656775
1341845698.481693 0.042070027 0.067849092 -0.064094037 0.028184175 -0.077972054 0.005441880 0.996542275
1341845698.517644 0.043640353 0.067752458 -0.065134890 0.028300757 -0.078860424 0.004691289 0.996472895
1341845698.549633 0.042065788 0.065919563 -0.065829337 0.028712766 -0.079321854 0.003958806 0.996427655
1341845698.581773 0.045412727 0.067571796 -0.064693630 0.029828941 -0.080287717 0.002070306 0.996323168
1341845698.617608 0.046353292 0.063706733 -0.071574762 0.029419852 -0.080514260 0.001366976 0.996318281
1341845698.649887 0.043760896 0.065224409 -0.062832251 0.030166510 -0.080809310 0.000757481 0.996272683
1341845698.685838 0.043201189 0.064289153 -0.066318244 0.031196123 -0.080976754 -0.000103944 0.996227741
1341845698.717744 0.045770627 0.072437383 -0.063531734 0.032013614 -0.081181906 -0.000204790 0.996185064
1341845698.749680 0.046256799 0.070823334 -0.062753521 0.031178836 -0.081022874 0.000901084 0.996224105
1341845698.785826 0.044097297 0.071270853 -0.062993385 0.031132143 -0.080700964 0.001426064 0.996251047
1341845698.817603 0.045960199 0.069298461 -0.064380862 0.030162042 -0.080633171 0.000660956 0.996287167
1341845698.849705 0.048969913 0.069774181 -0.064076349 0.029177846 -0.081032127 0.001056432 0.996283770
1341845698.885714 0.043659657 0.070107907 -0.063403755 0.028998859 -0.080382518 0.000445129 0.996342123
1341845698.917723 0.044060595 0.070720188 -0.063016184 0.028361607 -0.080203988 -0.000245279 0.996374905
1341845698.953706 0.043333404 0.068834759 -0.061791714 0.027444009 -0.079659522 -0.000263354 0.996444285
1341845698.985694 0.043686271 0.070805013 -0.063210741 0.027220342 -0.079552412 0.000138846 0.996459007
1341845699.017571 0.046857819 0.069534108 -0.069715768 0.026038306 -0.080342762 0.001173306 0.996426523
1341845699.053593 0.045517065 0.069347143 -0.067702636 0.024896141 -0.080325633 0.001039434 0.996457160
1341845699.086340 0.042919151 0.069928467 -0.070342153 0.023245182 -0.079873532 0.001692139 0.996532500
1341845699.117688 0.043384362 0.071572475 -0.070751309 0.021492433 -0.079808109 0.001513477 0.996577382
1341845699.153695 0.047017571 0.070504881 -0.065141402 0.020119937 -0.080060020 -0.000004431 0.996586978
1341845699.185845 0.047146272 0.073310986 -0.063355312 0.019396652 -0.079539441 -0.000526818 0.996642888
1341845699.221973 0.048377283 0.068773925 -0.068179816 0.017758207 -0.078953043 -0.000393992 0.996720135
1341845699.253571 0.048148338 0.066521421 -0.069387518 0.017200224 -0.079461627 0.000596666 0.996689379
1341845699.285622 0.044271495 0.065116368 -0.064315431 0.018077511 -0.080393948 0.001055860 0.996598721
1341845699.321906 0.046053268 0.066239804 -0.069319628 0.018783242 -0.081398562 0.001514025 0.996503472
1341845699.354916 0.046695963 0.068703748 -0.067547962 0.019171378 -0.082181238 0.001767304 0.996431470
1341845699.385859 0.048391245 0.066837065 -0.067336015 0.019152893 -0.082422517 0.001327512 0.996412516
1341845699.421535 0.045466825 0.065657176 -0.066219926 0.019605154 -0.081621185 0.000464924 0.996470511
1341845699.454093 0.050928175 0.070009917 -0.063872203 0.020165276 -0.081743777 -0.000744502 0.996449053
1341845699.489836 0.049727887 0.066926315 -0.066046685 0.019393839 -0.080900773 -0.000787489 0.996533155
1341845699.522001 0.049645819 0.066333935 -0.070082255 0.019402297 -0.081443243 0.000486256 0.996489048
1341845699.556281 0.051141318 0.068230756 -0.067749001 0.020361926 -0.082144149 0.001362897 0.996411502
1341845699.595416 0.052222550 0.069777586 -0.065581329 0.021020990 -0.081854373 0.001354692 0.996421695
1341845699.628631 0.053276744 0.068957314 -0.067947783 0.020610243 -0.080929078 0.000134674 0.996506810
1341845699.663810 0.051108133 0.066842921 -0.065382257 0.020119332 -0.079717308 0.000056523 0.996614456
1341845699.696113 0.049401272 0.067691378 -0.062895060 0.021474203 -0.079604730 0.002327719 0.996592522
1341845699.727683 0.048149042 0.072723143 -0.065771110 0.020887278 -0.078864433 0.002063754 0.996664405
1341845699.789808 0.048323374 0.068430573 -0.062591456 0.018437624 -0.077904694 0.001053784 0.996789753
1341845699.821737 0.049384601 0.067630589 -0.063816488 0.018383935 -0.077308856 0.000796988 0.996837378
1341845699.857825 0.050272666 0.068873420 -0.066397034 0.018335747 -0.077563733 0.001132325 0.996818185
1341845699.889686 0.050040811 0.067122035 -0.063757092 0.018198974 -0.077934407 0.001177044 0.996791661
1341845699.925749 0.053048316 0.067342855 -0.062323250 0.018627252 -0.077887200 0.001185066 0.996787488
1341845699.957536 0.051593531 0.069080494 -0.062696978 0.019514877 -0.077310793 0.001198449 0.996815383
1341845699.989671 0.048512526 0.065399818 -0.056472246 0.020129092 -0.077547953 0.002897267 0.996781230
1341845700.025810 0.051234923 0.068089157 -0.058631048 0.021491032 -0.078016341 0.003504262 0.996714294
1341845700.058133 0.051471613 0.068365224 -0.058152881 0.022151802 -0.077625304 0.002504928 0.996733427
1341845700.090754 0.053614073 0.070258170 -0.057460815 0.022626480 -0.077378973 0.001826336 0.996743321
1341845700.125852 0.051657110 0.069477953 -0.057817880 0.022569148 -0.077168591 0.001068160 0.996762037
1341845700.157773 0.055526011 0.067923546 -0.057907790 0.023127943 -0.077738211 0.000999347 0.996704996
1341845700.193533 0.056999430 0.069346517 -0.060964655 0.023468431 -0.077196114 0.000773235 0.996739447
1341845700.225771 0.052124780 0.068323798 -0.058897372 0.023228101 -0.075651474 0.000160610 0.996863782
1341845700.257669 0.052240800 0.068805687 -0.058775391 0.023439318 -0.075277478 0.000536222 0.996887028
1341845700.293641 0.052107558 0.066893831 -0.062171839 0.023112616 -0.074857004 0.001612006 0.996925175
1341845700.325714 0.052668061 0.064915508 -0.057486236 0.023170207 -0.074966513 0.002063121 0.996914685
1341845700.357742 0.057243306 0.069849379 -0.061148018 0.023856966 -0.075008817 0.002185309 0.996895075
1341845700.393681 0.058076158 0.071181104 -0.062010452 0.023504516 -0.074125290 0.000994831 0.996971428
1341845700.425997 0.053253040 0.072208755 -0.056436393 0.023406213 -0.073452346 0.001038502 0.997023463
1341845700.461682 0.055159148 0.069550551 -0.055866372 0.023036906 -0.073452823 0.000041675 0.997032642
1341845700.493808 0.051857188 0.075855859 -0.047137439 0.023858361 -0.073006973 0.000064861 0.997046053
1341845700.526106 0.056208707 0.068224579 -0.056949921 0.022422254 -0.072919995 -0.000836762 0.997085333
1341845700.562458 0.055429138 0.071075760 -0.050542261 0.022621684 -0.073156834 0.001009039 0.997063339
1341845700.626137 0.054768998 0.069811404 -0.058142561 0.021902671 -0.072966695 0.000134090 0.997093916
1341845700.661872 0.055371497 0.073317386 -0.050429374 0.022236703 -0.072979771 0.000657378 0.997085333
1341845700.693861 0.053516284 0.073525630 -0.047158487 0.021866942 -0.072144814 -0.000492976 0.997154355
1341845700.732394 0.058763508 0.073944435 -0.054620698 0.021763599 -0.073129714 0.000346199 0.997084856
1341845700.767794 0.061881058 0.075372353 -0.052664787 0.022340216 -0.073946118 0.001343127 0.997011065
1341845700.799058 0.058880702 0.075360008 -0.050167318 0.022665787 -0.073299788 0.001175563 0.997051656
1341845700.867749 0.060863674 0.075465977 -0.052991059 0.022675481 -0.073184766 0.000750453 0.997060359
1341845700.930007 0.061318893 0.072290339 -0.055218358 0.023428017 -0.073788822 0.000772012 0.996998429
1341845700.961797 0.064695790 0.075406656 -0.055250704 0.023741549 -0.074090660 0.000334264 0.996968806
1341845700.997752 0.062211923 0.075417802 -0.054906130 0.023577431 -0.073683940 -0.000200411 0.997002900
1341845701.029597 0.053059671 0.075022116 -0.044131476 0.023852803 -0.073612034 -0.000633704 0.997001469
1341845701.061618 0.050628822 0.072645150 -0.048380569 0.023718113 -0.073425688 -0.001358529 0.997017682
1341845701.097561 0.059573669 0.070322588 -0.055825010 0.023495153 -0.074391223 -0.000597727 0.996952176
1341845701.129741 0.061552651 0.070993006 -0.062504537 0.023675216 -0.074018709 -0.000566892 0.996975660
1341845701.165734 0.060167689 0.071648315 -0.056670912 0.023503235 -0.073812537 -0.000311482 0.996995151
1341845701.197714 0.053255241 0.068804048 -0.055886414 0.023770146 -0.073436432 -0.000643173 0.997016430
1341845701.230497 0.060362738 0.069491155 -0.056974310 0.024090646 -0.074634135 -0.000362211 0.996919930
1341845701.265852 0.057969373 0.069756202 -0.053763874 0.024473688 -0.074678577 -0.000681413 0.996907115
1341845701.297730 0.053830426 0.071909897 -0.044528428 0.025745543 -0.075246677 -0.000871452 0.996832192
1341845701.329611 0.055032913 0.071307898 -0.050425224 0.025476890 -0.075145416 -0.002378244 0.996844232
1341845701.365791 0.048058290 0.068420239 -0.047346152 0.024742212 -0.073958360 -0.002806901 0.996950388
1341845701.397757 0.062046722 0.071334705 -0.062166579 0.024623534 -0.075229816 -0.002349834 0.996859431
1341845701.433542 0.061229475 0.068476617 -0.059624810 0.023903882 -0.074772701 -0.002354535 0.996911347
1341845701.465617 0.059109304 0.071083397 -0.059903588 0.024407789 -0.074532270 -0.000875626 0.996919513
1341845701.497704 0.056676067 0.069421984 -0.058824200 0.024046563 -0.074377589 -0.000602654 0.996940017
1341845701.533597 0.057011291 0.069917135 -0.059512008 0.023753760 -0.074362002 -0.001022133 0.996947885
1341845701.597762 0.060139194 0.067561746 -0.062711239 0.023119345 -0.073916487 -0.001565172 0.996995211
1341845701.633825 0.060561236 0.065083042 -0.065025017 0.023247244 -0.074067473 -0.002088903 0.996980071
1341845701.665709 0.063202903 0.065058418 -0.059961740 0.024185421 -0.074430533 -0.001621143 0.996931612
1341845701.701676 0.064408161 0.065610506 -0.061356645 0.024936715 -0.074190199 -0.001584660 0.996931076
1341845701.733527 0.062808290 0.064739741 -0.059965067 0.025346754 -0.074160725 -0.001750535 0.996922612
1341845701.765764 0.063865170 0.065947741 -0.061210733 0.025485467 -0.074225679 -0.002062812 0.996913671
1341845701.801701 0.064121649 0.065205999 -0.059895799 0.025470696 -0.074041627 -0.002308013 0.996927202
1341845701.833700 0.062565692 0.065448381 -0.056364492 0.025708975 -0.073886588 -0.001790094 0.996933579
1341845701.865775 0.063217953 0.065896116 -0.057676017 0.026033062 -0.073948510 -0.001539384 0.996921062
1341845701.901711 0.061637897 0.068159156 -0.051551033 0.026343072 -0.073792972 -0.001961656 0.996923685
1341845701.933585 0.058175754 0.065979511 -0.052997492 0.025693426 -0.072808482 -0.001962115 0.997013032
1341845701.969726 0.059911881 0.065960392 -0.055981662 0.025233973 -0.072841138 -0.002136051 0.997022033
1341845702.002544 0.058736589 0.066825114 -0.052693110 0.025376027 -0.072663993 -0.001855077 0.997031868
1341845702.034379 0.058401320 0.066364147 -0.052461542 0.025618648 -0.072372392 -0.002179046 0.997046292
1341845702.101809 0.058421165 0.063167714 -0.053723920 0.025605913 -0.072536178 -0.003457285 0.997031093
1341845702.137663 0.058506686 0.064224944 -0.052597694 0.026047718 -0.072965465 -0.003633108 0.996987641
1341845702.169629 0.057577357 0.063401729 -0.052150436 0.026420260 -0.073051803 -0.004321711 0.996968806
1341845702.201769 0.058770735 0.063949741 -0.051332019 0.026965182 -0.072974093 -0.004689049 0.996958256
1341845702.237691 0.057933457 0.067107327 -0.049616847 0.027379669 -0.072707742 -0.004561937 0.996967018
1341845702.269760 0.057933420 0.067194454 -0.053495903 0.027543701 -0.072741486 -0.004563643 0.996960044
1341845702.301761 0.062548421 0.067940377 -0.054576252 0.027641820 -0.072937042 -0.005162167 0.996940076
1341845702.337713 0.061596408 0.070942618 -0.055902746 0.027688824 -0.072117075 -0.005235537 0.996998072
1341845702.369720 0.060810696 0.065944970 -0.053327829 0.026939537 -0.072370470 -0.004434965 0.997004092
1341845702.405655 0.065461121 0.068440452 -0.051660985 0.027219929 -0.073217347 -0.003617413 0.996937931
1341845702.469691 0.062686689 0.067309819 -0.051322155 0.027157608 -0.071960174 -0.004025354 0.997029662
1341845702.506265 0.061781339 0.065808922 -0.051181283 0.027058646 -0.071735911 -0.003845467 0.997049212
1341845702.569753 0.059556779 0.064697400 -0.046592265 0.026835335 -0.072096825 -0.002218281 0.997034132
1341845702.605685 0.062637441 0.067978695 -0.049629830 0.026964806 -0.072470196 -0.001860443 0.997004271
1341845702.637718 0.062352534 0.067027532 -0.050450187 0.026259519 -0.072341591 -0.002448055 0.997031212
1341845702.673733 0.060842227 0.066268243 -0.051757418 0.025986079 -0.071953982 -0.002472171 0.997066379
1341845702.705735 0.064243123 0.066766471 -0.051094443 0.025631268 -0.071779862 -0.002965127 0.997086763
1341845702.737648 0.061569214 0.068488054 -0.052564662 0.024975652 -0.070942052 -0.004560122 0.997157335
1341845702.773644 0.057887781 0.071483187 -0.049045395 0.023861209 -0.069845006 -0.006012777 0.997254312
1341845702.805893 0.060541362 0.060970794 -0.052881733 0.021350127 -0.068975210 -0.008068086 0.997357249
1341845702.837969 0.061718795 0.070597559 -0.052552007 0.021423178 -0.068900555 -0.007246906 0.997367203
1341845702.874009 0.062240116 0.071159437 -0.051670454 0.019455899 -0.068245046 -0.008021832 0.997446656
1341845702.908704 0.061296765 0.068339251 -0.050413724 0.018680111 -0.067630529 -0.008109658 0.997502565
1341845702.941673 0.058708545 0.066650406 -0.048867334 0.019192604 -0.067757145 -0.007668388 0.997487783
1341845702.973595 0.058628231 0.064182334 -0.050493423 0.020785443 -0.068703555 -0.006361549 0.997400343
1341845703.005769 0.057233188 0.068173580 -0.050941262 0.022914000 -0.070039712 -0.004180226 0.997272253
1341845703.041648 0.061256342 0.067132801 -0.052047588 0.024114326 -0.071271203 -0.004188672 0.997156680
1341845703.073714 0.060273349 0.071233258 -0.050646648 0.024157200 -0.071171381 -0.004476513 0.997161567
1341845703.109699 0.063645944 0.072088212 -0.053549550 0.021827130 -0.069799639 -0.005989687 0.997304320
1341845703.142006 0.061959136 0.072049618 -0.048836742 0.020625368 -0.068540849 -0.006900848 0.997411251
1341845703.173706 0.060300101 0.074293315 -0.049115479 0.019465972 -0.067609504 -0.008137546 0.997488797
1341845703.209732 0.058308993 0.070058390 -0.048507921 0.018746514 -0.067574650 -0.008124517 0.997505069
1341845703.242050 0.060156878 0.066617966 -0.048689462 0.019305123 -0.067945190 -0.008059863 0.997469783
1341845703.273874 0.061685547 0.070855327 -0.054861329 0.020343211 -0.068261258 -0.007986668 0.997428119
1341845703.309758 0.059800740 0.068370447 -0.051127821 0.021171140 -0.069256067 -0.006723395 0.997351587
1341845703.341850 0.064318858 0.068091609 -0.049622826 0.021696504 -0.070072681 -0.006161973 0.997286916
1341845703.377702 0.062872842 0.066961728 -0.048305504 0.022358276 -0.069476888 -0.006181409 0.997313857
1341845703.409585 0.062808000 0.071431272 -0.051878564 0.023024868 -0.068892919 -0.007068030 0.997333348
1341845703.441629 0.060783286 0.071752340 -0.053055398 0.022990024 -0.069045506 -0.007701940 0.997318804
1341845703.477741 0.061781053 0.070130818 -0.052788727 0.022612926 -0.069214240 -0.008004657 0.997313380
1341845703.509995 0.063714422 0.069137312 -0.058939755 0.022557018 -0.068810202 -0.008925348 0.997334838
1341845703.541800 0.063592412 0.073049448 -0.051253401 0.023939338 -0.069284737 -0.008527589 0.997273207
1341845703.577765 0.065002158 0.070650630 -0.054436512 0.023660390 -0.069368914 -0.009494483 0.997265339
1341845703.609650 0.063866436 0.071511164 -0.057809100 0.024107885 -0.069261134 -0.009876303 0.997258365
1341845703.651761 0.060344703 0.072214216 -0.054122686 0.024528874 -0.069253504 -0.009719008 0.997250140
1341845703.709916 0.068299688 0.070630513 -0.053969640 0.024762923 -0.071643427 -0.009451755 0.997078061
1341845703.745719 0.062554397 0.073605470 -0.052451245 0.024180517 -0.070709974 -0.010138117 0.997152269
1341845703.777733 0.063346803 0.070504092 -0.048498545 0.022421774 -0.069816142 -0.010838599 0.997249007
1341845703.809711 0.065271743 0.069823526 -0.044369321 0.021984445 -0.069543630 -0.010180566 0.997284710
1341845703.845769 0.063862160 0.068789661 -0.045009371 0.021900682 -0.069428347 -0.010463391 0.997291684
1341845703.877728 0.067641795 0.070711508 -0.054914411 0.021900706 -0.069416516 -0.010731473 0.997289658
1341845703.913808 0.064618476 0.068135545 -0.044609163 0.021197030 -0.069401354 -0.010101835 0.997312486
1341845703.945653 0.064422913 0.066524290 -0.046616826 0.020945475 -0.068963632 -0.010721008 0.997341692
1341845703.977870 0.063757032 0.069733657 -0.045978561 0.021964824 -0.068459228 -0.011035818 0.997351050
1341845704.013637 0.064310327 0.068650864 -0.050895032 0.022336297 -0.068685517 -0.011211064 0.997325301
1341845704.045703 0.069532819 0.068119183 -0.056820456 0.023267049 -0.069303110 -0.010806890 0.997265816
1341845704.077666 0.065814324 0.069822229 -0.046439830 0.024018602 -0.069542713 -0.009915545 0.997240543
1341845704.113706 0.069894582 0.074748166 -0.057662912 0.024500327 -0.069498904 -0.009596997 0.997235000
1341845704.145681 0.066459030 0.075476885 -0.056745816 0.024073590 -0.068608560 -0.010420861 0.997298717
1341845704.181785 0.071088493 0.071984448 -0.055727240 0.023533879 -0.068671420 -0.010587038 0.997305572
1341845704.213778 0.068212658 0.071169361 -0.049272906 0.023369301 -0.068636864 -0.010548148 0.997312188
1341845704.245863 0.070495762 0.071884841 -0.051424719 0.023425790 -0.068903662 -0.010094346 0.997297168
1341845704.281578 0.065554492 0.074241042 -0.052136593 0.023395587 -0.067820877 -0.009915282 0.997373939
1341845704.313707 0.067669861 0.074728429 -0.051467456 0.022613855 -0.067677587 -0.009282753 0.997407734
1341845704.349873 0.071262516 0.072862320 -0.048150815 0.021827713 -0.066796221 -0.009714194 0.997480571
1341845704.381729 0.072119050 0.073061526 -0.046997953 0.021025307 -0.065153442 -0.009793314 0.997605681
1341845704.413817 0.071110144 0.070849910 -0.046007507 0.020745821 -0.063625716 -0.009632017 0.997711718
1341845704.449837 0.071968190 0.072858386 -0.051936261 0.020918161 -0.061873477 -0.010132439 0.997813404
1341845704.481600 0.070153788 0.073237754 -0.050640270 0.019920103 -0.060053967 -0.010138455 0.997944832
1341845704.513671 0.070961766 0.065464221 -0.049645320 0.019665919 -0.059697460 -0.008875191 0.997983336
1341845704.549869 0.058014590 0.061384618 -0.046064038 0.023869002 -0.059264995 -0.007646665 0.997927666
1341845704.581901 0.060025383 0.065059185 -0.046664022 0.028302301 -0.061455622 -0.005279716 0.997694552
1341845704.617838 0.063561827 0.071123466 -0.050559659 0.030774096 -0.062566973 -0.005852348 0.997549057
1341845704.650477 0.067204259 0.070638061 -0.047888976 0.031263128 -0.063263163 -0.007237812 0.997480869
1341845704.681708 0.062803395 0.067094870 -0.046571445 0.031950988 -0.063183717 -0.007660212 0.997460961
1341845704.717704 0.062948942 0.068420291 -0.043156967 0.033538777 -0.064332552 -0.008163001 0.997331440
1341845704.749702 0.066347234 0.073361173 -0.049689211 0.034269799 -0.065112360 -0.009276326 0.997246206
1341845704.781791 0.062061928 0.074732572 -0.044209011 0.033637177 -0.064312063 -0.011036321 0.997301757
1341845704.817744 0.058153581 0.066280089 -0.050155770 0.033004265 -0.063992038 -0.012619077 0.997324765
1341845704.849705 0.060234603 0.067844406 -0.055651803 0.034853373 -0.065866761 -0.012976095 0.997135103
1341845704.885675 0.062527433 0.069248818 -0.052985042 0.035130620 -0.067297503 -0.012854226 0.997031450
1341845704.917742 0.061587323 0.073912054 -0.052461009 0.035162140 -0.067735352 -0.012775043 0.997001708
1341845704.949746 0.063641161 0.074954659 -0.057165850 0.034361318 -0.068434983 -0.013738217 0.996969044
1341845704.985761 0.062100515 0.070814565 -0.055671047 0.033328328 -0.068610482 -0.014728433 0.996977925
1341845705.017537 0.062791504 0.071245305 -0.057479724 0.032651089 -0.068888947 -0.015460222 0.996970057
1341845705.049660 0.060411591 0.074567892 -0.050480001 0.032427169 -0.069294684 -0.016097380 0.996939123
1341845705.085710 0.059472919 0.073805273 -0.049072649 0.031816360 -0.069778100 -0.016072620 0.996925533
1341845705.117831 0.059269946 0.074705407 -0.052562885 0.031933021 -0.070553035 -0.015919391 0.996869683
1341845705.154005 0.060998917 0.077609964 -0.052176692 0.031022536 -0.070906572 -0.016476516 0.996864319
1341845705.185648 0.059271798 0.072746634 -0.050624747 0.029624434 -0.070335492 -0.017342443 0.996932566
1341845705.217695 0.061461773 0.074176088 -0.049078174 0.029746281 -0.070077382 -0.017194200 0.996949732
1341845705.253735 0.064486094 0.074535787 -0.055267997 0.029130680 -0.069959365 -0.017075323 0.996978283
1341845705.285554 0.062580831 0.072247565 -0.054085087 0.028453922 -0.069896497 -0.017281758 0.996998608
1341845705.321646 0.061394945 0.072145417 -0.050112572 0.029095646 -0.070311427 -0.016335852 0.996966898
1341845705.353674 0.061240025 0.071950130 -0.049268153 0.029176010 -0.070724845 -0.015335913 0.996951163
1341845705.385774 0.062954575 0.070115387 -0.050004408 0.029392553 -0.071110770 -0.015771713 0.996910572
1341845705.421801 0.062357381 0.069859400 -0.046683695 0.030342130 -0.070730917 -0.015811112 0.996908486
1341845705.453568 0.060477149 0.068692774 -0.048090126 0.032267340 -0.070303977 -0.015804499 0.996878326
1341845705.485749 0.059638087 0.072203234 -0.049161155 0.034694690 -0.071193270 -0.014398134 0.996755004
1341845705.521655 0.063884370 0.071301691 -0.048502494 0.035794079 -0.072464317 -0.013260624 0.996640325
1341845705.553548 0.062310673 0.073543876 -0.046996351 0.036936026 -0.072371796 -0.012071226 0.996620476
1341845705.589775 0.063793540 0.075190678 -0.047871601 0.036792625 -0.072368130 -0.012435060 0.996621609
1341845705.621894 0.064086057 0.072806157 -0.045312449 0.036786214 -0.072670110 -0.011385339 0.996612370
1341845705.653569 0.058013916 0.073450081 -0.049213167 0.036654282 -0.073942244 -0.011044731 0.996527553
1341845705.689868 0.062511489 0.071968615 -0.050798148 0.036882460 -0.076180018 -0.011818472 0.996341646
1341845705.721810 0.066059239 0.074177414 -0.051279508 0.037087038 -0.075782567 -0.011830619 0.996364176
1341845705.753738 0.066242956 0.072190382 -0.053417403 0.036721550 -0.075243883 -0.012864291 0.996405721
1341845705.789861 0.066587977 0.073700681 -0.050305575 0.036939196 -0.074382551 -0.012393912 0.996468365
1341845705.821704 0.064759284 0.076109201 -0.051400177 0.036960125 -0.073326372 -0.011751473 0.996553659
1341845705.863629 0.061308376 0.072680920 -0.050727513 0.037119493 -0.073775172 -0.012653220 0.996503592
1341845705.895623 0.061071143 0.070651941 -0.054110259 0.038328376 -0.075069897 -0.011349826 0.996376812
1341845705.931726 0.058565851 0.073163800 -0.054906029 0.040077124 -0.077463470 -0.008772634 0.996150792
1341845705.963641 0.066196799 0.077798292 -0.057161443 0.040605504 -0.080012873 -0.009186376 0.995924115
1341845705.995677 0.070266783 0.081563443 -0.052058253 0.039685506 -0.080039963 -0.013732126 0.995906711
1341845706.031837 0.068991557 0.082071960 -0.049730610 0.037319545 -0.077782303 -0.015685461 0.996148169
1341845706.063631 0.059898328 0.076580174 -0.051682856 0.035728805 -0.077216990 -0.015754605 0.996249378
1341845706.095737 0.057097118 0.074578956 -0.047508180 0.035842821 -0.078737661 -0.016658459 0.996111572
1341845706.131716 0.064891897 0.076731220 -0.042408127 0.035127349 -0.079181142 -0.018077791 0.996077120
1341845706.163718 0.063103423 0.074723974 -0.037806924 0.034111127 -0.077753775 -0.016685290 0.996249199
1341845706.195662 0.064286612 0.077837884 -0.041966528 0.035195593 -0.078140236 -0.016004192 0.996192396
1341845706.231610 0.066754773 0.079488724 -0.036712565 0.034600046 -0.078093521 -0.015904509 0.996218562
1341845706.263724 0.069438711 0.076271810 -0.040708899 0.032950621 -0.076450571 -0.014980804 0.996416211
1341845706.299838 0.065089345 0.077742934 -0.041994285 0.032104429 -0.075430542 -0.013795011 0.996538639
1341845706.331753 0.064708292 0.081303455 -0.034449503 0.031965572 -0.076282337 -0.014382967 0.996469915
1341845706.363574 0.066250578 0.078623243 -0.035449445 0.031264484 -0.076254070 -0.014081036 0.996498704
1341845706.399690 0.061327808 0.079112493 -0.033092447 0.031576775 -0.076070085 -0.014393101 0.996498466
1341845706.431735 0.065707594 0.079259172 -0.030934259 0.032041050 -0.076418102 -0.014170351 0.996460259
1341845706.463612 0.069602408 0.075222239 -0.035551704 0.031543501 -0.075751796 -0.013261154 0.996539414
1341845706.499655 0.065333322 0.072437376 -0.036132686 0.031940009 -0.075884692 -0.011766196 0.996535480
1341845706.531782 0.070021324 0.075140387 -0.035018999 0.033104237 -0.077295057 -0.011667216 0.996390224
1341845706.563559 0.077145793 0.073834859 -0.034940761 0.033119090 -0.076153122 -0.011460854 0.996480107
1341845706.599529 0.066928618 0.073039420 -0.031801548 0.034151509 -0.073455594 -0.011164577 0.996651113
1341845706.631786 0.069379255 0.072837301 -0.035130706 0.035835795 -0.074953876 -0.012683036 0.996462166
1341845706.667647 0.074839421 0.070803151 -0.028493620 0.036392741 -0.075157754 -0.011623009 0.996439576
1341845706.700732 0.071049534 0.075418338 -0.029166602 0.036961030 -0.072289459 -0.011462020 0.996632695
1341845706.732115 0.068825364 0.072796002 -0.028616194 0.037143618 -0.071792617 -0.010701121 0.996670306
1341845706.768143 0.070071287 0.070752323 -0.026699597 0.037852116 -0.071495354 -0.009564107 0.996676564
1341845706.800357 0.071874820 0.071478583 -0.031937305 0.038227074 -0.070881918 -0.007857867 0.996720970
1341845706.832602 0.072536014 0.072013646 -0.034769133 0.038416222 -0.070993379 -0.008344139 0.996701837
1341845706.869449 0.072684288 0.076696634 -0.030314719 0.038258068 -0.070982888 -0.007504437 0.996715367
1341845706.933651 0.073711760 0.074223481 -0.027617157 0.037240226 -0.071862683 -0.006563724 0.996697485
1341845706.994021 0.070124917 0.072834268 -0.028607959 0.035952479 -0.070929818 -0.005879811 0.996815860
1341845707.029674 0.072284475 0.069743104 -0.030861108 0.036126141 -0.071524911 -0.003987379 0.996776402
1341845707.061864 0.075703859 0.070502326 -0.027177479 0.036950432 -0.071858451 -0.004036045 0.996722043
1341845707.097704 0.075178981 0.068691887 -0.028880265 0.036874615 -0.070753865 -0.003203816 0.996806920
1341845707.129770 0.072653443 0.065567277 -0.024577674 0.038636629 -0.070359476 -0.002520847 0.996770024
1341845707.161817 0.076068975 0.067167930 -0.026806038 0.041119497 -0.071323924 -0.001974115 0.996603310
1341845707.197721 0.080608077 0.067352563 -0.029031223 0.041897476 -0.070812657 -0.001803819 0.996607721
1341845707.229795 0.082977861 0.070089519 -0.030656584 0.042822480 -0.069983162 -0.002423233 0.996625721
1341845707.261851 0.082772426 0.068903290 -0.027891120 0.043254536 -0.069946557 -0.001376058 0.996611595
1341845707.297710 0.084468439 0.070081227 -0.028547050 0.043460283 -0.069352403 -0.000969654 0.996644676
1341845707.329761 0.086976372 0.069238752 -0.027496779 0.042716399 -0.068022698 -0.001874828 0.996767163
1341845707.365850 0.081587240 0.064087890 -0.019921241 0.042711370 -0.065815948 -0.001390298 0.996916294
1341845707.397796 0.078870185 0.064216651 -0.021104427 0.043867268 -0.065606721 0.000903869 0.996880472
1341845707.429752 0.082592621 0.062737249 -0.018408034 0.044758037 -0.066090733 0.001781887 0.996807694
1341845707.465767 0.087010004 0.061840840 -0.023507932 0.045468133 -0.065061018 0.001429288 0.996843874
1341845707.497642 0.089132801 0.061086405 -0.027014459 0.045846231 -0.063492589 0.001658948 0.996927381
1341845707.533665 0.091943987 0.053937517 -0.023302669 0.045923900 -0.062754229 0.002474678 0.996968865
1341845707.565754 0.092178546 0.056308459 -0.020065151 0.047151364 -0.060664374 0.002366866 0.997041166
1341845707.597603 0.096045561 0.055874866 -0.024761349 0.047382079 -0.059084523 0.002144478 0.997125566
1341845707.633748 0.092745490 0.057020649 -0.024759687 0.047846217 -0.058316998 0.002845085 0.997146845
1341845707.665870 0.094568126 0.057146825 -0.024465488 0.048537377 -0.058827624 0.003808857 0.997080207
1341845707.698455 0.097758122 0.059154194 -0.020009771 0.048234764 -0.058655091 0.004069224 0.997104049
1341845707.734303 0.093124591 0.058264945 -0.021019179 0.047597080 -0.057546865 0.002595521 0.997204244
1341845707.766259 0.094975792 0.056162633 -0.017594663 0.047321048 -0.057986792 0.002518872 0.997192085
1341845707.836344 0.093380451 0.055712327 -0.019723095 0.048951175 -0.057752673 0.002399063 0.997127235
1341845707.866230 0.089641981 0.064355850 -0.014748009 0.050037328 -0.058185317 0.001812157 0.997049451
1341845707.901694 0.089571431 0.062239129 -0.013969149 0.049226418 -0.058414787 0.002976947 0.997073591
1341845707.933640 0.090497218 0.060739528 -0.015465323 0.049157042 -0.059052859 0.003192740 0.997038782
1341845707.965831 0.090052612 0.060158696 -0.017073197 0.049683962 -0.058826391 0.002488405 0.997027993
1341845708.001954 0.089533232 0.059973080 -0.015056481 0.049536634 -0.058290787 0.003610921 0.997063339
1341845708.034393 0.088569820 0.058678187 -0.018327378 0.049601633 -0.058722004 0.002485533 0.997038245
1341845708.069946 0.091200955 0.060545683 -0.017233711 0.049518436 -0.059275225 0.002655405 0.997009218
1341845708.101700 0.089816161 0.058010384 -0.017804552 0.048563670 -0.058798984 0.002262905 0.997085333
1341845708.133697 0.091002539 0.057455175 -0.019606540 0.048850566 -0.059723929 0.001809533 0.997017324
1341845708.169675 0.094467908 0.058985818 -0.021324484 0.049075752 -0.060698196 0.001487182 0.996947885
1341845708.201793 0.089139037 0.057246711 -0.019060438 0.048535835 -0.059960440 0.000654042 0.997019887
1341845708.233744 0.087660804 0.056798566 -0.015781159 0.048962776 -0.060621969 0.000327101 0.996959209
1341845708.269711 0.087653242 0.056109708 -0.017631400 0.049424827 -0.061379232 0.000532118 0.996889949
1341845708.301629 0.095283054 0.058413550 -0.028981563 0.049900550 -0.062447708 0.000110488 0.996800005
1341845708.337612 0.091020219 0.060334910 -0.018893231 0.049629126 -0.062219039 -0.001260387 0.996827066
1341845708.369900 0.089323997 0.060045395 -0.013774579 0.049273074 -0.061651107 -0.002009831 0.996878803
1341845708.401883 0.093302056 0.055753842 -0.021440029 0.048947189 -0.062467247 -0.002783884 0.996842206
1341845708.443610 0.097302824 0.059817169 -0.020402709 0.049759075 -0.063525751 -0.002562097 0.996735632
1341845708.501776 0.093326226 0.060131125 -0.019598296 0.048968662 -0.064235508 -0.002057708 0.996730506
1341845708.543852 0.092589796 0.060469877 -0.021248784 0.049430132 -0.065681934 -0.002088298 0.996613383
1341845708.605675 0.100071907 0.059474181 -0.026807576 0.048373595 -0.068048730 -0.004645526 0.996497810
1341845708.637641 0.098284766 0.061026920 -0.031042963 0.048658788 -0.069530934 -0.004856595 0.996380627
1341845708.669692 0.100902453 0.062637366 -0.030822482 0.048981845 -0.071650624 -0.005901806 0.996208966
1341845708.705736 0.097840063 0.062983029 -0.028590588 0.048222803 -0.071060598 -0.005880844 0.996288359
1341845708.738027 0.092017651 0.063007005 -0.029559640 0.047788873 -0.070948593 -0.006979091 0.996310174
1341845708.773829 0.092803963 0.063844904 -0.028350642 0.048133463 -0.073140077 -0.007474206 0.996131480
1341845708.805763 0.094398513 0.065960459 -0.024096314 0.047613576 -0.073800318 -0.007480349 0.996107757
1341845708.838653 0.092245527 0.068336122 -0.024973597 0.047457989 -0.074071348 -0.009551019 0.996077359
1341845708.873912 0.090891123 0.069741726 -0.028087107 0.047555745 -0.075086221 -0.011082638 0.995980799
1341845708.905735 0.089680299 0.069543600 -0.022838606 0.047328260 -0.075203955 -0.011781217 0.995974720
1341845708.938426 0.088059880 0.069384016 -0.028239788 0.047201771 -0.075182207 -0.013879468 0.995955408
1341845708.973642 0.088083602 0.072692879 -0.032336004 0.047528036 -0.076402389 -0.013170674 0.995856583
1341845709.005742 0.089043744 0.072052427 -0.027777849 0.047004528 -0.077702746 -0.013213733 0.995780289
1341845709.041686 0.089059472 0.072206475 -0.030129693 0.047096200 -0.077999987 -0.014273155 0.995738029
1341845709.073656 0.088282861 0.074727885 -0.029069047 0.046992324 -0.078557312 -0.016036211 0.995672345
1341845709.105658 0.084639139 0.071041599 -0.031395152 0.046433721 -0.078590900 -0.016025452 0.995696068
1341845709.141741 0.085479043 0.072488293 -0.029355327 0.046608809 -0.080138467 -0.017232256 0.995544314
1341845709.173646 0.087939501 0.072739638 -0.032250911 0.046213612 -0.080215700 -0.016404914 0.995570540
1341845709.205765 0.086306319 0.075548090 -0.029258249 0.045987755 -0.080423474 -0.016521079 0.995562315
1341845709.241765 0.085987560 0.073969364 -0.031091303 0.045209728 -0.080281734 -0.016700320 0.995606363
1341845709.273754 0.082856253 0.073299929 -0.027819755 0.044671092 -0.079587124 -0.016581956 0.995688438
1341845709.309890 0.084940873 0.070591666 -0.032095354 0.044440158 -0.079901718 -0.015878838 0.995685041
1341845709.341728 0.085294873 0.076559626 -0.029213801 0.044601664 -0.080265716 -0.014776872 0.995665550
1341845709.373776 0.087106496 0.072607107 -0.034462743 0.043085415 -0.080255814 -0.014324734 0.995739698
1341845709.409657 0.086783677 0.076423563 -0.034212831 0.041681658 -0.080007829 -0.013713873 0.995828032
1341845709.442072 0.085776374 0.074687079 -0.035204135 0.039414443 -0.080406740 -0.011254088 0.995918989
1341845709.473660 0.083744332 0.076451220 -0.031445172 0.037960425 -0.080747373 -0.010888184 0.995951951
1341845709.509632 0.082879074 0.079219662 -0.033293657 0.036455553 -0.080655396 -0.010096112 0.996024013
1341845709.541673 0.080284901 0.078190595 -0.035794962 0.034180630 -0.080922708 -0.009905510 0.996084929
1341845709.578645 0.082565777 0.079067476 -0.038288154 0.033171181 -0.082435668 -0.009665344 0.995997369
1341845709.609672 0.085848391 0.079186164 -0.038949776 0.032893885 -0.084127575 -0.010421197 0.995857418
1341845709.642057 0.086110689 0.077188790 -0.037449040 0.032589450 -0.085092679 -0.010475173 0.995784819
1341845709.709730 0.084649749 0.078916922 -0.038183738 0.031519756 -0.086288631 -0.010480260 0.995716333
1341845709.745593 0.083114162 0.081562310 -0.042678755 0.031247195 -0.085659541 -0.011227542 0.995771110
1341845709.777709 0.082966626 0.076514736 -0.043318562 0.030137761 -0.085981146 -0.010463357 0.995785892
1341845709.809687 0.084278204 0.080409043 -0.041712672 0.030691179 -0.086369731 -0.010688083 0.995732963
1341845709.845686 0.090417050 0.083827190 -0.040050935 0.031037677 -0.085773207 -0.012414016 0.995753765
1341845709.878752 0.085035712 0.080749206 -0.035423242 0.030712020 -0.083244540 -0.014615403 0.995948553
1341845709.909693 0.081522331 0.078711353 -0.036627788 0.031327736 -0.082248047 -0.013449337 0.996028602
1341845709.945663 0.085478887 0.075316228 -0.040962093 0.032527599 -0.083871886 -0.012651023 0.995865226
1341845709.977698 0.086086623 0.075710803 -0.037511930 0.034049254 -0.084391840 -0.011998921 0.995778501
1341845710.013739 0.083301105 0.076284215 -0.037530139 0.034533422 -0.083138883 -0.012888399 0.995856106
1341845710.045754 0.085030809 0.077903591 -0.036632303 0.035715099 -0.082701415 -0.013917454 0.995836973
1341845710.077705 0.082558535 0.079186417 -0.035670601 0.035911344 -0.083159998 -0.014320198 0.995786011
1341845710.113730 0.085170373 0.076688200 -0.036443640 0.035550110 -0.083104655 -0.014057801 0.995807290
1341845710.145759 0.079761937 0.078541681 -0.038784411 0.035957873 -0.082151510 -0.013708376 0.995876670
1341845710.177824 0.078481995 0.075389735 -0.042472262 0.035873257 -0.082818270 -0.013092100 0.995832741
1341845710.213581 0.085926160 0.075909637 -0.041710295 0.036407217 -0.083924375 -0.013796723 0.995711267
1341845710.245636 0.083687842 0.073854253 -0.044110090 0.036915537 -0.083874695 -0.013922364 0.995694995
1341845710.281582 0.082203969 0.074551545 -0.041198596 0.039153971 -0.085304186 -0.016091827 0.995455265
1341845710.313617 0.084854543 0.075218424 -0.042470310 0.039775643 -0.086255558 -0.015939528 0.995351076
1341845710.345643 0.081475712 0.075821705 -0.041027740 0.039686583 -0.085323550 -0.014827934 0.995452225
1341845710.381860 0.076944694 0.074776061 -0.039523214 0.040341739 -0.085295320 -0.014901938 0.995427191
1341845710.413817 0.083205760 0.077144429 -0.039471578 0.040986933 -0.086611390 -0.014807747 0.995288551
1341845710.445824 0.080865905 0.076201364 -0.042398747 0.040193453 -0.085195936 -0.014226311 0.995451570
1341845710.481794 0.081969775 0.075270161 -0.041067306 0.040094964 -0.086241856 -0.014694300 0.995358706
1341845710.513650 0.081867419 0.073674470 -0.039778691 0.039900906 -0.086293250 -0.014229378 0.995368719
1341845710.549635 0.078712776 0.074874260 -0.037006769 0.040570159 -0.086044222 -0.013059523 0.995379269
1341845710.581654 0.078771502 0.075087026 -0.037989356 0.041720107 -0.086607985 -0.013357206 0.995278895
1341845710.613694 0.076348163 0.075164378 -0.038868129 0.041694429 -0.085826233 -0.012536901 0.995358467
1341845710.649564 0.078635328 0.071382262 -0.041414630 0.041393854 -0.085920073 -0.011741897 0.995372534
1341845710.681648 0.079962432 0.073740095 -0.038342550 0.042648170 -0.086469203 -0.012307253 0.995265186
1341845710.713728 0.085285813 0.072456233 -0.040359817 0.042559858 -0.086277068 -0.011648497 0.995293617
1341845710.749785 0.081731796 0.071376994 -0.039626572 0.042719275 -0.085345566 -0.011153322 0.995372713
1341845710.781816 0.078988500 0.072203398 -0.037653454 0.043535080 -0.085301615 -0.011338171 0.995339096
1341845710.817567 0.083290741 0.073953308 -0.041142549 0.043700684 -0.085050896 -0.012041166 0.995344937
1341845710.850205 0.086796783 0.075377204 -0.039448928 0.043466281 -0.084783487 -0.011277234 0.995387018
1341845710.882136 0.084626958 0.072693780 -0.038530998 0.042852622 -0.085065804 -0.010054957 0.995402634
1341845710.917631 0.084225252 0.072808437 -0.036304612 0.042958349 -0.085147068 -0.010833136 0.995382965
1341845710.950281 0.081829704 0.071994856 -0.040350903 0.042534992 -0.083697140 -0.010261443 0.995530188
1341845710.985647 0.081171870 0.066702202 -0.041141834 0.043137435 -0.084328510 -0.010296742 0.995450616
1341845711.017722 0.085654408 0.076203048 -0.042786375 0.045577895 -0.086487472 -0.012031466 0.995137095
1341845711.049965 0.091894262 0.082118183 -0.042181235 0.045022070 -0.085664190 -0.012989342 0.995221615
1341845711.085583 0.084141135 0.073556863 -0.034001123 0.043116547 -0.082341351 -0.012975963 0.995586574
1341845711.117670 0.082357049 0.072242133 -0.047015972 0.043592948 -0.082706302 -0.012936564 0.995536089
1341845711.149770 0.085408337 0.073652178 -0.039123159 0.044034220 -0.083937712 -0.012189329 0.995423019
1341845711.191691 0.087105215 0.076530188 -0.033627763 0.043289054 -0.082754195 -0.011701055 0.995560586
1341845711.253627 0.083048739 0.075529434 -0.036848545 0.044386528 -0.084204078 -0.012161142 0.995385230
1341845711.285627 0.084108345 0.078337900 -0.035068072 0.043623999 -0.084856838 -0.012584762 0.995358229
1341845711.317874 0.088125870 0.075580657 -0.039255816 0.042544793 -0.084464617 -0.012895281 0.995434284
1341845711.353756 0.089391910 0.081403166 -0.035908621 0.042141952 -0.084087104 -0.013731509 0.995472252
1341845711.385687 0.087433442 0.077986956 -0.036720626 0.040042970 -0.081784837 -0.014486213 0.995739937
1341845711.417635 0.086755641 0.075633921 -0.039538909 0.039169580 -0.081107847 -0.013916964 0.995838106
1341845711.485895 0.088219017 0.078388132 -0.039096549 0.041474335 -0.083636902 -0.011939218 0.995561242
1341845711.521704 0.084788449 0.075944312 -0.035997678 0.041554548 -0.082349412 -0.011511159 0.995670319
1341845711.553696 0.086596891 0.074683346 -0.036636032 0.041939303 -0.082241081 -0.011360633 0.995664835
1341845711.585708 0.087619387 0.077719271 -0.036438905 0.041486032 -0.081654727 -0.011579497 0.995729566
1341845711.621659 0.084801741 0.075937912 -0.035078876 0.040606592 -0.079928063 -0.012155452 0.995899022
1341845711.653731 0.082900956 0.074007243 -0.035217948 0.040732626 -0.080093749 -0.012195100 0.995880067
1341845711.685758 0.084372066 0.076242551 -0.033572700 0.040964801 -0.080606245 -0.011483415 0.995837688
1341845711.721850 0.086732194 0.074100085 -0.036354229 0.040956635 -0.080491297 -0.010326108 0.995859981
1341845711.754323 0.082345419 0.075064331 -0.034308054 0.041537255 -0.080753572 -0.010185650 0.995816112
1341845711.789716 0.087045453 0.076195233 -0.034150422 0.041851591 -0.082683370 -0.009851999 0.995647967
1341845711.821820 0.087965660 0.075353369 -0.032528322 0.041830540 -0.082530975 -0.009665604 0.995663345
1341845711.854173 0.085262947 0.075277738 -0.033114247 0.042230729 -0.081719913 -0.010726875 0.995702505
1341845711.889875 0.088105068 0.078221932 -0.031401023 0.042049415 -0.080735497 -0.011654475 0.995779991
1341845711.923959 0.086593896 0.074363761 -0.036891785 0.040581744 -0.078118987 -0.012055617 0.996044815
1341845711.957595 0.087787196 0.077827670 -0.037600823 0.040274948 -0.078276500 -0.012328815 0.996041596
1341845711.989820 0.089397840 0.076985613 -0.034927461 0.039564002 -0.077715166 -0.013846039 0.996094048
1341845712.057899 0.087349676 0.078004636 -0.036094379 0.038693573 -0.077107891 -0.012011516 0.996199310
1341845712.090038 0.091943726 0.080369353 -0.035776641 0.037970543 -0.076865740 -0.014498018 0.996212661
1341845712.127587 0.091076210 0.079837367 -0.034274120 0.036649115 -0.074540198 -0.015841253 0.996418417
1341845712.195638 0.086570971 0.078054965 -0.032118153 0.038493354 -0.078920260 -0.013400138 0.996047378
1341845712.257830 0.088506386 0.076948382 -0.034605935 0.036639065 -0.075789146 -0.015675707 0.996327221
1341845712.289935 0.084835559 0.076411277 -0.035488505 0.036970008 -0.075826682 -0.015578619 0.996313691
