1341845688.561749 0.0000000 0.0000000 0.0000000 -0.0000000 -0.0000000 -0.0000000 1.0000000
1341845688.663680 -0.0085882 0.0011554 -0.0104166 0.0042478 -0.0126884 0.0132261 0.9998230
1341845688.697719 -0.0122002 -0.0031133 -0.0158828 0.0068742 -0.0176125 0.0189460 0.9996418
1341845688.761762 -0.0090476 0.0085669 -0.0129825 0.0150364 -0.0275184 0.0216493 0.9992737
1341845688.965631 -0.0197138 0.0325178 -0.0235313 0.0186324 -0.0323483 0.0202206 0.9990984
1341845689.133718 -0.0183863 0.0597405 -0.0259811 0.0065210 -0.0265432 0.0153129 0.9995092
1341845689.265745 -0.0239510 0.0495993 -0.0447550 -0.0048125 -0.0227685 0.0232096 0.9994597
1341845689.401592 -0.0216165 0.0520852 -0.0457421 -0.0056158 -0.0231048 0.0235538 0.9994398
1341845689.501840 -0.0261480 0.0469486 -0.0520951 0.0007938 -0.0276123 0.0199146 0.9994200
1341845689.701700 -0.0282892 0.0525303 -0.0582469 0.0125694 -0.0379730 0.0035985 0.9991933
1341845689.833757 -0.0321617 0.0535116 -0.0600208 0.0141324 -0.0463411 -0.0012093 0.9988250
1341845690.269981 -0.0322962 0.0513066 -0.0592578 0.0158996 -0.0561376 -0.0039437 0.9982887
1341845690.573708 -0.0291679 0.0540049 -0.0575934 0.0152762 -0.0590775 -0.0053595 0.9981222
1341845691.981657 -0.0169082 0.0508456 -0.0567516 0.0230604 -0.0449476 -0.0127557 0.9986417
1341845692.717676 0.0042269 0.0504747 -0.0635158 0.0357443 -0.0538767 -0.0155733 0.9977862
1341845694.595586 0.0040855 0.0526932 -0.0760933 0.0521478 -0.0453885 -0.0130318 0.9975223
1341845695.371706 0.0282916 0.0523174 -0.0780941 0.0614428 -0.0510347 -0.0041423 0.9967964
1341845697.713520 0.0321561 0.0740201 -0.0496535 0.0326143 -0.0686418 0.0090757 0.9970669
1341845698.413724 0.0424592 0.0633622 -0.0660365 0.0273349 -0.0751988 0.0046045 0.9967832
1341845698.649887 0.0437609 0.0652244 -0.0628323 0.0301665 -0.0808093 0.0007575 0.9962727
1341845698.817603 0.0459602 0.0692985 -0.0643809 0.0301620 -0.0806332 0.0006610 0.9962872
1341845699.153695 0.0470176 0.0705049 -0.0651414 0.0201199 -0.0800600 -0.0000044 0.9965870
1341845699.454093 0.0509282 0.0700099 -0.0638722 0.0201653 -0.0817438 -0.0007445 0.9964491
1341845703.541800 0.0635924 0.0730494 -0.0512534 0.0239393 -0.0692847 -0.0085276 0.9972732
1341845704.213778 0.0682127 0.0711694 -0.0492729 0.0233693 -0.0686369 -0.0105481 0.9973122
1341845704.349873 0.0712625 0.0728623 -0.0481508 0.0218277 -0.0667962 -0.0097142 0.9974806
1341845704.650477 0.0672043 0.0706381 -0.0478890 0.0312631 -0.0632632 -0.0072378 0.9974809
1341845704.749702 0.0663472 0.0733612 -0.0496892 0.0342698 -0.0651124 -0.0092763 0.9972462
1341845704.885675 0.0625274 0.0692488 -0.0529850 0.0351306 -0.0672975 -0.0128542 0.9970315
1341845706.768143 0.0700713 0.0707523 -0.0266996 0.0378521 -0.0714954 -0.0095641 0.9966766
1341845707.365850 0.0815872 0.0640879 -0.0199212 0.0427114 -0.0658159 -0.0013903 0.9969163
1341845707.465767 0.0870100 0.0618408 -0.0235079 0.0454681 -0.0650610 0.0014293 0.9968439
1341845711.017722 0.0856544 0.0762031 -0.0427864 0.0455779 -0.0864875 -0.0120315 0.9951371
1341845711.417635 0.0867556 0.0756339 -0.0395389 0.0391696 -0.0811078 -0.0139170 0.9958381
1341845712.127587 0.0910762 0.0798374 -0.0342741 0.0366491 -0.0745402 -0.0158413 0.9964184
