1341846647.802247 0.000000000 0.000000000 0.000000000 -0.000000000 -0.000000000 -0.000000000 1.000000000
1341846647.834093 0.002876889 -0.004094118 -0.000779085 0.000029236 -0.000054727 0.001183527 0.999999285
1341846647.866652 0.008331592 -0.004996662 -0.004645402 0.001425264 0.001505737 0.002806032 0.999993920
1341846647.901972 0.011801403 -0.006104422 -0.006886125 0.001150871 0.003165225 0.002520797 0.999991179
1341846647.934224 0.014205034 -0.007397833 -0.007292573 -0.000416884 0.003046702 0.003458256 0.999989271
1341846647.970225 0.015445044 -0.012750047 -0.006153197 -0.002117471 0.001311791 0.004375096 0.999987364
1341846648.002341 0.016149782 -0.015065374 -0.009078010 -0.003463977 0.000723820 0.004492184 0.999983728
1341846648.034343 0.016223492 -0.012448195 -0.010082896 -0.004975232 -0.000457339 0.004061369 0.999979258
1341846648.070164 0.016168706 -0.015063728 -0.008075113 -0.006626121 -0.003464930 0.005215907 0.999958456
1341846648.102152 0.015000569 -0.017342802 -0.008008782 -0.006083074 -0.006290975 0.005529618 0.999946475
1341846648.138185 0.011032867 -0.022945855 -0.012086159 -0.008042177 -0.006677399 0.004869962 0.999933541
1341846648.170568 0.010009516 -0.030319251 -0.012740206 -0.012775528 -0.008077759 0.004063241 0.999877572
1341846648.202106 0.011925866 -0.032176834 -0.015360272 -0.013998887 -0.012977718 0.003552923 0.999811471
1341846648.238157 0.008127302 -0.036950462 -0.016343588 -0.014260328 -0.017202601 0.003420976 0.999744475
1341846648.270152 0.007758234 -0.043620303 -0.016338432 -0.018382316 -0.022308100 0.000754938 0.999581873
1341846648.302183 0.003807162 -0.047698591 -0.016404130 -0.024604734 -0.026356189 -0.004555749 0.999339402
1341846648.338170 0.000739100 -0.048398811 -0.020932233 -0.027525043 -0.030322433 -0.007977258 0.999129236
1341846648.370216 0.002057304 -0.044523906 -0.028855033 -0.028166665 -0.037646685 -0.008748660 0.998855770
1341846648.406052 0.003527715 -0.042199388 -0.025093257 -0.028962959 -0.048110880 -0.007782702 0.998391688
1341846648.438342 -0.006823800 -0.038401742 -0.028309554 -0.027673719 -0.051348701 -0.006648667 0.998275220
1341846648.470076 -0.005547792 -0.041679639 -0.026562069 -0.029861458 -0.056971822 -0.006023733 0.997910976
1341846648.506263 -0.006746198 -0.034248006 -0.030311447 -0.031658273 -0.062705807 -0.005927932 0.997512221
1341846648.538249 -0.007626632 -0.034154605 -0.029080488 -0.034594063 -0.068558887 -0.008328980 0.997012317
1341846648.570179 -0.008514176 -0.035272095 -0.028980592 -0.038102288 -0.071207151 -0.009227390 0.996690869
1341846648.606081 -0.000418644 -0.039940175 -0.025618816 -0.041738704 -0.077393793 -0.009305175 0.996083081
1341846648.638395 0.001127727 -0.037998136 -0.019122742 -0.040793624 -0.086910471 -0.010233081 0.995328009
1341846648.674053 0.004086341 -0.038297512 -0.016326483 -0.039136734 -0.091392688 -0.012648625 0.994965196
1341846648.706058 0.007116357 -0.046842456 -0.018457877 -0.042104997 -0.097623169 -0.011269864 0.994268537
1341846648.738116 0.009038171 -0.038015224 -0.014726046 -0.039674170 -0.107174851 -0.013836142 0.993351996
1341846648.774049 0.013893286 -0.032922432 -0.008247807 -0.035872381 -0.110803798 -0.015668921 0.993071139
1341846648.805941 0.018121997 -0.037568007 -0.008690163 -0.035977025 -0.113920480 -0.011755754 0.992768645
1341846648.838602 0.023984421 -0.030002609 -0.013319558 -0.034890890 -0.122853279 -0.010264193 0.991758287
1341846648.874088 0.030347403 -0.019499009 -0.014101263 -0.033845942 -0.126972541 -0.014383216 0.991224289
1341846648.906165 0.040766254 -0.027769739 -0.005620650 -0.038980749 -0.133460686 -0.010450969 0.990232050
1341846648.942154 0.062755421 -0.022934055 -0.005609273 -0.037590239 -0.153245971 -0.006347432 0.987452447
1341846648.974090 0.066135854 -0.018268155 -0.006918612 -0.039004065 -0.164017439 -0.007160341 0.985660017
1341846649.006157 0.085722171 -0.021627055 0.016236601 -0.043918390 -0.171479732 -0.006287348 0.984188139
1341846649.042101 0.102697723 -0.026274800 0.012576044 -0.044970851 -0.181399673 -0.000186419 0.982380688
1341846649.074128 0.122309901 -0.014148917 0.008342408 -0.043931156 -0.192082763 -0.007971830 0.980362535
1341846649.106188 0.134307042 -0.010280741 0.029486723 -0.046465833 -0.195873007 -0.018672816 0.979349792
1341846649.142042 0.146737650 -0.012307785 0.028251298 -0.049407016 -0.200062409 -0.018192092 0.978367567
1341846649.174442 0.161592662 0.001700356 0.029939627 -0.048314232 -0.207532570 -0.021415913 0.976799548
1341846649.216152 0.170747966 -0.007170468 0.049235720 -0.051897522 -0.210692510 -0.026108732 0.975824654
1341846649.248048 0.184794515 -0.006505235 0.047057848 -0.053731825 -0.212169454 -0.023288919 0.975476682
1341846649.280075 0.195789203 -0.002374193 0.038295038 -0.057346039 -0.215371281 -0.022620816 0.974584579
1341846649.316071 0.204571828 -0.005182305 0.051270552 -0.062955439 -0.217586517 -0.021608727 0.973768830
1341846649.348041 0.216812491 -0.006380790 0.063061439 -0.064286396 -0.222386166 -0.016773222 0.972692311
1341846649.383973 0.223782748 -0.006124181 0.065398864 -0.063041627 -0.227491945 -0.012620028 0.971655250
1341846649.416053 0.226331517 0.003211037 0.056149162 -0.062288344 -0.226326764 -0.019609842 0.971860051
1341846649.448084 0.231699318 -0.002160001 0.064902239 -0.067923531 -0.224392489 -0.019111462 0.971940935
1341846649.484154 0.236916423 -0.007254900 0.077141151 -0.071226709 -0.228134692 -0.016924908 0.970873296
1341846649.516198 0.241983756 0.001060894 0.082837038 -0.068402193 -0.230565742 -0.021201970 0.970417976
1341846649.552101 0.244266436 0.000378334 0.088072993 -0.066757552 -0.228581250 -0.026459541 0.970872760
1341846649.616167 0.242302835 -0.017304100 0.085433692 -0.069735505 -0.230262458 -0.018450873 0.970451355
1341846649.678101 0.245507196 -0.029078053 0.096125841 -0.070563823 -0.233040258 -0.022663869 0.969638765
1341846649.710937 0.247158304 -0.039666299 0.094629228 -0.071553133 -0.239038184 -0.020478357 0.968153715
1341846649.746112 0.248880193 -0.036933854 0.096863359 -0.068649702 -0.244881690 -0.025548369 0.966782093
1341846649.778019 0.262734979 -0.035013802 0.105388477 -0.067198262 -0.251451433 -0.024388721 0.965226293
1341846649.810257 0.266178131 -0.040196359 0.101145141 -0.067304604 -0.259039968 -0.022719117 0.963250875
1341846649.846059 0.270418286 -0.035417501 0.079733349 -0.067636900 -0.266310662 -0.027857762 0.961107612
1341846649.878137 0.278802484 -0.030397248 0.094290204 -0.070958339 -0.273154527 -0.029990694 0.958880663
1341846649.914184 0.281370401 -0.036311604 0.115635492 -0.071450062 -0.279995650 -0.025480522 0.956999540
1341846649.952612 0.285069853 -0.033508621 0.107237622 -0.069092259 -0.281366199 -0.024047822 0.956807792
1341846650.014156 0.299613178 -0.037030295 0.123459280 -0.069109276 -0.286803186 -0.014904254 0.955377281
1341846650.046184 0.304821372 -0.033496495 0.127507135 -0.067527711 -0.289458871 -0.015198034 0.954684615
1341846650.078250 0.310659796 -0.033043221 0.137854844 -0.065605603 -0.289376259 -0.017422369 0.954805613
1341846650.114215 0.317811608 -0.043156348 0.141821235 -0.066310003 -0.289900303 -0.012668247 0.954672873
1341846650.146137 0.323964387 -0.043015122 0.151501566 -0.064316027 -0.293381304 -0.009110662 0.953786075
1341846650.182236 0.330470532 -0.040767103 0.156890422 -0.059275679 -0.293375760 -0.012459385 0.954076469
1341846650.214164 0.337953061 -0.048044354 0.150677457 -0.059009213 -0.292057157 -0.011243411 0.954512537
1341846650.246084 0.344212651 -0.052829869 0.155800596 -0.061803162 -0.293915361 -0.010950178 0.953768492
1341846650.282167 0.346577018 -0.051114470 0.179974854 -0.057357743 -0.294199020 -0.016292430 0.953882396
1341846650.314158 0.354595244 -0.059102111 0.165074095 -0.055496667 -0.290163338 -0.017517051 0.955205977
1341846650.350453 0.362930238 -0.062848799 0.157946736 -0.057839792 -0.290490419 -0.017705552 0.954964101
1341846650.382075 0.363095522 -0.066318117 0.170975223 -0.059999958 -0.291080475 -0.021377236 0.954575956
1341846650.414224 0.360954374 -0.063520640 0.177541286 -0.056768093 -0.286593288 -0.022858415 0.956095815
1341846650.450353 0.363244355 -0.068796292 0.166321173 -0.056941342 -0.281182170 -0.019108333 0.957773089
1341846650.484849 0.364254802 -0.065980256 0.161570385 -0.057436030 -0.278157681 -0.023289127 0.958533823
1341846650.514091 0.360571772 -0.067819029 0.172501191 -0.058092285 -0.272809565 -0.024486089 0.960000396
1341846650.550746 0.355585903 -0.072796546 0.178046495 -0.054272566 -0.266021848 -0.021480767 0.962198257
1341846650.582069 0.352178514 -0.073464982 0.163067445 -0.050020318 -0.259036928 -0.021652078 0.964328349
1341846650.618092 0.346951306 -0.073759198 0.153193116 -0.049846631 -0.252541542 -0.024687978 0.965985894
1341846650.650422 0.339396775 -0.073429756 0.153990805 -0.048613440 -0.245051593 -0.028687334 0.967865467
1341846650.682114 0.331285477 -0.077140883 0.147177920 -0.048403554 -0.237850726 -0.029346501 0.969650984
1341846650.718110 0.322835147 -0.077526242 0.142601892 -0.047553454 -0.232251212 -0.032679856 0.970942974
1341846650.750112 0.313016534 -0.069639593 0.136369854 -0.043636341 -0.224168122 -0.038217433 0.972822666
1341846650.782116 0.302666426 -0.076656923 0.139763594 -0.044290766 -0.214555919 -0.034381840 0.975101054
1341846650.818115 0.290958554 -0.080834143 0.132204726 -0.042437796 -0.209831238 -0.031456325 0.976309597
1341846650.850139 0.281040788 -0.072601549 0.117452741 -0.039184008 -0.204315558 -0.035600122 0.977472484
1341846650.886238 0.272602856 -0.067803241 0.116545945 -0.039298270 -0.193081275 -0.040302809 0.979566753
1341846650.918288 0.259921640 -0.078929037 0.118291959 -0.042668570 -0.182372034 -0.033012725 0.981748462
1341846650.950233 0.246667072 -0.076995276 0.107040711 -0.042066768 -0.174220935 -0.030603549 0.983331561
1341846650.986247 0.239166141 -0.068067580 0.102703117 -0.040130615 -0.164520755 -0.032849815 0.985009313
1341846651.050482 0.212520391 -0.074358955 0.089998573 -0.040269457 -0.145210803 -0.023345388 0.988305211
1341846651.086169 0.200982854 -0.066800557 0.086585149 -0.042486217 -0.137196556 -0.024683990 0.989324450
1341846651.118423 0.190783605 -0.069782309 0.098214373 -0.042031292 -0.127824977 -0.021665320 0.990668833
1341846651.154189 0.177818298 -0.070099369 0.087464124 -0.037516486 -0.119671255 -0.018474439 0.991932452
1341846651.186391 0.167905226 -0.073120236 0.079200201 -0.039917521 -0.113537222 -0.016228378 0.992598951
1341846651.218036 0.157606810 -0.070320718 0.079120822 -0.041261114 -0.108142734 -0.018557765 0.993105352
1341846651.254031 0.147039920 -0.070916772 0.078713380 -0.041606825 -0.102648869 -0.018290782 0.993678808
1341846651.286406 0.135918438 -0.070475727 0.077507064 -0.043237265 -0.097519621 -0.020535370 0.994081855
1341846651.318309 0.125067681 -0.072445050 0.084181935 -0.044902530 -0.093192019 -0.022845037 0.994372785
1341846651.354135 0.118367620 -0.071573876 0.083795540 -0.043809261 -0.089073047 -0.027643299 0.994677126
1341846651.386180 0.106123008 -0.079725794 0.088116705 -0.044589706 -0.081881315 -0.023807185 0.995359480
1341846651.422237 0.087023012 -0.091713578 0.086668976 -0.048451491 -0.077027917 -0.020883219 0.995631993
1341846651.492135 0.064693347 -0.091987960 0.098908611 -0.051371720 -0.069464073 -0.029827923 0.995814323
1341846651.560316 0.039387435 -0.112943977 0.117081434 -0.052545063 -0.052249867 -0.022482650 0.996997297
1341846651.622176 0.010365834 -0.130307645 0.128249645 -0.048308868 -0.041194413 -0.020194676 0.997778237
1341846651.654223 -0.010586017 -0.133763060 0.128828615 -0.045508817 -0.035197370 -0.019545585 0.998152316
1341846651.690127 -0.033624034 -0.137636870 0.131406218 -0.042232160 -0.029944660 -0.017994432 0.998496890
1341846651.722318 -0.060415916 -0.144837752 0.130190805 -0.040634200 -0.022534531 -0.016049908 0.998790979
1341846651.754212 -0.088901080 -0.150961220 0.128917143 -0.040620882 -0.015350392 -0.014600252 0.998950064
1341846651.790200 -0.116066471 -0.139878139 0.112322621 -0.038760349 -0.007689064 -0.022574920 0.998963892
1341846651.822233 -0.136012197 -0.141196474 0.122853227 -0.038288880 0.000396837 -0.021780783 0.999029279
1341846651.858213 -0.167625636 -0.138084412 0.123192914 -0.028896032 0.009002114 -0.023560025 0.999264181
1341846651.890237 -0.201987833 -0.138844892 0.112736702 -0.022277826 0.018626446 -0.023699580 0.999297321
1341846651.922186 -0.234581500 -0.142707556 0.111966193 -0.021976417 0.027637962 -0.021861810 0.999137282
1341846651.958047 -0.266371459 -0.146558791 0.114501938 -0.019930867 0.034241505 -0.019318067 0.999028087
1341846651.990020 -0.295571208 -0.143685937 0.120908871 -0.012544250 0.043238971 -0.018399423 0.998816609
1341846652.022081 -0.324193746 -0.146452084 0.128495276 -0.007691971 0.051012322 -0.014429259 0.998564184
1341846652.058058 -0.372609615 -0.151760712 0.121399954 -0.009432350 0.059733905 -0.013237512 0.998081982
1341846652.090106 -0.407028645 -0.151250422 0.126473948 -0.011624577 0.066392668 -0.015842501 0.997600079
1341846652.126257 -0.448488474 -0.154580265 0.132767439 -0.014811311 0.076603472 -0.017574111 0.996796787
1341846652.158232 -0.492838323 -0.157388255 0.140149355 -0.016724966 0.084777191 -0.016686467 0.996119797
1341846652.190049 -0.537480831 -0.152780026 0.152453288 -0.016508719 0.093834177 -0.020458214 0.995240748
1341846652.225981 -0.560939908 -0.153268576 0.176411718 -0.015209503 0.104855217 -0.020756114 0.994154572
1341846652.258089 -0.607580304 -0.158004552 0.178721324 -0.013873692 0.117400393 -0.017717695 0.992829740
1341846652.290189 -0.664175689 -0.153623059 0.204903334 -0.008736829 0.125927955 -0.014399368 0.991896451
1341846652.326148 -0.716577172 -0.145794228 0.214762047 -0.000414056 0.136416838 -0.016484991 0.990514338
1341846652.358184 -0.715088844 -0.116088122 0.211754039 0.007923011 0.138372228 -0.012110748 0.990274549
1341846652.394279 -0.742966890 -0.114890605 0.211669967 0.008772377 0.143190429 -0.012259806 0.989580333
1341846652.426287 -0.743000329 -0.139552310 0.209935412 0.006615281 0.144651145 -0.010785603 0.989401817
1341846652.458277 -0.755921483 -0.158310771 0.208918437 0.006328757 0.149411619 -0.008340751 0.988719642
1341846652.494100 -0.817745388 -0.137698174 0.228349045 0.011998229 0.160905048 -0.012501851 0.986817837
1341846652.526469 -0.837686062 -0.136477992 0.228058070 0.011314077 0.166832760 -0.012244934 0.985844314
1341846652.562089 -0.840911329 -0.161268592 0.225644425 0.007774077 0.173216522 -0.012134082 0.984778404
1341846652.594254 -0.840153039 -0.159327626 0.204446092 0.009866980 0.183861867 -0.013935413 0.982803822
1341846652.626356 -0.860154569 -0.154930949 0.225858793 0.012035030 0.198095232 -0.014747831 0.979997933
1341846652.662152 -0.826304913 -0.132766649 0.200504169 0.015677249 0.207246348 -0.021722015 0.977921963
1341846652.694113 -0.868306160 -0.113250315 0.229981914 0.015325675 0.240869030 -0.032334954 0.969897747
1341846652.726378 -0.888512909 -0.105146036 0.265068471 0.019085709 0.273981869 -0.034678783 0.960919917
1341846652.762129 -0.928715527 -0.094082966 0.280942202 0.020684496 0.306390166 -0.037092071 0.950958133
1341846652.794152 -0.962728262 -0.097075216 0.307405323 0.018173436 0.342769772 -0.038101878 0.938470542
1341846652.830250 -0.970856071 -0.096932970 0.333291322 0.019061148 0.372320920 -0.037455305 0.927152038
1341846652.862014 -1.025121331 -0.096880689 0.372274220 0.017691357 0.400413096 -0.035997164 0.915456533
1341846652.894426 -1.032092929 -0.099400900 0.389484048 0.017841900 0.418678463 -0.031817455 0.907401621
1341846652.930346 -1.043948650 -0.102942906 0.426454365 0.019622516 0.441549182 -0.029729839 0.896529675
1341846652.962213 -1.081344485 -0.098585442 0.458966404 0.020089652 0.462997407 -0.028930411 0.885659575
1341846653.030292 -1.104149461 -0.115993701 0.495428264 0.013316426 0.494923025 -0.024241837 0.868496537
1341846653.062672 -1.135189056 -0.123841271 0.528227329 0.016055951 0.514335513 -0.019990247 0.857205749
1341846653.099024 -1.137047529 -0.092797846 0.541272581 0.019188836 0.529428601 -0.023964785 0.847798884
1341846653.130475 -1.150623322 -0.096433163 0.568246305 0.015238713 0.549384356 -0.023452984 0.835101545
1341846653.162620 -1.175353527 -0.110371634 0.583719790 0.014479164 0.566215336 -0.018256687 0.823927939
1341846653.198437 -1.197388411 -0.110881537 0.608469665 0.015907312 0.580290496 -0.014502234 0.814125121
1341846653.230042 -1.206224918 -0.117680483 0.631101012 0.016251273 0.594601214 -0.012225299 0.803763628
1341846653.298380 -1.204567671 -0.105053060 0.670435429 0.020516140 0.620949626 -0.006617407 0.783554018
1341846653.330162 -1.205805421 -0.103548005 0.670341790 0.020532368 0.631507933 -0.004836475 0.775082469
1341846653.366319 -1.221282244 -0.092715912 0.699717760 0.022032557 0.643941402 -0.001347580 0.764756322
1341846653.398226 -1.225135088 -0.085916504 0.720496476 0.022802159 0.654388189 0.000569317 0.755814672
1341846653.430060 -1.258533478 -0.096510366 0.747938871 0.024822472 0.665389717 0.006159803 0.746057928
1341846653.466341 -1.287183166 -0.092305928 0.770199537 0.026691427 0.672574759 0.004561448 0.739533603
1341846653.498194 -1.311079621 -0.085880548 0.797813118 0.027570598 0.680177093 0.003897407 0.732518792
1341846653.530205 -1.310607433 -0.098103419 0.804129004 0.026575405 0.682863235 0.004699048 0.730047703
1341846653.566601 -1.326505661 -0.098350413 0.815530539 0.026886011 0.685208976 0.003696785 0.727840722
1341846653.598213 -1.343046904 -0.094961777 0.827821791 0.027265413 0.687446415 0.004074968 0.725711763
1341846653.634793 -1.344374418 -0.090739161 0.833032250 0.026654378 0.686847150 0.003865457 0.726302683
1341846653.666143 -1.349915981 -0.095723331 0.830946505 0.026074167 0.685721576 0.004357382 0.727383733
1341846653.698738 -1.363045216 -0.089885913 0.846590638 0.025952024 0.684624076 0.005261015 0.728415191
1341846653.734313 -1.362231970 -0.088588238 0.843752503 0.023882747 0.680200458 0.006399718 0.732609034
1341846653.766275 -1.359599352 -0.092496425 0.841058552 0.022848919 0.677134037 0.008858345 0.735451519
1341846653.802358 -1.363245130 -0.095342040 0.841767788 0.021928106 0.672993064 0.011401084 0.739235759
1341846653.834226 -1.363322258 -0.097049668 0.841246605 0.021399228 0.664825439 0.013039683 0.746578336
1341846653.866214 -1.360349417 -0.092846394 0.842072368 0.021127839 0.659377158 0.012472250 0.751411974
1341846653.902170 -1.373905182 -0.094704360 0.849661469 0.019684810 0.654035926 0.014707266 0.756064296
1341846653.934160 -1.364793062 -0.094297543 0.841454923 0.017400546 0.645582497 0.014087889 0.763362288
1341846653.966155 -1.371449947 -0.091277584 0.845432699 0.015514044 0.639857113 0.012925051 0.768228650
1341846654.002169 -1.375840664 -0.091008857 0.845735371 0.012029377 0.632511675 0.013920057 0.774332404
1341846654.034140 -1.368423939 -0.092263356 0.844631970 0.007856088 0.624873698 0.014495404 0.780551791
1341846654.070172 -1.351424932 -0.105338864 0.847755730 0.008473003 0.615475595 0.016147127 0.787944973
1341846654.102438 -1.337661266 -0.102480508 0.856197119 0.012998139 0.606504619 0.015030788 0.794831574
1341846654.134349 -1.336768627 -0.090927795 0.876876533 0.019115206 0.599368989 0.013826512 0.800125122
1341846654.170244 -1.350124359 -0.085904859 0.903145075 0.021195855 0.592040896 0.010392684 0.805562198
1341846654.202087 -1.313656807 -0.088793337 0.888505816 0.022508781 0.574303329 0.007129033 0.818302095
1341846654.234434 -1.323452711 -0.086356118 0.886995435 0.024030229 0.567525864 0.005239889 0.822988212
1341846654.270041 -1.318114758 -0.095927656 0.863478661 0.023686184 0.553895533 0.005867959 0.832228482
1341846654.302117 -1.312283754 -0.091944531 0.864727497 0.022455717 0.539663434 0.002230318 0.841578364
1341846654.338026 -1.296527624 -0.074022658 0.847067118 0.022779182 0.528465152 -0.001671987 0.848647714
1341846654.369979 -1.293304443 -0.077720791 0.878501117 0.023795601 0.524036407 0.000497190 0.851363242
1341846654.402172 -1.332374334 -0.085988216 0.896601915 0.022487799 0.510406017 -0.001531318 0.859638095
1341846654.438133 -1.286051512 -0.066324398 0.829946339 0.023261834 0.484252840 -0.002515489 0.874615252
1341846654.470186 -1.278158069 -0.081181139 0.832668900 0.018921861 0.475705504 -0.000855436 0.879400671
1341846654.502267 -1.320647717 -0.098953791 0.883569360 0.015341875 0.469769984 -0.001702717 0.882653892
1341846654.539064 -1.241745234 -0.082299724 0.824637592 0.017916761 0.436856776 -0.004816916 0.899339736
1341846654.570053 -1.234098673 -0.074314535 0.818460345 0.014643500 0.431294829 -0.009056780 0.902046740
1341846654.606030 -1.262212515 -0.081453927 0.817484021 0.013453482 0.421837747 -0.007353380 0.906541705
1341846654.637980 -1.190737963 -0.076646030 0.762083590 0.015934987 0.390063465 -0.012600197 0.920563877
1341846654.670155 -1.179427028 -0.080129348 0.756860971 0.017600853 0.382288814 -0.013763606 0.923772693
1341846654.706022 -1.197847843 -0.066071875 0.795448065 0.022752317 0.375344515 -0.013472089 0.926508188
1341846654.738497 -1.179285407 -0.068837650 0.766803682 0.027225316 0.352649868 -0.011172500 0.935292542
1341846654.774056 -1.130936742 -0.073729016 0.736381829 0.026917983 0.336673379 -0.013946122 0.941133380
1341846654.806040 -1.146343231 -0.035205662 0.769324005 0.031514999 0.331913263 -0.013097830 0.942692339
1341846654.838060 -1.129482388 -0.048374921 0.749057233 0.029962692 0.312877029 -0.011384746 0.949252725
1341846654.874136 -1.106859922 -0.040570989 0.709366620 0.027004717 0.296900630 -0.014663225 0.954413831
1341846654.906209 -1.088226914 -0.035480529 0.716326773 0.023955546 0.285698831 -0.014634630 0.957908213
1341846654.938214 -1.081466556 -0.046792489 0.715479016 0.024582453 0.270095527 -0.012429574 0.962439477
1341846654.974334 -1.095441222 -0.047560498 0.749899209 0.029698377 0.255830705 -0.012920220 0.966178954
1341846655.006124 -1.060011268 -0.022093760 0.691869378 0.031296317 0.237296939 -0.012634056 0.970850706
1341846655.042239 -1.057991028 -0.010309667 0.688825309 0.032510437 0.221039221 -0.008976740 0.974681556
1341846655.074179 -1.055296421 -0.022910560 0.696947873 0.032098059 0.201136813 -0.011027602 0.978975058
1341846655.106132 -1.027231574 -0.030591797 0.664428949 0.031854752 0.181559801 -0.008836941 0.982824147
1341846655.142070 -1.053768039 -0.013402960 0.678409040 0.032879952 0.168512598 -0.011086462 0.985088587
1341846655.174000 -1.040926695 -0.028863415 0.686481833 0.026653046 0.146508053 -0.016833454 0.988707125
1341846655.206124 -1.002601981 -0.032846518 0.639599681 0.023942724 0.127065614 -0.015402780 0.991485715
1341846655.242079 -0.992122173 -0.031722184 0.647180557 0.025674155 0.113514788 -0.015535292 0.993083000
1341846655.274211 -0.989376307 -0.027254937 0.643491507 0.030165937 0.106887661 -0.013929209 0.993715763
1341846655.310175 -0.972623527 -0.026488809 0.642843962 0.036797266 0.103425421 -0.010266447 0.993903279
1341846655.342236 -0.954186797 -0.030711971 0.639231861 0.043439753 0.094546340 -0.007714041 0.994542360
1341846655.374134 -0.939347327 -0.030954266 0.624908745 0.046247650 0.090382636 -0.004530090 0.994822443
1341846655.410207 -0.930117965 -0.034691725 0.619167507 0.047589198 0.088949203 -0.005358393 0.994884193
1341846655.442262 -0.910829246 -0.024105707 0.623282254 0.055831943 0.076693431 -0.000773832 0.995490015
1341846655.474205 -0.891804814 -0.022871023 0.593191087 0.054691792 0.063074321 -0.003093900 0.996504366
1341846655.510277 -0.876323342 -0.019602578 0.592821360 0.051101509 0.051015355 -0.001651309 0.997388303
1341846655.542135 -0.859304428 -0.020137010 0.597839832 0.047236435 0.040583190 0.001346041 0.998058081
1341846655.578132 -0.824153304 -0.015376939 0.581533670 0.045522287 0.027344676 -0.000507040 0.998588920
1341846655.642348 -0.775521696 -0.009627230 0.575849950 0.040204301 0.000743166 0.002892355 0.999187052
1341846655.678110 -0.748717725 -0.007388134 0.572533846 0.040796276 -0.013900149 0.004231585 0.999061823
1341846655.710074 -0.719037294 -0.004167508 0.565144002 0.042979416 -0.029650448 0.010163015 0.998584211
1341846655.748050 -0.677754939 0.014281532 0.531692207 0.042469736 -0.046873949 0.009480909 0.997952580
1341846655.810222 -0.619544864 0.017739156 0.538001537 0.040675417 -0.074398823 0.022530619 0.996143997
1341846655.846257 -0.569309771 0.006386535 0.514705479 0.035620656 -0.092359476 0.016498448 0.994951606
1341846655.910355 -0.499496669 -0.003991074 0.530998230 0.027483270 -0.122822583 0.019942503 0.991847634
1341846655.946240 -0.440693676 0.008682079 0.502243340 0.027948504 -0.141632810 0.018037694 0.989360213
1341846655.978412 -0.396838963 0.005347649 0.496750057 0.024258742 -0.155619025 0.017592710 0.987362504
1341846656.014188 -0.370344967 -0.006254072 0.495487988 0.019478727 -0.161631480 0.019064551 0.986474752
1341846656.046211 -0.348543525 0.000608909 0.506215870 0.019033059 -0.168303579 0.023859961 0.985262632
1341846656.078165 -0.325897872 0.000803605 0.510672450 0.018710515 -0.176592752 0.028325997 0.983698487
1341846656.114220 -0.287683636 0.000920881 0.507035851 0.016508074 -0.185984597 0.028252942 0.982007682
1341846656.146158 -0.298969030 -0.003626298 0.515881062 0.013129755 -0.192214593 0.022125691 0.981015623
1341846656.178154 -0.296751350 -0.006997994 0.506892383 0.012903995 -0.197283149 0.025914837 0.979919016
1341846656.214132 -0.270517707 -0.006111311 0.506885827 0.012368607 -0.206944227 0.026185093 0.977924049
1341846656.246093 -0.199858591 0.006970348 0.529048622 0.015646672 -0.220394880 0.028322186 0.974873900
1341846656.282181 -0.180266187 0.013949442 0.523261964 0.015801769 -0.225948036 0.031012638 0.973517358
1341846656.314258 -0.168052614 0.012271469 0.532952547 0.014014671 -0.232574418 0.031545661 0.971965909
1341846656.346094 -0.157925829 0.018676400 0.530590534 0.012627016 -0.237966865 0.030206915 0.970721364
1341846656.382222 -0.147148713 0.021814857 0.534308016 0.010663288 -0.242941558 0.031285923 0.969477654
1341846656.414253 -0.135734454 0.044799097 0.539973199 0.016023345 -0.255661070 0.036977742 0.965926230
1341846656.446177 -0.113498621 0.037124649 0.518422604 0.011535731 -0.265071034 0.033538237 0.963576436
1341846656.482260 -0.127565101 0.033322670 0.527928710 0.006340359 -0.269520462 0.033771075 0.962381482
1341846656.519461 -0.129169762 0.020436788 0.524953842 0.004547404 -0.276144326 0.030955052 0.960606813
1341846656.582247 -0.107209966 0.017161142 0.513321340 -0.001800481 -0.284360290 0.030204806 0.958239853
1341846656.614195 -0.126141042 0.017246451 0.510997951 -0.002661455 -0.283903509 0.027656870 0.958450198
1341846656.649995 -0.123765290 0.023534611 0.503638983 -0.001787705 -0.284943998 0.027358599 0.958151996
1341846656.682076 -0.157670707 0.014490651 0.508946836 -0.003720175 -0.284074515 0.029129511 0.958352447
1341846656.714216 -0.135347828 0.017508063 0.496073067 -0.004660359 -0.291175812 0.027816543 0.956253767
1341846656.749974 -0.146528631 0.023574837 0.493564248 -0.006444289 -0.290745884 0.026294574 0.956417322
1341846656.782653 -0.169869781 0.005742055 0.503969729 -0.009169615 -0.289455771 0.025159961 0.956816792
1341846656.824388 -0.154064015 0.020883700 0.490709037 -0.006956178 -0.294739991 0.027861239 0.955145895
1341846656.856226 -0.143212631 0.017486792 0.480181277 -0.011239533 -0.296821624 0.025137246 0.954535902
1341846656.892050 -0.175369829 0.002402203 0.496901453 -0.015223062 -0.289863527 0.022655005 0.956678748
1341846656.924099 -0.156265467 0.012234101 0.488432288 -0.013682338 -0.291757017 0.024345150 0.956084728
1341846656.956112 -0.124523290 0.007088108 0.481082141 -0.016305784 -0.290940851 0.020496951 0.956382513
1341846656.992122 -0.163731396 0.002914423 0.498591423 -0.018162373 -0.278266609 0.022303032 0.960073173
1341846657.024108 -0.159908175 0.013580299 0.501738906 -0.016444391 -0.276112109 0.023623228 0.960694373
1341846657.056121 -0.130867600 0.007888053 0.488025814 -0.017751738 -0.274220288 0.022905590 0.961230218
1341846657.092006 -0.135578066 0.007026568 0.492674142 -0.014550727 -0.262725651 0.024775216 0.964442730
1341846657.124027 -0.141240269 0.009291251 0.500061870 -0.006833333 -0.251183867 0.026414312 0.967554808
1341846657.155973 -0.155721962 -0.001593984 0.489871919 -0.003912304 -0.237793565 0.024096416 0.971008897
1341846657.192094 -0.145965248 -0.001919177 0.464268953 -0.001940203 -0.221717536 0.023933303 0.974815309
1341846657.224195 -0.113953590 0.006047978 0.463176042 0.001273166 -0.215947032 0.025582718 0.976069093
1341846657.292164 -0.155723706 -0.012668962 0.491294533 0.000934566 -0.190230876 0.017326627 0.981586039
1341846657.354367 -0.122875020 -0.001892793 0.487908393 0.001274495 -0.177103579 0.016371939 0.984055221
1341846657.386193 -0.090545595 0.002838652 0.498863578 0.002443499 -0.171768740 0.015964838 0.985004961
1341846657.418105 -0.075133011 -0.003084951 0.509518564 0.003934951 -0.162492409 0.016710024 0.986560464
1341846657.454277 -0.058685370 0.000588667 0.502065003 0.005579094 -0.153943971 0.015957387 0.987935007
1341846657.486117 -0.034969684 0.001422202 0.525758326 0.006174714 -0.145301849 0.016633816 0.989228249
1341846657.522092 -0.006958146 0.003402527 0.531640291 0.009838236 -0.138289690 0.015683856 0.990218759
1341846657.554062 0.010537310 0.002759708 0.538553953 0.011844633 -0.132008955 0.014353605 0.991073847
1341846657.586078 0.030429853 0.002223059 0.543360889 0.011327613 -0.122508727 0.006479021 0.992381692
1341846657.622205 0.066334158 0.002438345 0.562784553 0.011610112 -0.115626447 0.011110863 0.993162751
1341846657.654161 0.095190771 0.000259667 0.570466638 0.013055464 -0.113777786 0.010644244 0.993363440
1341846657.686517 -0.003816480 0.000128027 0.531459153 0.012600539 -0.083562553 -0.002198383 0.996420443
1341846657.722061 0.038539916 -0.002307319 0.550605536 0.014519362 -0.080346607 0.000365897 0.996661186
1341846657.754104 0.049137134 -0.003112723 0.554562569 0.014456747 -0.071351476 0.003596254 0.997340024
1341846657.790066 0.099256873 -0.009332996 0.555191398 0.008924310 -0.065295972 0.001118215 0.997825444
1341846657.822089 0.126100481 -0.022685343 0.588760436 0.008165855 -0.054047350 -0.000115685 0.998504996
1341846657.853972 0.153458640 -0.026521239 0.620135903 0.010212821 -0.048187748 0.006356401 0.998765886
1341846657.889993 0.212481856 -0.026486240 0.606376231 0.008546391 -0.044525005 0.005877673 0.998954475
1341846657.922046 0.240555570 -0.025628742 0.620387554 0.010222454 -0.036873665 0.006234496 0.999248266
1341846657.954192 0.179288894 -0.016151488 0.615795791 0.011342477 -0.015709698 0.010185231 0.999760389
1341846657.990141 0.123723254 -0.007868243 0.602792561 0.010614855 0.005461828 0.004299606 0.999919593
1341846658.022419 0.065473519 -0.009650109 0.615818202 0.013120569 0.023230687 0.003957507 0.999636292
1341846658.090215 0.088821836 -0.006144792 0.632496297 0.014316062 0.032745186 0.002193010 0.999358833
1341846658.122355 0.021833723 -0.002819512 0.624615073 0.013753795 0.050875135 0.001865852 0.998608649
1341846658.158136 0.014626374 -0.000696779 0.628232598 0.012312402 0.055746634 0.001056979 0.998368502
1341846658.190098 0.035259180 -0.015499120 0.616327465 0.007884417 0.058594383 0.001614374 0.998249531
1341846658.226027 0.005430317 -0.027294166 0.637146235 0.007351138 0.068995394 0.000142802 0.997589886
1341846658.258133 0.005555516 -0.002888946 0.637946367 0.013310617 0.070958562 -0.001702111 0.997389019
1341846658.290020 0.014858066 -0.005676496 0.639575481 0.011556250 0.073971242 -0.004988390 0.997180998
1341846658.326239 -0.001983252 -0.013760887 0.641325951 0.010328221 0.079736054 -0.008206213 0.996728778
1341846658.358248 -0.010877832 0.000345493 0.637994409 0.009667964 0.080881365 -0.011015566 0.996616006
1341846658.390215 -0.002858961 -0.003920754 0.638311744 0.002838534 0.079419777 -0.015340975 0.996719241
1341846658.426300 -0.013145695 -0.023201207 0.641997814 -0.001856416 0.084820069 -0.015676849 0.996271253
1341846658.458168 -0.070824847 -0.032420952 0.644848526 -0.001854332 0.092000932 -0.014929394 0.995645285
1341846658.494176 -0.037340458 0.014389910 0.638792574 0.002607902 0.080412790 -0.008719078 0.996720135
1341846658.526214 -0.030349795 0.022044584 0.636373103 -0.005958750 0.078130729 -0.009564437 0.996879518
1341846658.558129 -0.059950348 0.033529397 0.639545202 -0.014202680 0.080068521 -0.007554167 0.996659577
1341846658.594206 0.000076071 0.081818901 0.621913493 -0.025830315 0.064924270 0.007429569 0.997528136
1341846658.626105 -0.031290527 0.015345469 0.602028012 -0.058100026 0.065084547 -0.004796995 0.996175408
1341846658.658181 -0.041633233 -0.005618701 0.644310355 -0.067857534 0.062523268 -0.007580686 0.995705187
1341846658.694141 -0.035356060 0.048394792 0.651540220 -0.069628179 0.060142212 -0.001281609 0.995757580
1341846658.726153 -0.058151789 0.019133000 0.598590791 -0.089476086 0.062282294 -0.004655854 0.994028807
1341846658.762100 -0.036875200 -0.037045244 0.644009292 -0.102070637 0.050948326 -0.004345015 0.993462145
1341846658.794185 -0.018414332 0.011875844 0.635666609 -0.097062439 0.047702048 -0.000310262 0.994134486
1341846658.826155 -0.023234487 0.021757368 0.638789475 -0.106066711 0.051095296 -0.001126349 0.993044794
1341846658.862197 -0.027495267 -0.020159941 0.651545286 -0.120056242 0.047834352 -0.002119288 0.991611838
1341846658.894170 -0.018764568 -0.016091609 0.622923791 -0.120967992 0.048142727 0.002821715 0.991484284
1341846658.962404 -0.026475126 -0.039292891 0.624094605 -0.140787899 0.053835914 0.006242456 0.988555312
1341846658.994217 -0.022248052 -0.044727650 0.633944690 -0.142788708 0.051540047 0.006502472 0.988388956
1341846659.030070 -0.021418165 -0.068938114 0.645047903 -0.145652875 0.052936234 0.004186641 0.987909675
1341846659.062007 -0.047096759 -0.074657865 0.638376892 -0.142307326 0.056413203 0.004888407 0.988201618
1341846659.094100 -0.030641509 -0.048288360 0.630357683 -0.135984510 0.052457921 0.004237682 0.989312112
1341846659.130368 -0.025435209 -0.045270208 0.629558384 -0.136837810 0.054917630 0.001546399 0.989068806
1341846659.162537 -0.027781168 -0.079369619 0.636800528 -0.140107691 0.055604100 0.003739326 0.988566697
1341846659.198696 -0.025237370 -0.055767789 0.636299551 -0.133365050 0.053616229 0.001912792 0.989613771
1341846659.231286 -0.008672941 -0.041389458 0.628439009 -0.131695494 0.055228721 0.000646970 0.989750326
1341846659.263549 -0.037326455 -0.072950393 0.642293513 -0.138001516 0.062053818 0.003439927 0.988480210
1341846659.298797 -0.034126230 -0.073293857 0.639668941 -0.138388947 0.059844453 0.004640887 0.988557339
1341846659.331074 -0.030524241 -0.052928317 0.630693674 -0.135800347 0.061451625 0.004377972 0.988818944
1341846659.362420 -0.030260002 -0.066343449 0.639253795 -0.138391003 0.063543446 0.005848710 0.988319814
1341846659.398303 -0.020624625 -0.085460231 0.641368151 -0.139424846 0.060916375 0.008988732 0.988316357
1341846659.430262 -0.019280475 -0.059264280 0.630503476 -0.134368271 0.060769554 0.007997633 0.989033997
1341846659.466583 -0.023462255 -0.063299075 0.638889551 -0.136131987 0.064305283 0.007179156 0.988575459
1341846659.498531 -0.026940105 -0.087604910 0.638600528 -0.138902307 0.064224176 0.010142757 0.988169312
1341846659.530267 -0.019980617 -0.073758833 0.635716438 -0.134226009 0.061820526 0.008664559 0.988982618
1341846659.566571 -0.019483397 -0.050002676 0.629297733 -0.128923595 0.064634360 0.006898443 0.989521921
1341846659.598122 -0.027533496 -0.073961012 0.635191262 -0.132013246 0.068032451 0.008700825 0.988872290
1341846659.630209 -0.040928945 -0.057458226 0.628151715 -0.126166612 0.067505792 0.009417509 0.989664733
1341846659.666409 -0.013768233 -0.049214222 0.622514963 -0.125002205 0.062740229 0.007325857 0.990143716
1341846659.698237 -0.050830986 -0.078736395 0.624381840 -0.131302148 0.070069425 0.006815033 0.988839507
1341846659.734169 -0.040607292 -0.078619614 0.624724925 -0.130396038 0.061809488 0.006070081 0.989514887
1341846659.766421 -0.022489032 -0.049223918 0.629435301 -0.125458509 0.056040049 0.003046234 0.990510166
1341846659.798087 -0.022752166 -0.073997132 0.631556392 -0.129779056 0.056702510 0.002722314 0.989916623
1341846659.834075 -0.035344217 -0.080225319 0.622924268 -0.128949672 0.055093247 0.003607403 0.990113020
1341846659.866481 -0.030847287 -0.071982920 0.627604902 -0.127234891 0.050674163 0.003650603 0.990570605
1341846659.898128 -0.031818058 -0.079062268 0.632567525 -0.127951384 0.049556557 0.003798901 0.990534306
1341846659.934286 -0.047031708 -0.093931921 0.630740047 -0.127598673 0.049797099 0.005228867 0.990561247
1341846659.966354 -0.045681275 -0.095374554 0.628345966 -0.125769109 0.045484081 0.005633974 0.991000354
1341846660.002267 -0.039597359 -0.065615505 0.623934329 -0.119413063 0.043252349 0.003182470 0.991896987
1341846660.034581 -0.053499620 -0.092383876 0.627069116 -0.122465409 0.045031507 0.002454374 0.991447687
1341846660.066206 -0.061597914 -0.084962018 0.621031761 -0.116578452 0.041133683 0.001646413 0.992327988
1341846660.102245 -0.052139327 -0.070046782 0.625416398 -0.110556409 0.036713496 -0.000000054 0.993191540
1341846660.140244 -0.045674186 -0.080740273 0.625009894 -0.111725777 0.036183227 -0.000983004 0.993079722
1341846660.202316 -0.063706622 -0.072764784 0.619641423 -0.105618238 0.032356132 -0.001492567 0.993879139
1341846660.234105 -0.058197815 -0.073262751 0.620211422 -0.102670193 0.032444771 -0.003039496 0.994181573
1341846660.270168 -0.097331233 -0.126016423 0.617077112 -0.104813777 0.038460184 -0.004724474 0.993736684
1341846660.302258 -0.103327446 -0.117623575 0.618406713 -0.089649931 0.034729641 -0.006042649 0.995349348
1341846660.334349 -0.092575975 -0.093862385 0.615191758 -0.073597282 0.032427426 -0.007919479 0.996729314
1341846660.370214 -0.111219086 -0.098122343 0.609501481 -0.070500977 0.036702972 -0.008649101 0.996798754
1341846660.401986 -0.119633675 -0.091218568 0.607534885 -0.069288827 0.035293028 -0.010229195 0.996919692
1341846660.438062 -0.075799190 -0.097864158 0.613543570 -0.070133761 0.026776945 -0.009105918 0.997136593
1341846660.470191 -0.097370327 -0.094223179 0.610359728 -0.066263966 0.030488990 -0.009897753 0.997287095
1341846660.502233 -0.083514161 -0.075744465 0.606661022 -0.060779840 0.025916085 -0.009865964 0.997765958
1341846660.537985 -0.071899042 -0.068671174 0.606526494 -0.059895206 0.023586750 -0.009753379 0.997878313
1341846660.570279 -0.091636747 -0.088124186 0.605427444 -0.062129572 0.028503451 -0.007703575 0.997631311
1341846660.602130 -0.095882230 -0.106863447 0.601870596 -0.060928281 0.026322663 -0.003402269 0.997789204
1341846660.638256 -0.080582544 -0.069944218 0.600264549 -0.053957947 0.022226447 -0.004165292 0.998287201
1341846660.670338 -0.070016928 -0.066833891 0.600820601 -0.054073986 0.024407625 -0.004260413 0.998229504
1341846660.706457 -0.086626448 -0.101788811 0.603073418 -0.054513361 0.028027957 0.000094902 0.998119652
1341846660.738241 -0.075650230 -0.081801511 0.600751996 -0.045005310 0.024482442 0.001337989 0.998685837
1341846660.770121 -0.059614155 -0.064814299 0.597552061 -0.040203925 0.025977017 0.000189702 0.998853743
1341846660.806117 -0.087264605 -0.102215946 0.604213595 -0.041604351 0.035454549 -0.000441364 0.998504877
1341846660.838338 -0.087431207 -0.100505956 0.603076100 -0.031660710 0.034544371 0.002827330 0.998897612
1341846660.870203 -0.059682265 -0.100327246 0.599846184 -0.023766883 0.031331550 0.002577244 0.999223113
1341846660.906366 -0.059897415 -0.103583150 0.601142406 -0.019217649 0.037461720 0.001194404 0.999112546
1341846660.938063 -0.093580201 -0.144040421 0.604391158 -0.015808245 0.043897219 0.002617777 0.998907626
1341846660.974147 -0.067817494 -0.109099820 0.595950067 0.002225084 0.038847089 0.002957667 0.999238372
1341846661.006234 -0.064055815 -0.090311639 0.598766208 0.008676080 0.042584725 0.001769210 0.999053657
1341846661.038225 -0.078944653 -0.109670162 0.593745768 0.008583920 0.044756223 0.002437984 0.998958111
1341846661.074059 -0.080085307 -0.124865331 0.596954167 0.018570911 0.042520281 0.002570404 0.998919666
1341846661.106184 -0.068160400 -0.091300353 0.594999194 0.031338137 0.042500287 0.001782788 0.998603284
1341846661.138209 -0.084679149 -0.074987881 0.589740396 0.031951081 0.045830019 0.000451339 0.998438120
1341846661.174244 -0.079833023 -0.093816608 0.593861222 0.029993808 0.045335378 -0.000054977 0.998521507
1341846661.206205 -0.069392554 -0.096822284 0.594007671 0.033134598 0.044304490 0.000728849 0.998468220
1341846661.242184 -0.078134745 -0.090282783 0.591810465 0.034913320 0.045587484 0.000837739 0.998349726
1341846661.274177 -0.075824156 -0.075001001 0.586272120 0.035786469 0.046150584 -0.000554591 0.998293161
1341846661.308814 -0.081597105 -0.089867622 0.597896636 0.031401530 0.046742056 0.000322358 0.998413265
1341846661.342489 -0.075771362 -0.082679331 0.598795295 0.032071330 0.044994716 0.000181304 0.998472333
1341846661.374640 -0.078353360 -0.085449181 0.598303318 0.030734360 0.045673110 -0.001010278 0.998483002
1341846661.410178 -0.089807063 -0.116428882 0.600003898 0.029989291 0.045664381 0.001604502 0.998505354
1341846661.442211 -0.068150580 -0.090700775 0.598440528 0.037555113 0.040540218 0.000845202 0.998471558
1341846661.474354 -0.073166654 -0.083561368 0.597496867 0.037372142 0.043085374 -0.000539770 0.998372078
1341846661.510169 -0.095925182 -0.084377326 0.594750524 0.035444085 0.044169348 -0.001085802 0.998394549
1341846661.542767 -0.065007895 -0.057139050 0.591251671 0.033808377 0.038553227 -0.004547933 0.998674154
1341846661.574217 -0.099661790 -0.069208786 0.597763956 0.029963307 0.045307577 -0.007076448 0.998498559
1341846661.610041 -0.095849700 -0.084096089 0.597789288 0.030605847 0.040902767 -0.004113513 0.998685837
1341846661.642253 -0.071709573 -0.064264655 0.594134748 0.032663938 0.036763228 -0.004457219 0.998780131
1341846661.678078 -0.085039347 -0.082740538 0.598129213 0.028605957 0.038717888 -0.003897358 0.998833120
1341846661.710142 -0.074234210 -0.099918105 0.597608685 0.030740764 0.034495942 -0.001755382 0.998930454
1341846661.742341 -0.123126790 -0.119445942 0.600623727 0.034907624 0.041226175 -0.005217994 0.998526216
1341846661.778063 -0.167834014 -0.130711481 0.597877383 0.042082202 0.049402133 -0.008484373 0.997855961
1341846661.810103 -0.230936676 -0.139560997 0.607280672 0.048114657 0.061135404 -0.009366443 0.996925175
1341846661.842216 -0.223532781 -0.136810020 0.587056100 0.056494500 0.057383653 -0.013655830 0.996658981
1341846661.878157 -0.272383928 -0.145720929 0.584791601 0.058943991 0.067449309 -0.015514841 0.995859206
1341846661.910222 -0.311734408 -0.147241503 0.595379174 0.059358127 0.075667985 -0.019196222 0.995179653
1341846661.946090 -0.363782257 -0.143199027 0.609553814 0.062858999 0.084849790 -0.019935785 0.994209230
1341846662.010311 -0.466693133 -0.143931419 0.671258748 0.075462572 0.104396775 -0.028890152 0.991247773
1341846662.046195 -0.513464272 -0.141176939 0.678940177 0.085674353 0.109349146 -0.027661562 0.989917934
1341846662.078099 -0.561253011 -0.142441466 0.687810600 0.090274483 0.116653532 -0.031373341 0.988563716
1341846662.110672 -0.602553666 -0.142004773 0.702482879 0.096597195 0.124664046 -0.031306386 0.986989260
1341846662.146166 -0.648997843 -0.134951532 0.713505387 0.106214672 0.130201936 -0.028915411 0.985357702
1341846662.178168 -0.681057274 -0.133881390 0.722658217 0.112916149 0.134453326 -0.029230129 0.984031439
1341846662.214136 -0.720455647 -0.137896061 0.733869910 0.124885522 0.142016485 -0.027949160 0.981556833
1341846662.246167 -0.755008221 -0.129481167 0.741761863 0.137314558 0.145375013 -0.024889573 0.979485214
1341846662.278007 -0.789827943 -0.130965412 0.747838438 0.141679451 0.150224045 -0.025726583 0.978109300
1341846662.314144 -0.826070786 -0.134218439 0.757430434 0.146595627 0.157682925 -0.026647700 0.976184309
1341846662.346164 -0.859646499 -0.135180607 0.768844664 0.151658550 0.161231115 -0.024793232 0.974879265
1341846662.378069 -0.884854436 -0.143071234 0.776234686 0.156090155 0.164238796 -0.024883727 0.973674655
1341846662.414229 -0.918643713 -0.148567706 0.785631418 0.162511587 0.170762584 -0.023556309 0.971532464
1341846662.446102 -0.947140694 -0.153802484 0.794462621 0.168384537 0.173696578 -0.022386249 0.970038652
1341846662.482229 -0.983148694 -0.165954292 0.802614391 0.173967496 0.177332550 -0.022496248 0.968391657
1341846662.514117 -1.015356779 -0.167800605 0.816249251 0.183469564 0.183093473 -0.021891508 0.965575695
1341846662.546261 -1.033422112 -0.166129380 0.824294627 0.192089394 0.185431778 -0.020448394 0.963482499
1341846662.582101 -0.946060121 -0.134091243 0.791158795 0.199949458 0.172626212 -0.024709953 0.964162767
1341846662.620264 -0.826729953 -0.118253961 0.760595083 0.204673588 0.156161606 -0.029614611 0.965839148
1341846662.682024 -0.826911747 -0.121312156 0.756777287 0.212554544 0.156088397 -0.030220835 0.964128494
1341846662.714075 -0.846864998 -0.121213712 0.763395548 0.214133188 0.160109207 -0.029581403 0.963139117
1341846662.750127 -0.873936117 -0.120251417 0.780809224 0.219032168 0.163224459 -0.028097741 0.961557686
1341846662.782002 -0.896555483 -0.125426054 0.779126227 0.221876875 0.165124923 -0.027094167 0.960609376
1341846662.814097 -0.928467751 -0.128785729 0.790593863 0.218874678 0.169680253 -0.025556810 0.960546434
1341846662.850193 -0.896693408 -0.125102580 0.787782967 0.220206037 0.164326653 -0.027217435 0.961127102
1341846662.882162 -0.887638927 -0.125613227 0.778161764 0.222551659 0.161830276 -0.026795076 0.961022258
1341846662.918191 -0.886224270 -0.125612125 0.778862715 0.221387312 0.160553336 -0.027243927 0.961492658
1341846662.956034 -0.886235714 -0.125247151 0.778279722 0.221162602 0.160676613 -0.028406331 0.961490154
1341846663.018208 -0.889412701 -0.125553042 0.777946591 0.226537004 0.157596767 -0.027471725 0.960775495
1341846663.049994 -0.887260199 -0.125262886 0.776639223 0.225505427 0.156750381 -0.029234195 0.961104631
1341846663.118078 -0.884010136 -0.126260594 0.779017448 0.227609977 0.156489953 -0.031267274 0.960586786
1341846663.150227 -0.882708728 -0.125295341 0.779777288 0.228650004 0.156863317 -0.032151580 0.960249662
1341846663.186300 -0.885257125 -0.123286150 0.778021932 0.228471085 0.157932580 -0.032209884 0.960115016
1341846663.218442 -0.885639608 -0.121315680 0.778134644 0.224803254 0.157848477 -0.032525830 0.960983634
1341846663.250380 -0.923363090 -0.137553573 0.784074366 0.216486618 0.163823068 -0.030249322 0.961967051
1341846663.286056 -0.872311890 -0.119596466 0.771311820 0.214387015 0.156875581 -0.031322524 0.963559687
1341846663.318060 -0.918205380 -0.130578548 0.778097391 0.204013973 0.161935464 -0.025779156 0.965137601
1341846663.350114 -0.918491721 -0.129804075 0.780058563 0.193191320 0.161812976 -0.025159134 0.967398942
1341846663.385985 -0.916463912 -0.130424306 0.780950308 0.184505984 0.161764562 -0.023940325 0.969131947
1341846663.418056 -0.911606491 -0.130927548 0.778823316 0.179908261 0.158408597 -0.021602018 0.970604539
1341846663.454044 -0.918016732 -0.125871152 0.779375792 0.172941819 0.158229738 -0.019842867 0.971936643
1341846663.486091 -0.897864997 -0.126705840 0.769543469 0.165469080 0.154847145 -0.019292887 0.973791659
1341846663.518394 -0.881984949 -0.120751031 0.769989669 0.159124702 0.151617348 -0.016168986 0.975412786
1341846663.554251 -0.883228064 -0.122852348 0.769230187 0.152667865 0.151699036 -0.015691867 0.976439297
1341846663.586143 -0.883588016 -0.122252047 0.766300142 0.145382151 0.151587412 -0.013090926 0.977606237
1341846663.622145 -0.883235753 -0.120549381 0.770003498 0.137991250 0.150074691 -0.011670712 0.978927910
1341846663.654099 -0.878873408 -0.120391026 0.770010173 0.132209018 0.148684800 -0.011489615 0.979939640
1341846663.686099 -0.884133279 -0.113875315 0.766282201 0.123828836 0.149225339 -0.009793017 0.980970085
1341846663.722109 -0.877950668 -0.123248816 0.770002782 0.114106469 0.148446739 -0.008422450 0.982279181
1341846663.755694 -0.869829178 -0.120976791 0.767814517 0.109798498 0.148472145 -0.008315038 0.982767105
1341846663.786304 -0.858439505 -0.072685108 0.763489425 0.106514975 0.148290217 -0.007899283 0.983159304
1341846663.822090 -0.873235345 -0.086061381 0.771229565 0.085618816 0.151822865 -0.006020939 0.984674037
1341846663.854115 -0.868707359 -0.129934534 0.770299077 0.070311978 0.151931643 -0.004710041 0.985875666
1341846663.890140 -0.860417426 -0.080929108 0.758728206 0.070090175 0.151545808 -0.004776401 0.985950530
1341846663.921987 -0.873956800 -0.072236918 0.759641647 0.050704837 0.155695274 -0.004773820 0.986491382
1341846663.954282 -0.869122386 -0.115612291 0.765251875 0.029318146 0.156138122 -0.002864935 0.987295866
1341846663.990370 -0.867771506 -0.125991136 0.766925097 0.017593125 0.158711925 -0.002348672 0.987165391
1341846664.022124 -0.862769186 -0.091307983 0.761372566 0.011696070 0.159658641 -0.000167918 0.987102985
1341846664.054171 -0.864552438 -0.100509793 0.759119272 -0.005352748 0.161067054 0.000729919 0.986928701
1341846664.090250 -0.866267204 -0.125227541 0.766841412 -0.022213243 0.163725257 0.001580166 0.986254632
1341846664.122237 -0.882553935 -0.140297920 0.774190485 -0.031056877 0.167028442 0.003165694 0.985457778
1341846664.158241 -0.885665357 -0.129665017 0.770415008 -0.034311205 0.166373760 0.003816633 0.985458314
1341846664.190141 -0.870956719 -0.117583767 0.767940462 -0.041604701 0.164421812 0.002599041 0.985508919
1341846664.222189 -0.892381608 -0.138091475 0.776224792 -0.054389425 0.169512376 0.004611789 0.984015286
1341846664.258172 -0.895427048 -0.132638648 0.778461754 -0.057795845 0.169534251 0.005523860 0.983812630
1341846664.290022 -0.874894381 -0.123838015 0.769965708 -0.062438086 0.167408243 0.005815544 0.983891368
1341846664.322491 -0.885098815 -0.115655757 0.770920336 -0.071013168 0.170995414 0.005496778 0.982694030
1341846664.358302 -0.888625860 -0.115266338 0.774029493 -0.078839764 0.171356037 0.006248014 0.982029736
1341846664.390101 -0.884357035 -0.110575140 0.773733020 -0.086114481 0.170735687 0.006096581 0.981527686
1341846664.426143 -0.884395897 -0.112221844 0.774044394 -0.094399318 0.171710715 0.008292837 0.980579197
1341846664.458304 -0.884137750 -0.117395297 0.770414829 -0.104613192 0.172124565 0.009445528 0.979459107
1341846664.490116 -0.880945861 -0.111100510 0.772314608 -0.112424068 0.173456326 0.010495925 0.978347421
1341846664.526173 -0.888630688 -0.116331607 0.776476979 -0.121139497 0.175018474 0.012241410 0.977007627
1341846664.558129 -0.887529671 -0.115353867 0.776372671 -0.128697887 0.174421042 0.013921548 0.976125181
1341846664.590129 -0.887016296 -0.117865048 0.776602566 -0.136157274 0.176862970 0.013641488 0.974676728
1341846664.626196 -0.873457074 -0.107616141 0.773736060 -0.135784283 0.175998494 0.013884849 0.974881768
1341846664.658276 -0.917027950 -0.167205811 0.810299337 -0.144613728 0.184034258 0.017029691 0.972074211
1341846664.694136 -0.917712510 -0.144591749 0.801432312 -0.140457869 0.184713364 0.013430361 0.972611010
1341846664.726667 -0.916814506 -0.154782772 0.800955296 -0.145782098 0.187809125 0.013861848 0.971227705
1341846664.758141 -0.921835959 -0.157159701 0.803631306 -0.146933421 0.188104466 0.015919350 0.970965505
1341846664.794104 -0.921840906 -0.151961416 0.803566039 -0.147718355 0.186980695 0.014508610 0.971085548
1341846664.826123 -0.923212349 -0.156786501 0.803734124 -0.150436550 0.188378587 0.016628815 0.970363855
1341846664.862093 -0.926721990 -0.160901964 0.806736171 -0.152247608 0.187844560 0.019082252 0.970139682
1341846664.894198 -0.923212886 -0.155912161 0.805432618 -0.152161241 0.187023118 0.018202065 0.970328867
1341846664.926270 -0.919976115 -0.151252329 0.800059199 -0.152436510 0.189152732 0.018564671 0.969865859
1341846664.962375 -0.923316777 -0.154061705 0.801632047 -0.154883429 0.189682886 0.019526456 0.969355643
1341846664.997077 -0.919106305 -0.149367064 0.797921360 -0.156507254 0.188835368 0.018740045 0.969275773
1341846665.026380 -0.913589239 -0.152094245 0.798682332 -0.160078302 0.189232439 0.018345155 0.968622506
1341846665.062417 -0.923287213 -0.156451523 0.801288009 -0.161609113 0.190795138 0.020404166 0.968020380
1341846665.094077 -0.908769667 -0.140064031 0.787565649 -0.161076277 0.187292099 0.020115791 0.968798995
1341846665.130160 -0.901391804 -0.130050927 0.780764282 -0.164151207 0.188872993 0.021107405 0.967954516
1341846665.162114 -0.924859643 -0.144488692 0.795351982 -0.170181036 0.192362517 0.023442131 0.966170609
1341846665.194100 -0.916082084 -0.147313222 0.792297006 -0.173012644 0.189477935 0.024079679 0.966221988
1341846665.230221 -0.884926677 -0.126015663 0.766509414 -0.175199568 0.185848236 0.025498256 0.966496468
1341846665.262005 -0.894904912 -0.116230778 0.764525831 -0.182459280 0.187938809 0.026576312 0.964718282
1341846665.300077 -0.895894825 -0.125135615 0.773078084 -0.191980362 0.188205466 0.027990034 0.962776601
1341846665.362294 -0.924432158 -0.137238085 0.793183804 -0.203664452 0.198046833 0.028652873 0.958372176
1341846665.398079 -0.919963539 -0.129567564 0.784605563 -0.205667317 0.193977624 0.029008912 0.958765924
1341846665.430162 -0.908181429 -0.143404409 0.771969497 -0.217629418 0.192907155 0.028849036 0.956343055
1341846665.462226 -0.894700468 -0.122282147 0.766887844 -0.224135712 0.193728775 0.029375674 0.954656780
1341846665.498226 -0.932195365 -0.140128493 0.789195001 -0.232354328 0.198757216 0.031343855 0.951590657
1341846665.530109 -0.924101233 -0.140373498 0.789766192 -0.233386368 0.197111011 0.030898320 0.951695025
1341846665.562222 -0.933874905 -0.132886261 0.789153159 -0.232403517 0.200508460 0.032081641 0.951186538
1341846665.598196 -0.935165167 -0.137546450 0.788915098 -0.234796077 0.199500665 0.033575978 0.950759172
1341846665.630107 -0.920616686 -0.128856361 0.779552281 -0.236771047 0.196869344 0.032369860 0.950859725
1341846665.666289 -0.924851120 -0.138925254 0.781336427 -0.242631271 0.199825555 0.033579685 0.948721409
1341846665.698060 -0.936397433 -0.136988446 0.783541441 -0.245206952 0.200716585 0.034570787 0.947835088
1341846665.730361 -0.925892413 -0.137763754 0.778807342 -0.248002276 0.197941452 0.033991650 0.947712362
1341846665.766193 -0.924706101 -0.135399714 0.773903489 -0.251678795 0.199459374 0.034329697 0.946411788
1341846665.798338 -0.930564106 -0.134931117 0.775209546 -0.254885674 0.201245695 0.035325762 0.945137918
1341846665.834237 -0.928292572 -0.136384979 0.770094454 -0.258933991 0.200616807 0.035742100 0.944155037
1341846665.866106 -0.922223568 -0.116912633 0.750502288 -0.260769278 0.201051548 0.035599247 0.943562627
1341846665.898073 -0.910021305 -0.126767084 0.753489852 -0.269972801 0.201568902 0.037424684 0.940789104
1341846665.934076 -0.920999944 -0.133381397 0.762223244 -0.276057154 0.202681661 0.040661637 0.938647628
1341846665.966137 -0.936088324 -0.131338924 0.764488220 -0.279988736 0.205512151 0.040972117 0.936852396
1341846665.998149 -0.930885017 -0.132328153 0.767585635 -0.284567595 0.207805723 0.042623989 0.934891105
1341846666.034210 -0.927121460 -0.138773635 0.764102042 -0.285091460 0.206249252 0.046316352 0.934900522
1341846666.072502 -0.933305144 -0.142789230 0.768526077 -0.287516624 0.206840411 0.045783341 0.934053123
1341846666.134147 -0.928287745 -0.144676089 0.761130154 -0.295255989 0.207653001 0.047714185 0.931357861
1341846666.166356 -0.933813930 -0.147808731 0.765468478 -0.297466010 0.207530260 0.048333704 0.930649817
1341846666.202327 -0.951078832 -0.123365119 0.760447681 -0.294750422 0.212771982 0.047110599 0.930392861
1341846666.234319 -0.947035968 -0.124198750 0.758552849 -0.297291547 0.210566878 0.048070874 0.930036843
1341846666.266322 -0.947430253 -0.133997649 0.757678628 -0.303613871 0.207917631 0.050445892 0.928463340
1341846666.302195 -0.960962176 -0.168267205 0.776358962 -0.321630776 0.212427273 0.053648103 0.921167850
1341846666.335080 -0.962716937 -0.142056942 0.767841101 -0.326714069 0.211940512 0.053390663 0.919504523
1341846666.370216 -0.955594599 -0.128546327 0.762094915 -0.330387771 0.207062706 0.055769928 0.919161975
1341846666.402019 -0.967400312 -0.116511866 0.759419560 -0.333781362 0.209352076 0.057607993 0.917302072
1341846666.434088 -0.967583835 -0.111524388 0.760286689 -0.337881237 0.210616857 0.060169965 0.915345013
1341846666.470060 -0.967687547 -0.132668197 0.774698913 -0.343409866 0.208919987 0.066747464 0.913217843
1341846666.502190 -0.969312966 -0.119481117 0.759464741 -0.345178813 0.209112436 0.070109442 0.912254512
1341846666.534121 -0.964097023 -0.127702266 0.763094842 -0.357477099 0.210466713 0.072390459 0.907013535
1341846666.570131 -0.979844809 -0.119264960 0.767392695 -0.363204807 0.212515637 0.075263396 0.904021442
1341846666.602180 -0.977633834 -0.129136860 0.769180000 -0.370736241 0.211192295 0.077628061 0.901069582
1341846666.638072 -0.950827599 -0.116229057 0.760739982 -0.375259489 0.207115307 0.079470091 0.899982333
1341846666.670134 -0.997547567 -0.106215060 0.763867915 -0.375488579 0.213699266 0.079195939 0.898370147
1341846666.738266 -0.995166898 -0.105018556 0.758344650 -0.378872424 0.210566416 0.082065865 0.897431195
1341846666.770390 -0.992244422 -0.104532361 0.761267900 -0.381040096 0.208168983 0.084211186 0.896873832
1341846666.802119 -0.993799388 -0.102868855 0.758215189 -0.381359577 0.205245033 0.087567009 0.897090554
1341846666.838108 -0.992427766 -0.095912039 0.749954164 -0.381203622 0.203633964 0.089556068 0.897327602
1341846666.870483 -0.993164062 -0.092150897 0.747682154 -0.382945716 0.203216270 0.090994112 0.896535456
1341846666.906019 -0.991191685 -0.099765003 0.752308011 -0.387607217 0.201987833 0.092396945 0.894664466
1341846666.937989 -1.003497124 -0.103567153 0.749488473 -0.391088605 0.201608896 0.092820182 0.893189788
1341846666.970036 -0.999923706 -0.107210517 0.747187734 -0.395308793 0.200564802 0.091698334 0.891681671
1341846667.006200 -1.007314563 -0.106470674 0.753619015 -0.398546785 0.201721773 0.090274647 0.890123248
1341846667.038153 -1.054099321 -0.104120106 0.752692401 -0.398926467 0.205827236 0.088069536 0.889233708
1341846667.074153 -1.010211587 -0.107487708 0.724268973 -0.405222386 0.195138723 0.090331078 0.888569653
1341846667.106156 -1.018891335 -0.109963268 0.745675921 -0.413824916 0.198523358 0.088061474 0.884071589
1341846667.138108 -1.016210675 -0.112934738 0.748252094 -0.414099663 0.194399431 0.087997824 0.884865403
1341846667.174105 -0.980338335 -0.116400599 0.733775616 -0.413617790 0.186473176 0.086978137 0.886895061
1341846667.206107 -0.955532312 -0.091309905 0.712020338 -0.407821387 0.183717340 0.081521139 0.890664935
1341846667.238075 -1.042547226 -0.124803782 0.752705514 -0.410368055 0.200123966 0.075642273 0.886468649
1341846667.274016 -1.001370549 -0.131819367 0.739951074 -0.405793309 0.191914529 0.074483618 0.890479028
1341846667.306189 -0.973602235 -0.175372660 0.761835098 -0.406617969 0.190336853 0.069142476 0.890872061
1341846667.342253 -0.932251930 -0.203677118 0.742204368 -0.396936774 0.180849880 0.074696660 0.896746933
1341846667.374345 -0.918588877 -0.160903186 0.727159679 -0.381946951 0.176634669 0.066476844 0.904708564
1341846667.406982 -0.928298950 -0.174704283 0.729914367 -0.378821433 0.181103826 0.059497286 0.905624628
1341846667.442109 -0.976643205 -0.230669290 0.774036646 -0.378231704 0.190718412 0.055272292 0.904163837
1341846667.474109 -0.921813011 -0.202597141 0.739907205 -0.360050350 0.178581014 0.055505503 0.913997650
1341846667.506006 -0.915014684 -0.199546501 0.729847670 -0.348264843 0.178981215 0.049524110 0.918817043
1341846667.542298 -0.958994150 -0.259266436 0.755949080 -0.344001710 0.185484648 0.049535282 0.919132471
1341846667.574196 -0.933547795 -0.261022478 0.744438469 -0.330055386 0.179421499 0.047670513 0.925526321
1341846667.610099 -0.943190336 -0.226974651 0.731880069 -0.313980699 0.182279438 0.039792519 0.930917263
1341846667.642293 -0.965241611 -0.163842648 0.709727228 -0.292936951 0.185905650 0.034595683 0.937246084
1341846667.674072 -0.954079866 -0.160995156 0.697943151 -0.288814902 0.183608830 0.035436850 0.938945234
1341846667.710179 -0.973538339 -0.160933852 0.706517220 -0.288520724 0.190481767 0.031662218 0.937800646
1341846667.742255 -0.967244148 -0.169270590 0.712648332 -0.285784036 0.189958692 0.030082334 0.938796163
1341846667.774114 -0.966801763 -0.165765718 0.710418701 -0.277435243 0.188937172 0.031589463 0.941453457
1341846667.810099 -0.972255707 -0.159312904 0.705105960 -0.272745192 0.193032160 0.026931128 0.942137659
1341846667.842103 -0.932201684 -0.161090821 0.698595583 -0.268763989 0.188328102 0.026290016 0.944249630
1341846667.878139 -0.906221747 -0.147310346 0.681883395 -0.256162167 0.182864010 0.027569747 0.948779106
1341846667.910558 -0.897150040 -0.150185540 0.675756931 -0.251445442 0.184125647 0.023746841 0.949899495
1341846667.942116 -0.970327437 -0.162397012 0.710491300 -0.249899760 0.201369196 0.021218210 0.946863472
1341846667.978287 -0.980374813 -0.165924639 0.719353378 -0.242403299 0.203287020 0.020478787 0.948417425
1341846668.010215 -0.969773769 -0.167811543 0.716964304 -0.235346735 0.204731062 0.017487552 0.949942768
1341846668.046247 -0.918399453 -0.160458475 0.690935075 -0.225151122 0.198765054 0.016304070 0.953694701
1341846668.078111 -0.858404756 -0.144724846 0.677873433 -0.213219240 0.189668924 0.019009085 0.958228528
1341846668.110130 -0.794630587 -0.149308115 0.663804173 -0.206338093 0.180753082 0.018361751 0.961465418
1341846668.146332 -0.740742385 -0.134077772 0.641494811 -0.195786461 0.174158052 0.017089996 0.964906573
1341846668.178208 -0.680560768 -0.108933151 0.625781715 -0.178942665 0.162923113 0.021230977 0.970043719
1341846668.211262 -0.625254691 -0.104076296 0.610600352 -0.166360825 0.153242484 0.021503173 0.973847210
1341846668.246163 -0.600729883 -0.094070122 0.609187126 -0.151624128 0.150639012 0.021905709 0.976646423
1341846668.278397 -0.555821002 -0.081940174 0.600808680 -0.136765823 0.141534477 0.025085773 0.980119288
1341846668.314248 -0.519013166 -0.105419308 0.590370178 -0.131021023 0.134985223 0.025784899 0.981808364
1341846668.346231 -0.485662311 -0.097435817 0.584960222 -0.123390496 0.131097123 0.028533308 0.983246744
1341846668.378099 -0.451270193 -0.086397544 0.559976816 -0.114549115 0.122621648 0.032316715 0.985290885
1341846668.414247 -0.436191738 -0.087338425 0.552889884 -0.108070076 0.120296963 0.031843767 0.986324251
1341846668.445965 -0.425340950 -0.079793081 0.566419482 -0.098740704 0.120386757 0.033225611 0.987245381
1341846668.478153 -0.399084002 -0.052745610 0.560612857 -0.073486537 0.112610988 0.036710355 0.990237772
1341846668.514213 -0.361895382 -0.044688407 0.534048915 -0.057406545 0.105781853 0.035028912 0.992112756
1341846668.546115 -0.344363242 -0.029150860 0.529118180 -0.048115239 0.102947406 0.033764422 0.992948532
1341846668.582467 -0.325346500 -0.036328394 0.523442864 -0.042551335 0.099023663 0.031808797 0.993665934
1341846668.614140 -0.327154726 -0.044790380 0.530675292 -0.031580344 0.101339594 0.029750044 0.993905425
1341846668.646312 -0.322864503 -0.050160434 0.519000053 -0.020874267 0.099661514 0.027130486 0.994432390
1341846668.682455 -0.286235034 -0.047637314 0.513382375 -0.013251767 0.091245174 0.023271816 0.995468318
1341846668.714133 -0.269740283 -0.037089419 0.507136166 0.001506674 0.085722990 0.022790208 0.996057212
1341846668.746132 -0.237229258 -0.036669731 0.499655753 0.010516948 0.078599341 0.021000855 0.996629596
1341846668.782338 -0.234378710 -0.040746134 0.489362180 0.008660531 0.077270664 0.018924154 0.996792912
1341846668.814140 -0.237852216 -0.040737189 0.496545494 0.007266406 0.078517206 0.019472543 0.996696115
1341846668.850214 -0.223747253 -0.038587697 0.489385784 0.007403132 0.074463494 0.018549357 0.997023702
1341846668.882442 -0.218700245 -0.038959559 0.486999601 0.004449547 0.072374530 0.017278943 0.997217953
1341846668.914289 -0.227319300 -0.055253401 0.487358809 0.000668659 0.072769299 0.015610912 0.997226417
1341846668.950088 -0.210962549 -0.038481645 0.490782320 0.005513703 0.066423252 0.014421034 0.997672081
1341846668.982227 -0.206632614 -0.046774898 0.486419529 -0.000488676 0.062832549 0.008341424 0.997989118
1341846669.014062 -0.214292109 -0.042774737 0.488509655 -0.007371831 0.062420208 0.000996231 0.998022258
1341846669.050056 -0.201386839 -0.041785587 0.487162828 -0.011489864 0.056216542 -0.002008443 0.998350441
1341846669.082525 -0.191646248 -0.040415652 0.482953966 -0.015697571 0.050282430 -0.008384360 0.998576462
1341846669.118346 -0.201214746 -0.051847082 0.480370402 -0.027099166 0.050371166 -0.017581336 0.998208046
1341846669.150086 -0.207486838 -0.069511317 0.495975733 -0.037219021 0.048491374 -0.023408331 0.997855425
1341846669.182477 -0.204499453 -0.060863402 0.490605056 -0.037541579 0.043645885 -0.031323053 0.997849941
1341846669.218046 -0.189453229 -0.060992181 0.489941150 -0.044589859 0.041334048 -0.038617030 0.997402608
1341846669.250205 -0.213169411 -0.053410333 0.499438316 -0.048114695 0.043188050 -0.045494337 0.996870160
1341846669.286114 -0.193253294 -0.056052595 0.496899992 -0.049497291 0.037570566 -0.050104480 0.996808946
1341846669.318030 -0.227175802 -0.034890994 0.490279615 -0.048642308 0.044366088 -0.055778734 0.996270239
1341846669.350255 -0.202123478 -0.031204645 0.500931025 -0.049244411 0.037593354 -0.060667720 0.996233463
1341846669.418200 -0.224440843 0.035800755 0.487839043 -0.047369793 0.038385745 -0.081555106 0.994802177
1341846669.450219 -0.231724650 0.039252587 0.503681600 -0.050833680 0.038323805 -0.090834551 0.993829131
1341846669.486175 -0.166308179 0.022467544 0.492656052 -0.057032261 0.023495052 -0.100024827 0.993071198
1341846669.518033 -0.179820448 0.042778108 0.484955013 -0.060644250 0.027609948 -0.112474240 0.991417944
1341846669.554159 -0.210767373 0.023082690 0.498242468 -0.070783779 0.033165213 -0.122525819 0.989382207
1341846669.586348 -0.202942044 0.041482482 0.493003368 -0.072422288 0.031225096 -0.132147640 0.988087535
1341846669.617976 -0.193511486 0.044035397 0.493530154 -0.079376034 0.032719079 -0.141416773 0.986220181
1341846669.654096 -0.211531401 0.027104443 0.501759529 -0.087351844 0.038169987 -0.149735019 0.984119952
1341846669.686069 -0.214858130 0.019886594 0.497756869 -0.089023888 0.039344970 -0.154282629 0.983221054
1341846669.718075 -0.215463489 0.033971786 0.489403725 -0.089523770 0.041333340 -0.162830159 0.981714487
1341846669.754171 -0.201708570 0.036935389 0.487050086 -0.095634066 0.042194519 -0.171829432 0.979565382
1341846669.786139 -0.208280966 0.035635617 0.495135844 -0.101010866 0.045228656 -0.180193841 0.977384984
1341846669.822151 -0.220759839 0.027725186 0.491161317 -0.105464414 0.047934920 -0.187931955 0.975326180
1341846669.854118 -0.197643131 0.029724013 0.476154894 -0.109904617 0.045391940 -0.195867315 0.973394394
1341846669.886219 -0.176684380 0.025416501 0.470636070 -0.116335206 0.043529928 -0.205568805 0.970727980
1341846669.922050 -0.149710551 0.022840437 0.471421599 -0.118147731 0.040861495 -0.212473005 0.969137073
1341846669.954047 -0.195517838 -0.014730666 0.452676982 -0.131481349 0.048360296 -0.219671085 0.965462923
1341846669.986285 -0.172020525 -0.017558545 0.444357127 -0.138172463 0.046847112 -0.227703348 0.962738276
1341846670.022242 -0.138831899 -0.023884412 0.440710574 -0.141125455 0.044320315 -0.235685140 0.960506022
1341846670.054135 -0.109446667 -0.027175074 0.428240687 -0.143305480 0.041846529 -0.242075250 0.958703279
1341846670.090228 -0.111813121 -0.028822942 0.421331853 -0.149087131 0.044081047 -0.253798634 0.954681218
1341846670.121996 -0.080274306 -0.033921130 0.403886318 -0.151903927 0.042547151 -0.264986485 0.951260865
1341846670.154057 -0.051576402 -0.036091015 0.388486475 -0.154717565 0.041727744 -0.274644494 0.948099017
1341846670.190103 -0.026482206 -0.034725875 0.377595812 -0.157503515 0.039813425 -0.285412669 0.944535434
1341846670.222197 0.006257102 -0.042613570 0.358381540 -0.158324122 0.036929481 -0.295376480 0.941446960
1341846670.258571 0.034997068 -0.040314808 0.347375274 -0.157323554 0.037346877 -0.302971393 0.939181983
1341846670.290254 0.079400808 -0.049713418 0.322393030 -0.156625494 0.030770747 -0.308484852 0.937741280
1341846670.358377 0.116692737 -0.042705402 0.285861522 -0.151315942 0.037683196 -0.325106919 0.932731986
1341846670.390114 0.175930724 -0.048657626 0.275640100 -0.146490112 0.034446713 -0.331382096 0.931418300
1341846670.422206 0.220821381 -0.057367358 0.264595449 -0.141589791 0.034597758 -0.341601819 0.928473830
1341846670.464003 0.266184986 -0.052926946 0.245570168 -0.131060913 0.036245000 -0.349709362 0.926937282
1341846670.526271 0.321327806 -0.044834755 0.232645750 -0.119263709 0.041534167 -0.359322578 0.924628794
1341846670.566977 0.370437175 -0.039900586 0.230131030 -0.113421515 0.038474567 -0.367437899 0.922303975
1341846670.596103 0.411911249 -0.040045500 0.224107280 -0.107711121 0.034872621 -0.371058613 0.921682000
1341846670.628412 0.445703536 -0.037812755 0.220113993 -0.102197841 0.033074614 -0.375056148 0.920757651
1341846670.664027 0.476386547 -0.040394567 0.218732029 -0.096178472 0.032357782 -0.379307210 0.919689476
1341846670.696002 0.508773208 -0.039196614 0.216202050 -0.087121360 0.032780964 -0.384283453 0.918510497
1341846670.728093 0.530290663 -0.036062911 0.209164098 -0.078569613 0.034977455 -0.389257759 0.917105138
1341846670.764128 0.553630829 -0.031695738 0.211644679 -0.072060429 0.038617816 -0.396646947 0.914323390
1341846670.796059 0.577752531 -0.025946714 0.215327948 -0.062625758 0.043023475 -0.400079787 0.913325369
1341846670.832246 0.595170021 -0.020814203 0.214745939 -0.053367410 0.043882705 -0.399281055 0.914221466
1341846670.863970 0.615986407 -0.022596017 0.210986868 -0.048681695 0.042392392 -0.396943927 0.915570021
1341846670.896139 0.635060966 -0.023248918 0.206192598 -0.041607704 0.045879152 -0.398443729 0.915099204
1341846670.932028 0.649654686 -0.010880575 0.221532524 -0.029337922 0.050451193 -0.395635188 0.916551590
1341846670.964063 0.673574448 -0.005557731 0.215608656 -0.016914381 0.046617817 -0.386709243 0.920867324
1341846671.000270 0.691613913 0.002736285 0.204082698 -0.005913958 0.045838855 -0.385208279 0.921671569
1341846671.032112 0.707728148 0.004747510 0.202880532 0.003736717 0.050598562 -0.388605714 0.920006216
1341846671.064030 0.719321370 0.012093723 0.210268348 0.014378053 0.053250164 -0.390265852 0.919048607
1341846671.101398 0.731480062 0.019685760 0.211958840 0.024630098 0.053100754 -0.395693004 0.916515529
1341846671.132289 0.742317080 0.013276368 0.222532541 0.035574511 0.054206174 -0.401246130 0.913672626
1341846671.168159 0.735186040 0.015815884 0.221212879 0.048242170 0.055169296 -0.402414083 0.912519574
1341846671.200149 0.750841439 0.017999664 0.227326065 0.061187491 0.048486713 -0.404336214 0.911272407
1341846671.232280 0.766148210 0.012607977 0.223364487 0.071657747 0.046648081 -0.409113079 0.908468843
1341846671.268147 0.770586252 0.017865717 0.216560572 0.082357869 0.049857832 -0.410497099 0.906765401
1341846671.300337 0.782305837 0.021881133 0.194559157 0.091775544 0.046018057 -0.409441978 0.906541228
1341846671.336125 0.797802746 0.026239112 0.189398155 0.099939957 0.042283058 -0.412437260 0.904499650
1341846671.368236 0.804452777 0.027541623 0.173313692 0.106363326 0.043876514 -0.414981008 0.902525604
1341846671.400327 0.809171855 0.029472455 0.161484957 0.110473134 0.040996797 -0.414704889 0.902294219
1341846671.436064 0.823684633 0.046899945 0.151666865 0.120592587 0.038033467 -0.419762045 0.898782909
1341846671.468197 0.831627250 0.060446203 0.134845778 0.127643019 0.039226118 -0.423873663 0.895823479
1341846671.504294 0.821780622 0.075264663 0.122644126 0.131177887 0.038297698 -0.427838951 0.893464923
1341846671.536197 0.836839557 0.085667402 0.125447959 0.140356123 0.030171022 -0.435678303 0.888579905
1341846671.568120 0.846706212 0.095974892 0.109816186 0.150448456 0.028255843 -0.442984581 0.883363783
1341846671.604188 0.847578228 0.104298502 0.099189296 0.157197013 0.025244068 -0.447151840 0.880174458
1341846671.636057 0.852489293 0.119075388 0.099506043 0.169839397 0.018529171 -0.455049038 0.873923182
1341846671.672157 0.862829804 0.139847726 0.064776398 0.183781326 0.013902076 -0.460223556 0.868461549
1341846671.704027 0.873016357 0.147710979 0.053639144 0.187512353 0.010613448 -0.462866187 0.866303265
1341846671.736479 0.872798920 0.152031243 0.037504587 0.188236669 0.009105959 -0.470226973 0.862189472
1341846671.774745 0.870633721 0.151332349 0.045818303 0.190826640 0.006001346 -0.475176483 0.858927548
1341846671.804605 0.869050443 0.162960052 0.023169395 0.193875909 0.004018000 -0.477855414 0.856767297
1341846671.840252 0.875392377 0.164540112 0.022004351 0.195547745 -0.000507245 -0.482748836 0.853647709
1341846671.872106 0.880766571 0.170095891 0.021942209 0.199350983 -0.002144868 -0.485964835 0.850936413
1341846671.904035 0.879400730 0.174048960 0.020451903 0.199562237 -0.003432988 -0.488427639 0.849471331
1341846671.972239 0.878746092 0.173012823 0.024282351 0.199973181 -0.004536401 -0.499634475 0.842825949
1341846672.034218 0.882554471 0.170228958 0.020637404 0.200568065 -0.008357211 -0.513100147 0.834524333
1341846672.066227 0.881029248 0.164525628 0.023415612 0.199806124 -0.008152386 -0.518713951 0.831232190
1341846672.098024 0.878583550 0.157682121 0.035268448 0.199592173 -0.011226542 -0.523181796 0.828442931
1341846672.134061 0.882084966 0.156470001 0.034628261 0.200898856 -0.013719197 -0.530202329 0.823612154
1341846672.166000 0.884746730 0.145772934 0.034607545 0.199268669 -0.014557592 -0.535098851 0.820822418
1341846672.198405 0.878823817 0.144796610 0.029857542 0.198594004 -0.013336416 -0.539492726 0.818126023
1341846672.234130 0.877831638 0.140050530 0.030167021 0.199851245 -0.016169719 -0.543457389 0.815139353
1341846672.266403 0.887563586 0.142608404 0.025549265 0.204251796 -0.017676929 -0.545058668 0.812945187
1341846672.302710 0.883125961 0.139210880 0.020073004 0.201632708 -0.017246408 -0.545871019 0.813063145
1341846672.335022 0.890664756 0.140497744 0.012337145 0.201159701 -0.019293955 -0.550217092 0.810199857
1341846672.366487 0.892711878 0.148727894 0.009614831 0.204209998 -0.017507775 -0.554421306 0.806603312
1341846672.402478 0.903214633 0.152620614 0.013661960 0.206435189 -0.018354587 -0.552183807 0.807552278
1341846672.434330 0.907833576 0.151162624 0.016651703 0.205767229 -0.019587509 -0.550528884 0.808822691
1341846672.472323 0.912894428 0.156835675 0.017373860 0.207564399 -0.019749148 -0.550050318 0.808685124
1341846672.534812 0.918724418 0.152649105 0.011922831 0.205704451 -0.023614980 -0.546606600 0.811387241
1341846672.570153 0.917076528 0.147787452 0.014067663 0.201519817 -0.025385883 -0.546154916 0.812686980
1341846672.608881 0.913957655 0.154619336 0.021063564 0.202984333 -0.026866674 -0.545134723 0.812959909
1341846672.640836 0.930545688 0.162664831 0.025879506 0.204351008 -0.031644411 -0.540263891 0.815692484
1341846672.708152 0.934149027 0.168757677 0.037401196 0.204712376 -0.036596663 -0.530714214 0.821642220
1341846672.770288 0.932742178 0.171027243 0.049655885 0.205109790 -0.045074351 -0.509934247 0.834185421
1341846672.803280 0.933431745 0.174322605 0.053717911 0.206852436 -0.048886716 -0.500674367 0.839134872
1341846672.838034 0.931938529 0.168503195 0.057662830 0.205135837 -0.054823227 -0.489430875 0.845796168
1341846672.870092 0.936282277 0.169666916 0.065004200 0.205676824 -0.060717862 -0.482428491 0.849278033
1341846672.902275 0.930055439 0.177421212 0.058556143 0.205142111 -0.062878646 -0.474531114 0.853688061
1341846672.938315 0.924258113 0.176521450 0.056540094 0.202522218 -0.067041725 -0.465733469 0.858826220
1341846672.970326 0.925086498 0.171431839 0.073434845 0.199157789 -0.073603041 -0.456171483 0.864191175
1341846673.008221 0.934062123 0.173006386 0.085495673 0.197331965 -0.079643704 -0.446315616 0.869206190
1341846673.070235 0.927086771 0.176095307 0.082801670 0.189225733 -0.084877402 -0.427193552 0.880054057
1341846673.106189 0.921500504 0.174142003 0.077232011 0.188209251 -0.088587977 -0.414916486 0.885761678
1341846673.138104 0.922264874 0.171032161 0.086651541 0.186913937 -0.095115572 -0.399917185 0.892234504
1341846673.170298 0.922356963 0.169407666 0.090771273 0.186035842 -0.099943586 -0.390283763 0.896147609
1341846673.206489 0.921006918 0.163233668 0.096572064 0.185576692 -0.105023071 -0.379248023 0.900390148
1341846673.238153 0.924718380 0.154006541 0.102818243 0.184904933 -0.112545982 -0.368431538 0.904102802
1341846673.274220 0.918524325 0.145553827 0.105593562 0.183780313 -0.116005421 -0.360750794 0.906987607
1341846673.306107 0.920123160 0.149786174 0.114156455 0.187033534 -0.119877532 -0.349939138 0.910049736
1341846673.338187 0.918267906 0.144486934 0.118098043 0.187295333 -0.125031084 -0.338993132 0.913439274
1341846673.374098 0.920136034 0.147162005 0.113564953 0.189610094 -0.127691343 -0.328841209 0.916300416
1341846673.406266 0.918140233 0.141617119 0.118239656 0.189461082 -0.130990773 -0.315831482 0.920432746
1341846673.438267 0.922380865 0.149682581 0.132098913 0.194572762 -0.137322754 -0.303476214 0.922597468
1341846673.474135 0.919837534 0.144003615 0.122090824 0.194272175 -0.140459985 -0.287656337 0.927244902
1341846673.506260 0.920600533 0.136890739 0.125445917 0.193579197 -0.145459637 -0.272772938 0.931108773
1341846673.542168 0.915420771 0.139820263 0.122624017 0.192210659 -0.150516763 -0.260789841 0.934017360
1341846673.574072 0.908498287 0.139755547 0.121853359 0.189811766 -0.154053450 -0.249774262 0.936937511
1341846673.606102 0.905648291 0.138510823 0.119135439 0.187265575 -0.159152374 -0.238767698 0.939463794
1341846673.648026 0.902691007 0.133566514 0.115366019 0.181350976 -0.166206270 -0.226518586 0.942431271
1341846673.710162 0.891470194 0.132604524 0.112988129 0.168501660 -0.177280903 -0.204926968 0.947725534
1341846673.742225 0.882564545 0.133682936 0.112188473 0.162316471 -0.183529630 -0.190025076 0.950715899
1341846673.774298 0.873697221 0.136448473 0.101874612 0.158205658 -0.188610271 -0.177361116 0.952858984
1341846673.810154 0.863016725 0.137097418 0.091264933 0.152974188 -0.193066269 -0.163171828 0.955352962
1341846673.842305 0.852524877 0.139526263 0.078074664 0.147743762 -0.198115960 -0.148692325 0.957503259
1341846673.874285 0.850310326 0.147662371 0.074199252 0.142662019 -0.202197939 -0.137124524 0.959145665
1341846673.910253 0.846092820 0.152299538 0.073513590 0.137327611 -0.205448031 -0.127907544 0.960506082
1341846673.942284 0.844785392 0.158879876 0.078605309 0.135690078 -0.209826931 -0.120287105 0.960776746
1341846673.978434 0.834491730 0.161544234 0.076117046 0.134627134 -0.208633631 -0.113008112 0.962069035
1341846674.016486 0.828273296 0.161917746 0.081825748 0.134913340 -0.208174139 -0.104339600 0.963107109
1341846674.052060 0.825322986 0.160593778 0.073877394 0.132956386 -0.208665282 -0.094772324 0.964261174
1341846674.084057 0.828015447 0.169442594 0.089048162 0.134322748 -0.210640490 -0.084492043 0.964597940
1341846674.152235 0.803761065 0.173162267 0.067885399 0.123999313 -0.206000522 -0.072384343 0.967960954
1341846674.210322 0.787125826 0.184672698 0.054786578 0.118653059 -0.201648518 -0.060544748 0.970357478
1341846674.246217 0.776839018 0.169698238 0.043813363 0.109554112 -0.200826570 -0.052596126 0.972059786
1341846674.278035 0.766823828 0.164071977 0.039694566 0.108077131 -0.200865164 -0.044569414 0.972618163
1341846674.310117 0.761114836 0.170041576 0.037147000 0.107778333 -0.201273590 -0.035466585 0.972941339
1341846674.346212 0.752293766 0.169387579 0.027233541 0.103990033 -0.199428603 -0.029509496 0.973932028
1341846674.378058 0.745114803 0.155008167 0.017689189 0.100849062 -0.197199002 -0.020736065 0.974942088
1341846674.410162 0.734389603 0.159654006 -0.002399445 0.100706436 -0.195126712 -0.013346713 0.975502789
1341846674.446125 0.726734996 0.157679915 -0.016357902 0.096807323 -0.193040952 -0.008697257 0.976364672
1341846674.478198 0.714707851 0.151864633 -0.028685737 0.095548898 -0.189797163 -0.003687709 0.977156043
1341846674.514124 0.707713246 0.150655761 -0.035152778 0.094191596 -0.188665375 0.001048487 0.977513313
1341846674.546062 0.704600453 0.140228152 -0.032289710 0.090912424 -0.189840853 0.007156217 0.977570593
1341846674.578094 0.701437116 0.138231188 -0.035673924 0.090370372 -0.188548341 0.010362324 0.977842271
1341846674.614179 0.703950346 0.137885004 -0.026022503 0.088056974 -0.188274279 0.016158177 0.978027463
1341846674.682209 0.715526104 0.129040614 0.001694715 0.086214907 -0.193448111 0.033497110 0.976740897
1341846674.714186 0.722920358 0.136156723 -0.004281774 0.087522931 -0.194173306 0.042998075 0.976108432
1341846674.752271 0.737104118 0.135541186 0.011887817 0.085945964 -0.198046491 0.053072408 0.974973977
1341846674.814222 0.757781267 0.141996160 0.015347194 0.084226497 -0.199767515 0.066391110 0.973956406
1341846674.846370 0.769909203 0.140342131 0.014636718 0.082402810 -0.201287240 0.074991152 0.973175049
1341846674.882158 0.786864221 0.138805106 0.016729666 0.079970062 -0.204159230 0.083143324 0.972116768
1341846674.914224 0.797813594 0.140550628 0.016107267 0.077015907 -0.205559030 0.089706898 0.971476555
1341846674.950305 0.814476728 0.135023743 0.025249315 0.072093606 -0.209091440 0.096578948 0.970441043
1341846674.982342 0.828256011 0.132622048 0.025283881 0.067275867 -0.213153809 0.101422474 0.969408512
1341846675.014137 0.841711879 0.130854249 0.030892204 0.057123225 -0.217694923 0.103859857 0.968792558
1341846675.050230 0.857571065 0.128957763 0.044031415 0.047010403 -0.222738460 0.107155778 0.967830181
1341846675.088201 0.873478591 0.128605649 0.050940696 0.040432684 -0.226124018 0.111215085 0.966883838
1341846675.150188 0.914842010 0.124243021 0.083632566 0.010212050 -0.234864458 0.121034980 0.964409113
1341846675.182290 0.931068599 0.118756413 0.097400479 -0.003182551 -0.235975966 0.115408830 0.964876175
1341846675.218759 0.954261184 0.109557852 0.108796619 -0.014009941 -0.240259096 0.119024813 0.963282108
1341846675.251951 0.978953600 0.111692078 0.132440776 -0.021118388 -0.246431991 0.120655648 0.961388290
1341846675.282406 1.003779054 0.115713350 0.155237645 -0.025356574 -0.250739962 0.123215862 0.959846020
1341846675.318078 1.025708437 0.126684844 0.173804790 -0.028909400 -0.253008157 0.126832321 0.958678663
1341846675.350149 1.048871398 0.142742246 0.183176816 -0.035454124 -0.255729020 0.126462743 0.957785428
1341846675.382271 1.070166826 0.161254138 0.213973641 -0.042452332 -0.259275973 0.123789355 0.956896007
1341846675.450238 1.110015750 0.174355879 0.268644899 -0.051603135 -0.261350572 0.134794369 0.954391658
1341846675.486165 1.131254911 0.176857039 0.300619602 -0.046020500 -0.264662534 0.147444293 0.951890767
1341846675.518083 1.149038911 0.181431472 0.320013732 -0.038835071 -0.266501755 0.156686708 0.950219929
1341846675.550092 1.165998697 0.187383488 0.334338844 -0.033074979 -0.269736916 0.164387360 0.948221922
1341846675.586070 1.176613331 0.186175078 0.349563271 -0.031748928 -0.269749641 0.166141257 0.947957933
1341846675.618075 1.190272927 0.187172920 0.368754178 -0.027741197 -0.269569397 0.169871271 0.947473824
1341846675.650024 1.201545000 0.189901635 0.384778231 -0.022221588 -0.271358401 0.172923669 0.946555972
1341846675.686118 1.214221001 0.188755646 0.400761992 -0.018944426 -0.274777949 0.171107084 0.945970714
1341846675.718055 1.228793144 0.191905290 0.415828645 -0.013598574 -0.274188787 0.168924123 0.946625769
1341846675.754170 1.246261358 0.192888737 0.432146102 -0.006639083 -0.275813520 0.165817976 0.946777284
1341846675.786330 1.265168428 0.193808407 0.442965299 -0.003494048 -0.277696341 0.167503372 0.945946753
1341846675.818106 1.281571627 0.194659546 0.457220942 0.000096134 -0.276367277 0.165160060 0.946754098
1341846675.854095 1.301561594 0.196117893 0.473204345 0.003998341 -0.278174788 0.164718777 0.946293056
1341846675.886163 1.321535707 0.200324222 0.485809654 0.010009452 -0.282568783 0.168599218 0.944261134
1341846675.922346 1.344150782 0.203639388 0.501223624 0.020804115 -0.285431594 0.169080719 0.943137169
1341846675.961651 1.374856949 0.200977802 0.519840658 0.028067671 -0.289724708 0.168837115 0.941682458
1341846676.028080 1.432520866 0.202467933 0.546830893 0.048254076 -0.300314546 0.170212194 0.937288940
1341846676.122163 1.515567303 0.177694544 0.604066312 0.051369052 -0.318817884 0.162349284 0.932394326
1341846676.154447 1.560445189 0.187547192 0.623955488 0.049807925 -0.327028990 0.160083935 0.930023849
1341846676.190230 1.599981546 0.194684312 0.646927059 0.049580675 -0.336219579 0.161880150 0.926441014
1341846676.222476 1.658734560 0.211757600 0.658371925 0.045372542 -0.342471153 0.159300923 0.924812436
1341846676.257017 1.664377570 0.198568627 0.677521646 0.036705758 -0.344376862 0.152998835 0.925553143
1341846676.290401 1.693507552 0.213811383 0.690619946 0.036365766 -0.348724067 0.154797986 0.923637748
1341846676.322689 1.739281893 0.243383229 0.698863029 0.036838677 -0.352417916 0.157852024 0.921698093
1341846676.360815 1.772382975 0.235349238 0.724573851 0.023507332 -0.355555534 0.146881819 0.922742367
1341846676.390851 1.795707226 0.255544394 0.750471056 0.019726291 -0.358235717 0.144997001 0.922092140
1341846676.424250 1.807594538 0.271288186 0.788213849 0.023577929 -0.359521449 0.146516308 0.921260774
1341846676.459033 1.835431576 0.283433318 0.820089102 0.018529767 -0.360531718 0.151091710 0.920241773
1341846676.490669 1.858590245 0.298817009 0.842002332 0.016284030 -0.362490475 0.152444094 0.919291198
1341846676.532743 1.879450321 0.307682037 0.876982272 0.015557404 -0.363701582 0.155235335 0.918357849
1341846676.564052 1.906503677 0.318027765 0.906172156 0.013839776 -0.365295887 0.155072287 0.917779922
1341846676.596566 1.921276689 0.316681862 0.925489843 0.009970820 -0.366067737 0.149996087 0.918366015
1341846676.632057 1.951980114 0.322246701 0.954745710 0.009479975 -0.368742198 0.148090690 0.917610228
1341846676.690079 1.967639685 0.326380432 0.963577747 0.009862183 -0.366218507 0.144690573 0.919157982
1341846676.726102 1.969937444 0.321640790 0.958893180 0.010549658 -0.362036914 0.142226368 0.921189249
1341846676.758419 1.963343143 0.318917692 0.952578783 0.012613807 -0.356656700 0.142749250 0.923179030
1341846676.790227 1.971330166 0.322738856 0.948417366 0.013858167 -0.356275469 0.143134221 0.923248827
1341846676.826179 1.982112408 0.318777382 0.945938230 0.013873387 -0.352102906 0.140244141 0.925290644
1341846676.858331 1.966344237 0.317487538 0.944258630 0.014709373 -0.346359879 0.143094525 0.927007258
1341846676.894086 1.967617273 0.319622368 0.941104531 0.014513166 -0.347289830 0.145289570 0.926320791
1341846676.926062 1.970564365 0.316736490 0.942117929 0.013919801 -0.346300840 0.142394066 0.927149355
1341846676.958080 1.963410616 0.317471802 0.941226602 0.014320428 -0.343582720 0.143389598 0.928000689
1341846676.994140 1.970455408 0.319350034 0.940331161 0.015337067 -0.345782965 0.145028934 0.926911831
1341846677.026242 1.975431800 0.316888750 0.938025713 0.015191266 -0.346405119 0.143638015 0.926898599
1341846677.094244 1.970696449 0.323535502 0.934914112 0.015134778 -0.346142739 0.143097505 0.927081048
1341846677.126108 1.978487849 0.316916734 0.937510610 0.015494838 -0.348032594 0.143309414 0.926334500
1341846677.162066 1.978839159 0.317837358 0.927379251 0.017259514 -0.346151859 0.143837586 0.926926017
1341846677.194068 1.977790833 0.326499224 0.934290409 0.017395327 -0.347645402 0.144155040 0.926314950
1341846677.226206 1.976631284 0.317538232 0.933324158 0.016151454 -0.346327573 0.143312529 0.926961660
1341846677.262033 1.984646440 0.325188041 0.944462538 0.019643074 -0.345572114 0.145446137 0.926843822
1341846677.294125 1.979612112 0.325447470 0.935831964 0.020144332 -0.345420986 0.146744877 0.926684678
1341846677.326503 1.995418906 0.320898086 0.937730074 0.017803311 -0.346683294 0.143997610 0.926692247
1341846677.362194 1.992126942 0.320330769 0.948078990 0.018227996 -0.344098657 0.144529045 0.927564144
1341846677.394280 1.995458007 0.320254415 0.944187641 0.018999621 -0.344264477 0.145735398 0.927298367
1341846677.430058 2.005819798 0.314119309 0.952109575 0.017810093 -0.344278365 0.144501314 0.927509904
1341846677.468326 1.990670323 0.317064434 0.938051045 0.020337313 -0.338384897 0.144310445 0.929654062
1341846677.530161 1.991575003 0.307335764 0.929471552 0.023207236 -0.333851933 0.144874781 0.931136727
1341846677.562051 1.986314297 0.312378496 0.933022976 0.025374217 -0.330912560 0.143728584 0.932306349
1341846677.594105 1.993626595 0.319107592 0.942130804 0.026776798 -0.332172722 0.143685132 0.931825578
1341846677.630227 1.996744633 0.312577069 0.939840555 0.026517009 -0.331167340 0.142386064 0.932390094
1341846677.662033 1.991320848 0.314766377 0.936376512 0.027713502 -0.328780949 0.142699763 0.933151662
1341846677.730320 1.992964625 0.308150738 0.936083794 0.025871396 -0.328753650 0.142250329 0.933282673
1341846677.763691 1.996359110 0.311354041 0.937046111 0.027783189 -0.328341693 0.143400431 0.933196723
1341846677.798630 1.993332386 0.323438108 0.930171490 0.029668206 -0.329159588 0.143518373 0.932832420
1341846677.830104 2.011176109 0.302688479 0.947800636 0.025659962 -0.331523180 0.141154975 0.932474792
1341846677.862185 2.009807110 0.310815394 0.952212989 0.030400159 -0.329414994 0.142205447 0.932919741
1341846677.898344 2.005640507 0.318256825 0.947882116 0.034855068 -0.328655750 0.144290686 0.932711542
1341846677.930181 2.007851124 0.312245518 0.949771404 0.035867367 -0.328381628 0.142868683 0.932988524
1341846677.966256 2.010246515 0.310640007 0.957546234 0.038730044 -0.326581419 0.143708736 0.933376849
1341846677.998516 2.006335974 0.309286654 0.946976542 0.042895269 -0.325492322 0.146826938 0.933089852
1341846678.030368 2.012586832 0.316208810 0.946999550 0.046342049 -0.328168094 0.148132652 0.931780457
1341846678.066187 2.023303032 0.303639263 0.951362252 0.045747448 -0.327832729 0.146860227 0.932129323
1341846678.098076 2.015569210 0.300302893 0.940679431 0.047299471 -0.326390266 0.147906274 0.932392538
1341846678.134082 2.027368784 0.311023057 0.949154019 0.050428756 -0.331364542 0.149723664 0.930181324
1341846678.166092 2.027979851 0.302399129 0.948216558 0.050503369 -0.329965502 0.148053780 0.930941641
1341846678.204293 2.023125172 0.302118659 0.937280238 0.051894810 -0.327871382 0.149923727 0.931305647
1341846678.266209 2.023850203 0.304985434 0.935358047 0.056659635 -0.330209970 0.150554627 0.930099130
1341846678.298316 2.025196552 0.301430374 0.932225764 0.056330677 -0.331261426 0.150572032 0.929742336
1341846678.334135 2.030912638 0.302137762 0.933747888 0.056692656 -0.333630532 0.151229873 0.928766012
1341846678.366593 2.033442974 0.302558064 0.942100585 0.058280755 -0.334096938 0.150984794 0.928539872
1341846678.402292 2.026058912 0.298752397 0.927671552 0.059282839 -0.331611216 0.151178733 0.929335594
1341846678.439991 2.029213190 0.305154830 0.930165350 0.061069559 -0.332096308 0.151925489 0.928924799
