1341846647.802247 0.0000000 0.0000000 0.0000000 -0.0000000 -0.0000000 -0.0000000 1.0000000
1341846647.866652 0.0083316 -0.0049967 -0.0046454 0.0014253 0.0015057 0.0028060 0.9999939
1341846647.901972 0.0118014 -0.0061044 -0.0068861 0.0011509 0.0031652 0.0025208 0.9999912
1341846647.970225 0.0154450 -0.0127500 -0.0061532 -0.0021175 0.0013118 0.0043751 0.9999874
1341846648.034343 0.0162235 -0.0124482 -0.0100829 -0.0049752 -0.0004573 0.0040614 0.9999793
1341846648.138185 0.0110329 -0.0229459 -0.0120862 -0.0080422 -0.0066774 0.0048700 0.9999335
1341846648.202106 0.0119259 -0.0321768 -0.0153603 -0.0139989 -0.0129777 0.0035529 0.9998115
1341846648.270152 0.0077582 -0.0436203 -0.0163384 -0.0183823 -0.0223081 0.0007549 0.9995819
1341846648.370216 0.0020573 -0.0445239 -0.0288550 -0.0281667 -0.0376467 -0.0087487 0.9988558
1341846648.506263 -0.0067462 -0.0342480 -0.0303114 -0.0316583 -0.0627058 -0.0059279 0.9975122
1341846648.570179 -0.0085142 -0.0352721 -0.0289806 -0.0381023 -0.0712072 -0.0092274 0.9966909
1341846648.706058 0.0071164 -0.0468425 -0.0184579 -0.0421050 -0.0976232 -0.0112699 0.9942685
1341846648.774049 0.0138933 -0.0329224 -0.0082478 -0.0358724 -0.1108038 -0.0156689 0.9930711
1341846648.906165 0.0407663 -0.0277697 -0.0056207 -0.0389807 -0.1334607 -0.0104510 0.9902321
1341846649.006157 0.0857222 -0.0216271 0.0162366 -0.0439184 -0.1714797 -0.0062873 0.9841881
1341846649.106188 0.1343071 -0.0102807 0.0294867 -0.0464658 -0.1958730 -0.0186728 0.9793498
1341846649.216152 0.1707480 -0.0071705 0.0492357 -0.0518975 -0.2106925 -0.0261087 0.9758247
1341846649.316071 0.2045718 -0.0051823 0.0512706 -0.0629554 -0.2175865 -0.0216087 0.9737688
1341846649.516198 0.2419838 0.0010609 0.0828370 -0.0684022 -0.2305657 -0.0212020 0.9704180
1341846649.678101 0.2455072 -0.0290781 0.0961258 -0.0705638 -0.2330403 -0.0226639 0.9696388
1341846649.778019 0.2627350 -0.0350138 0.1053885 -0.0671983 -0.2514514 -0.0243887 0.9652263
1341846649.878137 0.2788025 -0.0303973 0.0942902 -0.0709583 -0.2731545 -0.0299907 0.9588807
1341846650.014156 0.2996131 -0.0370303 0.1234593 -0.0691093 -0.2868032 -0.0149043 0.9553773
1341846650.146137 0.3239644 -0.0430151 0.1515016 -0.0643160 -0.2933813 -0.0091107 0.9537861
1341846650.282167 0.3465770 -0.0511145 0.1799749 -0.0573577 -0.2941990 -0.0162924 0.9538824
1341846650.414224 0.3609544 -0.0635206 0.1775413 -0.0567681 -0.2865933 -0.0228584 0.9560958
1341846650.550746 0.3555859 -0.0727965 0.1780465 -0.0542726 -0.2660218 -0.0214808 0.9621983
1341846650.750112 0.3130165 -0.0696396 0.1363698 -0.0436363 -0.2241681 -0.0382174 0.9728227
1341846650.886238 0.2726029 -0.0678032 0.1165460 -0.0392983 -0.1930813 -0.0403028 0.9795668
1341846651.050482 0.2125204 -0.0743590 0.0899986 -0.0402695 -0.1452108 -0.0233454 0.9883052
1341846651.218036 0.1576068 -0.0703207 0.0791208 -0.0412611 -0.1081427 -0.0185578 0.9931054
1341846651.422237 0.0870230 -0.0917136 0.0866690 -0.0484515 -0.0770279 -0.0208832 0.9956320
1341846651.622176 0.0103658 -0.1303076 0.1282496 -0.0483089 -0.0411944 -0.0201947 0.9977782
1341846651.790200 -0.1160665 -0.1398782 0.1123226 -0.0387603 -0.0076891 -0.0225749 0.9989639
1341846651.858213 -0.1676256 -0.1380844 0.1231929 -0.0288960 0.0090021 -0.0235600 0.9992642
1341846651.958047 -0.2663715 -0.1465588 0.1145019 -0.0199309 0.0342415 -0.0193181 0.9990281
1341846652.058058 -0.3726096 -0.1517607 0.1213999 -0.0094324 0.0597339 -0.0132375 0.9980820
1341846652.158232 -0.4928383 -0.1573883 0.1401494 -0.0167250 0.0847772 -0.0166865 0.9961198
1341846652.225981 -0.5609399 -0.1532686 0.1764117 -0.0152095 0.1048552 -0.0207561 0.9941546
1341846652.290189 -0.6641757 -0.1536231 0.2049033 -0.0087368 0.1259280 -0.0143994 0.9918965
1341846652.358184 -0.7150888 -0.1160881 0.2117540 0.0079230 0.1383722 -0.0121107 0.9902745
1341846652.494100 -0.8177454 -0.1376982 0.2283490 0.0119982 0.1609050 -0.0125019 0.9868178
1341846652.594254 -0.8401530 -0.1593276 0.2044461 0.0098670 0.1838619 -0.0139354 0.9828038
1341846652.662152 -0.8263049 -0.1327666 0.2005042 0.0156772 0.2072463 -0.0217220 0.9779220
1341846652.694113 -0.8683062 -0.1132503 0.2299820 0.0153257 0.2408690 -0.0323350 0.9698977
1341846652.762129 -0.9287155 -0.0940830 0.2809423 0.0206845 0.3063902 -0.0370921 0.9509581
1341846652.794152 -0.9627282 -0.0970752 0.3074054 0.0181734 0.3427698 -0.0381019 0.9384705
1341846652.830250 -0.9708562 -0.0969330 0.3332914 0.0190612 0.3723209 -0.0374553 0.9271520
1341846652.862014 -1.0251215 -0.0968807 0.3722742 0.0176914 0.4004131 -0.0359972 0.9154565
1341846652.894426 -1.0320928 -0.0994009 0.3894841 0.0178419 0.4186785 -0.0318175 0.9074016
1341846652.930346 -1.0439487 -0.1029429 0.4264544 0.0196225 0.4415492 -0.0297298 0.8965297
1341846652.962213 -1.0813445 -0.0985854 0.4589663 0.0200897 0.4629974 -0.0289304 0.8856596
1341846653.030292 -1.1041496 -0.1159937 0.4954284 0.0133164 0.4949230 -0.0242418 0.8684965
1341846653.062672 -1.1351892 -0.1238413 0.5282272 0.0160560 0.5143355 -0.0199902 0.8572057
1341846653.099024 -1.1370475 -0.0927978 0.5412727 0.0191888 0.5294286 -0.0239648 0.8477989
1341846653.130475 -1.1506232 -0.0964332 0.5682464 0.0152387 0.5493844 -0.0234530 0.8351015
1341846653.162620 -1.1753535 -0.1103716 0.5837198 0.0144792 0.5662153 -0.0182567 0.8239279
1341846653.198437 -1.1973882 -0.1108815 0.6084697 0.0159073 0.5802905 -0.0145022 0.8141251
1341846653.230042 -1.2062249 -0.1176805 0.6311010 0.0162513 0.5946012 -0.0122253 0.8037636
1341846653.298380 -1.2045677 -0.1050531 0.6704355 0.0205161 0.6209496 -0.0066174 0.7835540
1341846653.330162 -1.2058055 -0.1035480 0.6703413 0.0205324 0.6315079 -0.0048365 0.7750824
1341846653.366319 -1.2212825 -0.0927159 0.6997177 0.0220326 0.6439414 -0.0013476 0.7647563
1341846653.398226 -1.2251352 -0.0859165 0.7204968 0.0228022 0.6543882 0.0005693 0.7558147
1341846653.430060 -1.2585337 -0.0965104 0.7479389 0.0248225 0.6653897 0.0061598 0.7460579
1341846653.466341 -1.2871832 -0.0923059 0.7701995 0.0266914 0.6725748 0.0045614 0.7395336
1341846653.498194 -1.3110796 -0.0858806 0.7978131 0.0275706 0.6801771 0.0038974 0.7325188
1341846653.530205 -1.3106076 -0.0981034 0.8041286 0.0265754 0.6828632 0.0046990 0.7300476
1341846653.566601 -1.3265057 -0.0983504 0.8155305 0.0268860 0.6852090 0.0036968 0.7278407
1341846653.598213 -1.3430471 -0.0949618 0.8278220 0.0272654 0.6874464 0.0040750 0.7257118
1341846653.634793 -1.3443742 -0.0907391 0.8330323 0.0266544 0.6868472 0.0038655 0.7263027
1341846653.666143 -1.3499160 -0.0957233 0.8309465 0.0260742 0.6857216 0.0043574 0.7273837
1341846653.698738 -1.3630447 -0.0898859 0.8465908 0.0259520 0.6846241 0.0052610 0.7284152
1341846653.734313 -1.3622317 -0.0885882 0.8437527 0.0238827 0.6802005 0.0063997 0.7326090
1341846653.766275 -1.3595994 -0.0924964 0.8410584 0.0228489 0.6771340 0.0088583 0.7354515
1341846653.802358 -1.3632450 -0.0953420 0.8417675 0.0219281 0.6729931 0.0114011 0.7392358
1341846653.834226 -1.3633227 -0.0970497 0.8412467 0.0213992 0.6648254 0.0130397 0.7465783
1341846653.866214 -1.3603494 -0.0928464 0.8420725 0.0211278 0.6593772 0.0124722 0.7514120
1341846653.902170 -1.3739054 -0.0947044 0.8496611 0.0196848 0.6540359 0.0147073 0.7560643
1341846653.934160 -1.3647931 -0.0942976 0.8414549 0.0174005 0.6455825 0.0140879 0.7633623
1341846653.966155 -1.3714502 -0.0912776 0.8454328 0.0155140 0.6398571 0.0129251 0.7682287
1341846654.034140 -1.3684242 -0.0922634 0.8446320 0.0078561 0.6248737 0.0144954 0.7805518
1341846654.070172 -1.3514247 -0.1053389 0.8477557 0.0084730 0.6154756 0.0161471 0.7879450
1341846654.102438 -1.3376613 -0.1024805 0.8561971 0.0129981 0.6065046 0.0150308 0.7948316
1341846654.134349 -1.3367685 -0.0909278 0.8768762 0.0191152 0.5993690 0.0138265 0.8001251
1341846654.170244 -1.3501246 -0.0859049 0.9031452 0.0211959 0.5920409 0.0103927 0.8055622
1341846654.202087 -1.3136569 -0.0887933 0.8885059 0.0225088 0.5743033 0.0071290 0.8183021
1341846654.234434 -1.3234527 -0.0863561 0.8869956 0.0240302 0.5675259 0.0052399 0.8229882
1341846654.270041 -1.3181150 -0.0959277 0.8634785 0.0236862 0.5538955 0.0058680 0.8322285
1341846654.338026 -1.2965276 -0.0740227 0.8470670 0.0227792 0.5284652 -0.0016720 0.8486477
1341846654.369979 -1.2933044 -0.0777208 0.8785014 0.0237956 0.5240364 0.0004972 0.8513632
1341846654.402172 -1.3323743 -0.0859882 0.8966020 0.0224878 0.5104060 -0.0015313 0.8596381
1341846654.438133 -1.2860518 -0.0663244 0.8299464 0.0232618 0.4842528 -0.0025155 0.8746153
1341846654.470186 -1.2781582 -0.0811811 0.8326688 0.0189219 0.4757055 -0.0008554 0.8794007
1341846654.502267 -1.3206476 -0.0989538 0.8835695 0.0153419 0.4697700 -0.0017027 0.8826539
1341846654.539064 -1.2417452 -0.0822997 0.8246375 0.0179168 0.4368568 -0.0048169 0.8993397
1341846654.570053 -1.2340987 -0.0743145 0.8184603 0.0146435 0.4312948 -0.0090568 0.9020467
1341846654.606030 -1.2622126 -0.0814539 0.8174841 0.0134535 0.4218377 -0.0073534 0.9065417
1341846654.637980 -1.1907381 -0.0766460 0.7620837 0.0159350 0.3900635 -0.0126002 0.9205639
1341846654.670155 -1.1794271 -0.0801294 0.7568611 0.0176009 0.3822888 -0.0137636 0.9237727
1341846654.874136 -1.1068599 -0.0405710 0.7093666 0.0270047 0.2969006 -0.0146632 0.9544138
1341846654.906209 -1.0882269 -0.0354805 0.7163267 0.0239555 0.2856988 -0.0146346 0.9579082
1341846654.938214 -1.0814666 -0.0467925 0.7154790 0.0245825 0.2700955 -0.0124296 0.9624395
1341846655.006124 -1.0600111 -0.0220938 0.6918695 0.0312963 0.2372969 -0.0126341 0.9708507
1341846655.042239 -1.0579910 -0.0103097 0.6888254 0.0325104 0.2210392 -0.0089767 0.9746816
1341846655.106132 -1.0272315 -0.0305918 0.6644290 0.0318548 0.1815598 -0.0088369 0.9828241
1341846655.142070 -1.0537680 -0.0134030 0.6784090 0.0328800 0.1685126 -0.0110865 0.9850886
1341846655.206124 -1.0026019 -0.0328465 0.6395996 0.0239427 0.1270656 -0.0154028 0.9914857
1341846655.410207 -0.9301180 -0.0346917 0.6191675 0.0475892 0.0889492 -0.0053584 0.9948842
1341846655.474205 -0.8918048 -0.0228710 0.5931911 0.0546918 0.0630743 -0.0030939 0.9965044
1341846655.578132 -0.8241533 -0.0153769 0.5815337 0.0455223 0.0273447 -0.0005070 0.9985889
1341846655.678110 -0.7487177 -0.0073881 0.5725338 0.0407963 -0.0139001 0.0042316 0.9990618
1341846655.748050 -0.6777549 0.0142815 0.5316922 0.0424697 -0.0468739 0.0094809 0.9979526
1341846655.846257 -0.5693098 0.0063865 0.5147055 0.0356207 -0.0923595 0.0164984 0.9949516
1341846655.946240 -0.4406937 0.0086821 0.5022433 0.0279485 -0.1416328 0.0180377 0.9893602
1341846656.014188 -0.3703450 -0.0062541 0.4954880 0.0194787 -0.1616315 0.0190646 0.9864748
1341846656.114220 -0.2876837 0.0009209 0.5070359 0.0165081 -0.1859846 0.0282529 0.9820077
1341846656.246093 -0.1998586 0.0069703 0.5290486 0.0156467 -0.2203949 0.0283222 0.9748739
1341846656.382222 -0.1471487 0.0218149 0.5343080 0.0106633 -0.2429416 0.0312859 0.9694777
1341846656.482260 -0.1275652 0.0333227 0.5279287 0.0063404 -0.2695205 0.0337711 0.9623815
1341846656.614195 -0.1261411 0.0172464 0.5109980 -0.0026615 -0.2839035 0.0276569 0.9584502
1341846656.714216 -0.1353478 0.0175081 0.4960731 -0.0046604 -0.2911758 0.0278165 0.9562538
1341846656.824388 -0.1540641 0.0208837 0.4907091 -0.0069562 -0.2947400 0.0278612 0.9551459
1341846656.924099 -0.1562655 0.0122341 0.4884323 -0.0136823 -0.2917570 0.0243451 0.9560847
1341846657.056121 -0.1308676 0.0078881 0.4880258 -0.0177517 -0.2742203 0.0229056 0.9612302
1341846657.155973 -0.1557219 -0.0015940 0.4898719 -0.0039123 -0.2377936 0.0240964 0.9710089
1341846657.292164 -0.1557237 -0.0126690 0.4912945 0.0009346 -0.1902309 0.0173266 0.9815860
1341846657.354367 -0.1228750 -0.0018928 0.4879084 0.0012745 -0.1771036 0.0163719 0.9840552
1341846657.418105 -0.0751330 -0.0030850 0.5095186 0.0039350 -0.1624924 0.0167100 0.9865605
1341846657.486117 -0.0349697 0.0014222 0.5257583 0.0061747 -0.1453018 0.0166338 0.9892282
1341846657.554062 0.0105373 0.0027597 0.5385540 0.0118446 -0.1320090 0.0143536 0.9910738
1341846657.622205 0.0663341 0.0024383 0.5627846 0.0116101 -0.1156264 0.0111109 0.9931628
1341846657.686517 -0.0038165 0.0001280 0.5314592 0.0126005 -0.0835626 -0.0021984 0.9964204
1341846657.754104 0.0491371 -0.0031127 0.5545626 0.0144567 -0.0713515 0.0035963 0.9973400
1341846657.790066 0.0992568 -0.0093330 0.5551913 0.0089243 -0.0652960 0.0011182 0.9978254
1341846657.822089 0.1261005 -0.0226853 0.5887604 0.0081659 -0.0540474 -0.0001157 0.9985050
1341846657.889993 0.2124819 -0.0264862 0.6063762 0.0085464 -0.0445250 0.0058777 0.9989545
1341846658.494176 -0.0373405 0.0143899 0.6387926 0.0026079 0.0804128 -0.0087191 0.9967201
1341846658.594206 0.0000761 0.0818189 0.6219135 -0.0258303 0.0649243 0.0074296 0.9975281
1341846658.894170 -0.0187646 -0.0160916 0.6229238 -0.1209680 0.0481427 0.0028217 0.9914843
1341846660.270168 -0.0973312 -0.1260164 0.6170771 -0.1048138 0.0384602 -0.0047245 0.9937367
1341846660.870203 -0.0596823 -0.1003272 0.5998462 -0.0237669 0.0313316 0.0025772 0.9992231
1341846661.038225 -0.0789446 -0.1096701 0.5937458 0.0085839 0.0447562 0.0024380 0.9989581
1341846661.308814 -0.0815971 -0.0898676 0.5978966 0.0314015 0.0467421 0.0003224 0.9984133
1341846661.542767 -0.0650079 -0.0571391 0.5912517 0.0338084 0.0385532 -0.0045479 0.9986742
1341846661.710142 -0.0742342 -0.0999181 0.5976087 0.0307408 0.0344959 -0.0017554 0.9989305
1341846661.842216 -0.2235328 -0.1368100 0.5870561 0.0564945 0.0573837 -0.0136558 0.9966590
1341846661.910222 -0.3117344 -0.1472415 0.5953792 0.0593581 0.0756680 -0.0191962 0.9951797
1341846662.010311 -0.4666931 -0.1439314 0.6712587 0.0754626 0.1043968 -0.0288902 0.9912478
1341846662.046195 -0.5134643 -0.1411769 0.6789401 0.0856744 0.1093491 -0.0276616 0.9899179
1341846662.078099 -0.5612530 -0.1424415 0.6878106 0.0902745 0.1166535 -0.0313733 0.9885637
1341846662.110672 -0.6025537 -0.1420048 0.7024829 0.0965972 0.1246641 -0.0313064 0.9869893
1341846662.146166 -0.6489978 -0.1349515 0.7135054 0.1062147 0.1302019 -0.0289154 0.9853577
1341846662.178168 -0.6810573 -0.1338814 0.7226582 0.1129161 0.1344533 -0.0292301 0.9840314
1341846662.214136 -0.7204556 -0.1378961 0.7338699 0.1248855 0.1420165 -0.0279492 0.9815568
1341846662.246167 -0.7550083 -0.1294812 0.7417619 0.1373146 0.1453750 -0.0248896 0.9794852
1341846662.278007 -0.7898279 -0.1309654 0.7478385 0.1416795 0.1502240 -0.0257266 0.9781093
1341846662.314144 -0.8260708 -0.1342185 0.7574304 0.1465956 0.1576829 -0.0266477 0.9761843
1341846662.346164 -0.8596465 -0.1351806 0.7688447 0.1516585 0.1612311 -0.0247932 0.9748793
1341846662.378069 -0.8848544 -0.1430712 0.7762347 0.1560902 0.1642388 -0.0248837 0.9736747
1341846662.414229 -0.9186437 -0.1485677 0.7856315 0.1625116 0.1707626 -0.0235563 0.9715325
1341846662.446102 -0.9471408 -0.1538025 0.7944626 0.1683845 0.1736966 -0.0223863 0.9700387
1341846662.482229 -0.9831488 -0.1659543 0.8026144 0.1739675 0.1773326 -0.0224962 0.9683917
1341846662.514117 -1.0153568 -0.1678006 0.8162493 0.1834696 0.1830935 -0.0218915 0.9655757
1341846662.546261 -1.0334220 -0.1661294 0.8242946 0.1920894 0.1854318 -0.0204484 0.9634825
1341846662.682024 -0.8269117 -0.1213121 0.7567773 0.2125545 0.1560884 -0.0302208 0.9641285
1341846662.714075 -0.8468651 -0.1212137 0.7633957 0.2141332 0.1601092 -0.0295814 0.9631391
1341846662.750127 -0.8739361 -0.1202514 0.7808092 0.2190322 0.1632245 -0.0280977 0.9615577
1341846662.782002 -0.8965554 -0.1254261 0.7791262 0.2218769 0.1651249 -0.0270942 0.9606094
1341846662.814097 -0.9284678 -0.1287857 0.7905939 0.2188747 0.1696803 -0.0255568 0.9605464
1341846662.850193 -0.8966934 -0.1251026 0.7877830 0.2202060 0.1643267 -0.0272174 0.9611271
1341846663.518394 -0.8819851 -0.1207511 0.7699897 0.1591247 0.1516173 -0.0161690 0.9754128
1341846663.554251 -0.8832281 -0.1228523 0.7692302 0.1526679 0.1516990 -0.0156919 0.9764393
1341846663.586143 -0.8835881 -0.1222520 0.7663001 0.1453822 0.1515874 -0.0130909 0.9776062
1341846663.622145 -0.8832358 -0.1205494 0.7700035 0.1379912 0.1500747 -0.0116707 0.9789279
1341846663.654099 -0.8788735 -0.1203910 0.7700101 0.1322090 0.1486848 -0.0114896 0.9799396
1341846663.686099 -0.8841333 -0.1138753 0.7662822 0.1238288 0.1492253 -0.0097930 0.9809701
1341846663.722109 -0.8779507 -0.1232488 0.7700028 0.1141065 0.1484467 -0.0084225 0.9822792
1341846663.755694 -0.8698291 -0.1209768 0.7678146 0.1097985 0.1484721 -0.0083150 0.9827671
1341846663.786304 -0.8584395 -0.0726851 0.7634894 0.1065150 0.1482902 -0.0078993 0.9831593
1341846663.822090 -0.8732353 -0.0860614 0.7712296 0.0856188 0.1518229 -0.0060209 0.9846740
1341846663.854115 -0.8687074 -0.1299345 0.7702991 0.0703120 0.1519316 -0.0047100 0.9858757
1341846663.890140 -0.8604176 -0.0809291 0.7587282 0.0700902 0.1515458 -0.0047764 0.9859505
1341846663.921987 -0.8739568 -0.0722369 0.7596416 0.0507048 0.1556953 -0.0047738 0.9864914
1341846663.954282 -0.8691224 -0.1156123 0.7652519 0.0293181 0.1561381 -0.0028649 0.9872959
1341846664.322491 -0.8850988 -0.1156558 0.7709203 -0.0710132 0.1709954 0.0054968 0.9826940
1341846664.658276 -0.9170280 -0.1672058 0.8102993 -0.1446137 0.1840343 0.0170297 0.9720742
1341846666.202327 -0.9510790 -0.1233650 0.7604477 -0.2947504 0.2127720 0.0471106 0.9303929
1341846666.302195 -0.9609622 -0.1682673 0.7763590 -0.3216308 0.2124273 0.0536481 0.9211679
1341846666.402019 -0.9674003 -0.1165119 0.7594196 -0.3337814 0.2093521 0.0576080 0.9173021
1341846666.502190 -0.9693130 -0.1194811 0.7594648 -0.3451788 0.2091124 0.0701094 0.9122545
1341846666.570131 -0.9798447 -0.1192649 0.7673927 -0.3632048 0.2125156 0.0752634 0.9040214
1341846666.670134 -0.9975476 -0.1062151 0.7638679 -0.3754886 0.2136993 0.0791959 0.8983701
1341846666.937989 -1.0034972 -0.1035671 0.7494885 -0.3910886 0.2016089 0.0928202 0.8931898
1341846667.038153 -1.0540993 -0.1041201 0.7526924 -0.3989265 0.2058272 0.0880695 0.8892337
1341846667.106156 -1.0188912 -0.1099633 0.7456759 -0.4138249 0.1985234 0.0880615 0.8840716
1341846667.174105 -0.9803384 -0.1164006 0.7337756 -0.4136178 0.1864732 0.0869781 0.8868951
1341846667.238075 -1.0425473 -0.1248039 0.7527056 -0.4103681 0.2001240 0.0756423 0.8864686
1341846667.306189 -0.9736022 -0.1753727 0.7618350 -0.4066180 0.1903369 0.0691425 0.8908721
1341846667.374345 -0.9185888 -0.1609032 0.7271597 -0.3819470 0.1766347 0.0664768 0.9047086
1341846667.474109 -0.9218131 -0.2025972 0.7399073 -0.3600504 0.1785810 0.0555055 0.9139977
1341846667.542298 -0.9589942 -0.2592664 0.7559491 -0.3440017 0.1854846 0.0495353 0.9191325
1341846667.642293 -0.9652416 -0.1638426 0.7097272 -0.2929370 0.1859057 0.0345957 0.9372461
1341846667.810099 -0.9722556 -0.1593129 0.7051060 -0.2727452 0.1930322 0.0269311 0.9421377
1341846668.010215 -0.9697739 -0.1678115 0.7169644 -0.2353467 0.2047311 0.0174875 0.9499428
1341846668.110130 -0.7946306 -0.1493081 0.6638041 -0.2063381 0.1807531 0.0183617 0.9614654
1341846668.178208 -0.6805608 -0.1089331 0.6257817 -0.1789427 0.1629231 0.0212310 0.9700437
1341846668.246163 -0.6007299 -0.0940701 0.6091871 -0.1516241 0.1506390 0.0219057 0.9766464
1341846668.314248 -0.5190132 -0.1054193 0.5903702 -0.1310210 0.1349852 0.0257849 0.9818084
1341846668.346231 -0.4856623 -0.0974358 0.5849603 -0.1233905 0.1310971 0.0285333 0.9832467
1341846668.414247 -0.4361917 -0.0873384 0.5528899 -0.1080701 0.1202970 0.0318438 0.9863243
1341846668.478153 -0.3990840 -0.0527456 0.5606128 -0.0734865 0.1126110 0.0367104 0.9902378
1341846668.514213 -0.3618954 -0.0446884 0.5340489 -0.0574065 0.1057819 0.0350289 0.9921128
1341846668.546115 -0.3443632 -0.0291509 0.5291182 -0.0481152 0.1029474 0.0337644 0.9929485
1341846668.582467 -0.3253465 -0.0363284 0.5234429 -0.0425513 0.0990237 0.0318088 0.9936659
1341846668.614140 -0.3271547 -0.0447904 0.5306754 -0.0315803 0.1013396 0.0297500 0.9939054
1341846668.646312 -0.3228645 -0.0501604 0.5190001 -0.0208743 0.0996615 0.0271305 0.9944324
1341846668.682455 -0.2862351 -0.0476373 0.5133824 -0.0132518 0.0912452 0.0232718 0.9954683
1341846668.714133 -0.2697403 -0.0370894 0.5071362 0.0015067 0.0857230 0.0227902 0.9960572
1341846668.746132 -0.2372293 -0.0366697 0.4996558 0.0105169 0.0785993 0.0210009 0.9966296
1341846668.782338 -0.2343787 -0.0407461 0.4893622 0.0086605 0.0772707 0.0189242 0.9967929
1341846668.814140 -0.2378522 -0.0407372 0.4965454 0.0072664 0.0785172 0.0194725 0.9966961
1341846668.850214 -0.2237473 -0.0385877 0.4893858 0.0074031 0.0744635 0.0185494 0.9970237
1341846668.882442 -0.2187003 -0.0389596 0.4869996 0.0044495 0.0723745 0.0172789 0.9972180
1341846668.914289 -0.2273193 -0.0552534 0.4873588 0.0006687 0.0727693 0.0156109 0.9972264
1341846668.950088 -0.2109625 -0.0384816 0.4907824 0.0055137 0.0664233 0.0144210 0.9976721
1341846668.982227 -0.2066326 -0.0467749 0.4864195 -0.0004887 0.0628325 0.0083414 0.9979891
1341846669.014062 -0.2142921 -0.0427747 0.4885097 -0.0073718 0.0624202 0.0009962 0.9980223
1341846669.050056 -0.2013869 -0.0417856 0.4871628 -0.0114899 0.0562165 -0.0020084 0.9983504
1341846669.082525 -0.1916462 -0.0404157 0.4829539 -0.0156976 0.0502824 -0.0083844 0.9985765
1341846669.118346 -0.2012147 -0.0518471 0.4803704 -0.0270992 0.0503712 -0.0175813 0.9982080
1341846669.150086 -0.2074868 -0.0695113 0.4959757 -0.0372190 0.0484914 -0.0234083 0.9978554
1341846669.182477 -0.2044994 -0.0608634 0.4906051 -0.0375416 0.0436459 -0.0313231 0.9978499
1341846669.218046 -0.1894532 -0.0609922 0.4899412 -0.0445899 0.0413340 -0.0386170 0.9974026
1341846669.250205 -0.2131694 -0.0534103 0.4994383 -0.0481147 0.0431881 -0.0454943 0.9968702
1341846669.318030 -0.2271758 -0.0348910 0.4902796 -0.0486423 0.0443661 -0.0557787 0.9962702
1341846669.350255 -0.2021235 -0.0312046 0.5009310 -0.0492444 0.0375934 -0.0606677 0.9962335
1341846669.418200 -0.2244408 0.0358008 0.4878390 -0.0473698 0.0383857 -0.0815551 0.9948022
1341846669.450219 -0.2317246 0.0392526 0.5036816 -0.0508337 0.0383238 -0.0908346 0.9938291
1341846669.486175 -0.1663082 0.0224675 0.4926560 -0.0570323 0.0234951 -0.1000248 0.9930712
1341846669.518033 -0.1798204 0.0427781 0.4849550 -0.0606443 0.0276099 -0.1124742 0.9914179
1341846669.554159 -0.2107674 0.0230827 0.4982425 -0.0707838 0.0331652 -0.1225258 0.9893822
1341846669.586348 -0.2029420 0.0414825 0.4930034 -0.0724223 0.0312251 -0.1321476 0.9880875
1341846669.617976 -0.1935115 0.0440354 0.4935302 -0.0793760 0.0327191 -0.1414168 0.9862202
1341846669.654096 -0.2115314 0.0271044 0.5017595 -0.0873518 0.0381700 -0.1497350 0.9841200
1341846669.686069 -0.2148581 0.0198866 0.4977568 -0.0890239 0.0393450 -0.1542826 0.9832211
1341846669.718075 -0.2154635 0.0339718 0.4894037 -0.0895238 0.0413333 -0.1628302 0.9817145
1341846669.754171 -0.2017086 0.0369354 0.4870501 -0.0956341 0.0421945 -0.1718294 0.9795654
1341846669.822151 -0.2207598 0.0277252 0.4911614 -0.1054644 0.0479349 -0.1879320 0.9753262
1341846669.886219 -0.1766844 0.0254165 0.4706361 -0.1163352 0.0435299 -0.2055688 0.9707280
1341846669.954047 -0.1955179 -0.0147307 0.4526770 -0.1314813 0.0483603 -0.2196711 0.9654629
1341846669.986285 -0.1720205 -0.0175585 0.4443571 -0.1381725 0.0468471 -0.2277033 0.9627383
1341846670.022242 -0.1388319 -0.0238844 0.4407105 -0.1411255 0.0443203 -0.2356851 0.9605060
1341846670.090228 -0.1118131 -0.0288229 0.4213319 -0.1490871 0.0440810 -0.2537986 0.9546812
1341846670.121996 -0.0802743 -0.0339211 0.4038863 -0.1519039 0.0425472 -0.2649865 0.9512609
1341846670.190103 -0.0264822 -0.0347259 0.3775958 -0.1575035 0.0398134 -0.2854127 0.9445354
1341846670.222197 0.0062571 -0.0426136 0.3583815 -0.1583241 0.0369295 -0.2953765 0.9414470
1341846670.290254 0.0794008 -0.0497134 0.3223930 -0.1566255 0.0307707 -0.3084849 0.9377413
1341846670.358377 0.1166927 -0.0427054 0.2858615 -0.1513159 0.0376832 -0.3251069 0.9327320
1341846670.422206 0.2208214 -0.0573674 0.2645955 -0.1415898 0.0345978 -0.3416018 0.9284738
1341846670.464003 0.2661850 -0.0529269 0.2455702 -0.1310609 0.0362450 -0.3497094 0.9269373
1341846670.526271 0.3213278 -0.0448348 0.2326458 -0.1192637 0.0415342 -0.3593226 0.9246288
1341846670.566977 0.3704372 -0.0399006 0.2301310 -0.1134215 0.0384746 -0.3674379 0.9223040
1341846670.596103 0.4119112 -0.0400455 0.2241073 -0.1077111 0.0348726 -0.3710586 0.9216820
1341846670.628412 0.4457035 -0.0378127 0.2201140 -0.1021978 0.0330746 -0.3750561 0.9207577
1341846670.664027 0.4763865 -0.0403946 0.2187320 -0.0961785 0.0323578 -0.3793072 0.9196895
1341846670.696002 0.5087733 -0.0391966 0.2162020 -0.0871214 0.0327810 -0.3842835 0.9185105
1341846670.728093 0.5302907 -0.0360629 0.2091641 -0.0785696 0.0349775 -0.3892578 0.9171051
1341846670.764128 0.5536309 -0.0316957 0.2116447 -0.0720604 0.0386178 -0.3966469 0.9143234
1341846670.796059 0.5777526 -0.0259467 0.2153279 -0.0626258 0.0430235 -0.4000798 0.9133254
1341846670.832246 0.5951701 -0.0208142 0.2147460 -0.0533674 0.0438827 -0.3992811 0.9142215
1341846670.863970 0.6159864 -0.0225960 0.2109869 -0.0486817 0.0423924 -0.3969439 0.9155700
1341846670.896139 0.6350609 -0.0232489 0.2061926 -0.0416077 0.0458792 -0.3984437 0.9150992
1341846670.932028 0.6496547 -0.0108806 0.2215325 -0.0293379 0.0504512 -0.3956352 0.9165516
1341846670.964063 0.6735744 -0.0055577 0.2156087 -0.0169144 0.0466178 -0.3867092 0.9208673
1341846671.000270 0.6916139 0.0027363 0.2040827 -0.0059140 0.0458389 -0.3852083 0.9216716
1341846671.032112 0.7077281 0.0047475 0.2028805 0.0037367 0.0505986 -0.3886057 0.9200062
1341846671.064030 0.7193215 0.0120937 0.2102683 0.0143781 0.0532502 -0.3902659 0.9190486
1341846671.101398 0.7314801 0.0196858 0.2119589 0.0246301 0.0531008 -0.3956930 0.9165155
1341846671.132289 0.7423171 0.0132764 0.2225325 0.0355745 0.0542062 -0.4012461 0.9136726
1341846671.168159 0.7351860 0.0158159 0.2212129 0.0482422 0.0551693 -0.4024141 0.9125196
1341846671.200149 0.7508414 0.0179996 0.2273261 0.0611875 0.0484867 -0.4043362 0.9112724
1341846671.336125 0.7978028 0.0262390 0.1893981 0.0999400 0.0422831 -0.4124373 0.9044997
1341846671.368236 0.8044528 0.0275417 0.1733137 0.1063633 0.0438765 -0.4149810 0.9025256
1341846671.400327 0.8091718 0.0294725 0.1614850 0.1104731 0.0409968 -0.4147049 0.9022942
1341846671.436064 0.8236847 0.0469000 0.1516669 0.1205926 0.0380335 -0.4197620 0.8987829
1341846671.468197 0.8316272 0.0604462 0.1348458 0.1276430 0.0392261 -0.4238737 0.8958235
1341846671.504294 0.8217807 0.0752647 0.1226441 0.1311779 0.0382977 -0.4278390 0.8934649
1341846671.536197 0.8368395 0.0856674 0.1254480 0.1403561 0.0301710 -0.4356783 0.8885799
1341846671.568120 0.8467063 0.0959749 0.1098162 0.1504485 0.0282558 -0.4429846 0.8833638
1341846671.604188 0.8475782 0.1042985 0.0991893 0.1571970 0.0252441 -0.4471518 0.8801745
1341846671.636057 0.8524894 0.1190754 0.0995061 0.1698394 0.0185292 -0.4550490 0.8739232
1341846671.672157 0.8628297 0.1398478 0.0647764 0.1837813 0.0139021 -0.4602236 0.8684615
1341846671.704027 0.8730163 0.1477110 0.0536391 0.1875124 0.0106134 -0.4628662 0.8663033
1341846671.736479 0.8727992 0.1520312 0.0375046 0.1882367 0.0091060 -0.4702270 0.8621895
1341846671.774745 0.8706338 0.1513323 0.0458183 0.1908266 0.0060013 -0.4751765 0.8589275
1341846671.804605 0.8690504 0.1629601 0.0231694 0.1938759 0.0040180 -0.4778554 0.8567673
1341846671.840252 0.8753924 0.1645401 0.0220043 0.1955477 -0.0005072 -0.4827488 0.8536477
1341846671.904035 0.8794008 0.1740490 0.0204519 0.1995622 -0.0034330 -0.4884276 0.8494713
1341846671.972239 0.8787461 0.1730128 0.0242824 0.1999732 -0.0045364 -0.4996345 0.8428259
1341846672.034218 0.8825545 0.1702290 0.0206374 0.2005681 -0.0083572 -0.5131001 0.8345243
1341846672.098024 0.8785834 0.1576821 0.0352684 0.1995922 -0.0112265 -0.5231818 0.8284429
1341846672.134061 0.8820850 0.1564699 0.0346283 0.2008989 -0.0137192 -0.5302023 0.8236122
1341846672.198405 0.8788238 0.1447966 0.0298575 0.1985940 -0.0133364 -0.5394927 0.8181260
1341846672.335022 0.8906649 0.1404977 0.0123372 0.2011597 -0.0192940 -0.5502171 0.8101999
1341846672.366487 0.8927121 0.1487278 0.0096149 0.2042100 -0.0175078 -0.5544213 0.8066033
1341846672.402478 0.9032148 0.1526206 0.0136620 0.2064352 -0.0183546 -0.5521838 0.8075523
1341846672.472323 0.9128944 0.1568357 0.0173739 0.2075644 -0.0197492 -0.5500503 0.8086851
1341846672.534812 0.9187244 0.1526492 0.0119228 0.2057045 -0.0236150 -0.5466066 0.8113872
1341846672.570153 0.9170766 0.1477873 0.0140676 0.2015198 -0.0253859 -0.5461549 0.8126870
1341846672.608881 0.9139578 0.1546194 0.0210636 0.2029843 -0.0268667 -0.5451347 0.8129599
1341846672.640836 0.9305456 0.1626647 0.0258795 0.2043510 -0.0316444 -0.5402639 0.8156925
1341846672.708152 0.9341491 0.1687576 0.0374012 0.2047124 -0.0365967 -0.5307142 0.8216422
1341846672.770288 0.9327421 0.1710271 0.0496558 0.2051098 -0.0450743 -0.5099342 0.8341854
1341846672.803280 0.9334316 0.1743225 0.0537179 0.2068524 -0.0488867 -0.5006744 0.8391349
1341846672.838034 0.9319386 0.1685032 0.0576628 0.2051358 -0.0548232 -0.4894309 0.8457962
1341846672.870092 0.9362824 0.1696669 0.0650042 0.2056768 -0.0607179 -0.4824285 0.8492780
1341846672.902275 0.9300557 0.1774212 0.0585562 0.2051421 -0.0628786 -0.4745311 0.8536881
1341846672.938315 0.9242580 0.1765215 0.0565401 0.2025222 -0.0670417 -0.4657335 0.8588262
1341846672.970326 0.9250865 0.1714319 0.0734349 0.1991578 -0.0736030 -0.4561715 0.8641912
1341846673.008221 0.9340624 0.1730064 0.0854957 0.1973320 -0.0796437 -0.4463156 0.8692062
1341846673.070235 0.9270867 0.1760954 0.0828017 0.1892257 -0.0848774 -0.4271936 0.8800541
1341846673.106189 0.9215005 0.1741420 0.0772320 0.1882093 -0.0885880 -0.4149165 0.8857617
1341846673.138104 0.9222648 0.1710322 0.0866515 0.1869139 -0.0951156 -0.3999172 0.8922345
1341846673.170298 0.9223571 0.1694076 0.0907713 0.1860358 -0.0999436 -0.3902838 0.8961476
1341846673.206489 0.9210069 0.1632338 0.0965721 0.1855767 -0.1050231 -0.3792480 0.9003901
1341846673.238153 0.9247184 0.1540066 0.1028183 0.1849049 -0.1125460 -0.3684315 0.9041028
1341846673.274220 0.9185243 0.1455539 0.1055936 0.1837803 -0.1160054 -0.3607508 0.9069876
1341846673.306107 0.9201232 0.1497862 0.1141565 0.1870335 -0.1198775 -0.3499391 0.9100497
1341846673.338187 0.9182678 0.1444869 0.1180980 0.1872953 -0.1250311 -0.3389931 0.9134393
1341846673.374098 0.9201360 0.1471621 0.1135649 0.1896101 -0.1276913 -0.3288412 0.9163004
1341846673.406266 0.9181404 0.1416171 0.1182396 0.1894611 -0.1309908 -0.3158315 0.9204327
1341846673.438267 0.9223810 0.1496825 0.1320989 0.1945728 -0.1373228 -0.3034762 0.9225975
1341846673.474135 0.9198375 0.1440036 0.1220908 0.1942722 -0.1404600 -0.2876563 0.9272449
1341846673.506260 0.9206004 0.1368907 0.1254459 0.1935792 -0.1454596 -0.2727729 0.9311088
1341846673.542168 0.9154209 0.1398202 0.1226240 0.1922107 -0.1505168 -0.2607898 0.9340174
1341846673.574072 0.9084982 0.1397555 0.1218533 0.1898118 -0.1540534 -0.2497743 0.9369375
1341846673.606102 0.9056484 0.1385108 0.1191354 0.1872656 -0.1591524 -0.2387677 0.9394638
1341846673.648026 0.9026910 0.1335666 0.1153660 0.1813510 -0.1662063 -0.2265186 0.9424313
1341846673.710162 0.8914703 0.1326046 0.1129881 0.1685017 -0.1772809 -0.2049270 0.9477255
1341846673.742225 0.8825646 0.1336829 0.1121885 0.1623165 -0.1835296 -0.1900251 0.9507159
1341846673.810154 0.8630166 0.1370974 0.0912649 0.1529742 -0.1930663 -0.1631718 0.9553530
1341846673.874285 0.8503103 0.1476624 0.0741992 0.1426620 -0.2021979 -0.1371245 0.9591457
1341846673.942284 0.8447854 0.1588799 0.0786054 0.1356901 -0.2098269 -0.1202871 0.9607767
1341846674.084057 0.8280156 0.1694426 0.0890482 0.1343227 -0.2106405 -0.0844920 0.9645979
1341846674.210322 0.7871259 0.1846727 0.0547866 0.1186531 -0.2016485 -0.0605447 0.9703575
1341846674.246217 0.7768391 0.1696982 0.0438134 0.1095541 -0.2008266 -0.0525961 0.9720598
1341846674.310117 0.7611148 0.1700415 0.0371470 0.1077783 -0.2012736 -0.0354666 0.9729413
1341846674.378058 0.7451148 0.1550082 0.0176892 0.1008491 -0.1971990 -0.0207361 0.9749421
1341846674.410162 0.7343895 0.1596540 -0.0023995 0.1007064 -0.1951267 -0.0133467 0.9755028
1341846674.446125 0.7267350 0.1576799 -0.0163579 0.0968073 -0.1930410 -0.0086973 0.9763647
1341846674.478198 0.7147079 0.1518646 -0.0286857 0.0955489 -0.1897972 -0.0036877 0.9771560
1341846674.514124 0.7077132 0.1506558 -0.0351528 0.0941916 -0.1886654 0.0010485 0.9775133
1341846674.546062 0.7046005 0.1402282 -0.0322897 0.0909124 -0.1898409 0.0071562 0.9775706
1341846674.682209 0.7155261 0.1290406 0.0016947 0.0862149 -0.1934481 0.0334971 0.9767409
1341846674.752271 0.7371041 0.1355412 0.0118878 0.0859460 -0.1980465 0.0530724 0.9749740
1341846674.814222 0.7577813 0.1419961 0.0153472 0.0842265 -0.1997675 0.0663911 0.9739564
1341846674.914224 0.7978137 0.1405506 0.0161073 0.0770159 -0.2055590 0.0897069 0.9714766
1341846674.950305 0.8144767 0.1350238 0.0252493 0.0720936 -0.2090914 0.0965789 0.9704410
1341846674.982342 0.8282560 0.1326221 0.0252839 0.0672759 -0.2131538 0.1014225 0.9694085
1341846675.014137 0.8417119 0.1308542 0.0308922 0.0571232 -0.2176949 0.1038599 0.9687926
1341846675.088201 0.8734786 0.1286056 0.0509407 0.0404327 -0.2261240 0.1112151 0.9668838
1341846675.150188 0.9148420 0.1242430 0.0836326 0.0102120 -0.2348645 0.1210350 0.9644091
1341846675.182290 0.9310686 0.1187564 0.0974005 -0.0031826 -0.2359760 0.1154088 0.9648762
1341846675.218759 0.9542613 0.1095578 0.1087966 -0.0140099 -0.2402591 0.1190248 0.9632821
1341846675.251951 0.9789536 0.1116921 0.1324408 -0.0211184 -0.2464320 0.1206556 0.9613883
1341846675.282406 1.0037791 0.1157134 0.1552376 -0.0253566 -0.2507400 0.1232159 0.9598460
1341846675.318078 1.0257086 0.1266849 0.1738047 -0.0289094 -0.2530082 0.1268323 0.9586787
1341846675.350149 1.0488715 0.1427422 0.1831768 -0.0354541 -0.2557290 0.1264627 0.9577854
1341846675.382271 1.0701666 0.1612541 0.2139737 -0.0424523 -0.2592760 0.1237894 0.9568960
1341846675.450238 1.1100159 0.1743559 0.2686450 -0.0516031 -0.2613506 0.1347944 0.9543917
1341846675.486165 1.1312549 0.1768570 0.3006196 -0.0460205 -0.2646625 0.1474443 0.9518908
1341846675.518083 1.1490389 0.1814315 0.3200138 -0.0388351 -0.2665018 0.1566867 0.9502199
1341846675.550092 1.1659987 0.1873835 0.3343388 -0.0330750 -0.2697369 0.1643874 0.9482219
1341846675.586070 1.1766135 0.1861750 0.3495632 -0.0317489 -0.2697496 0.1661413 0.9479579
1341846675.650024 1.2015452 0.1899017 0.3847783 -0.0222216 -0.2713584 0.1729237 0.9465560
1341846675.686118 1.2142210 0.1887556 0.4007620 -0.0189444 -0.2747779 0.1711071 0.9459707
1341846675.718055 1.2287931 0.1919053 0.4158288 -0.0135986 -0.2741888 0.1689241 0.9466258
1341846675.754170 1.2462615 0.1928887 0.4321461 -0.0066391 -0.2758135 0.1658180 0.9467773
1341846675.786330 1.2651683 0.1938084 0.4429654 -0.0034940 -0.2776963 0.1675034 0.9459468
1341846675.818106 1.2815716 0.1946596 0.4572211 0.0000961 -0.2763673 0.1651601 0.9467541
1341846675.854095 1.3015616 0.1961179 0.4732043 0.0039983 -0.2781748 0.1647188 0.9462931
1341846675.886163 1.3215359 0.2003242 0.4858097 0.0100094 -0.2825688 0.1685992 0.9442611
1341846675.922346 1.3441508 0.2036394 0.5012236 0.0208041 -0.2854316 0.1690807 0.9431372
1341846675.961651 1.3748571 0.2009778 0.5198407 0.0280677 -0.2897247 0.1688371 0.9416825
1341846676.028080 1.4325211 0.2024679 0.5468310 0.0482541 -0.3003145 0.1702122 0.9372889
1341846676.122163 1.5155675 0.1776946 0.6040664 0.0513691 -0.3188179 0.1623493 0.9323943
1341846676.154447 1.5604451 0.1875472 0.6239554 0.0498079 -0.3270290 0.1600839 0.9300238
1341846676.190230 1.5999815 0.1946843 0.6469271 0.0495807 -0.3362196 0.1618802 0.9264410
1341846676.222476 1.6587348 0.2117576 0.6583720 0.0453725 -0.3424712 0.1593009 0.9248124
1341846676.257017 1.6643776 0.1985686 0.6775215 0.0367058 -0.3443769 0.1529988 0.9255531
1341846676.290401 1.6935073 0.2138114 0.6906200 0.0363658 -0.3487241 0.1547980 0.9236377
1341846676.322689 1.7392819 0.2433832 0.6988630 0.0368387 -0.3524179 0.1578520 0.9216981
1341846676.390851 1.7957072 0.2555445 0.7504713 0.0197263 -0.3582357 0.1449970 0.9220921
1341846676.424250 1.8075948 0.2712882 0.7882137 0.0235779 -0.3595214 0.1465163 0.9212608
1341846676.490669 1.8585904 0.2988170 0.8420025 0.0162840 -0.3624905 0.1524441 0.9192912
1341846676.532743 1.8794508 0.3076821 0.8769825 0.0155574 -0.3637016 0.1552353 0.9183578
1341846676.596566 1.9212768 0.3166819 0.9254901 0.0099708 -0.3660677 0.1499961 0.9183660
1341846676.632057 1.9519799 0.3222467 0.9547458 0.0094800 -0.3687422 0.1480907 0.9176102
1341846676.726102 1.9699374 0.3216408 0.9588932 0.0105497 -0.3620369 0.1422264 0.9211892
1341846676.758419 1.9633434 0.3189178 0.9525790 0.0126138 -0.3566567 0.1427492 0.9231790
1341846676.826179 1.9821122 0.3187775 0.9459382 0.0138734 -0.3521029 0.1402441 0.9252906
1341846676.894086 1.9676175 0.3196224 0.9411045 0.0145132 -0.3472898 0.1452896 0.9263208
1341846676.926062 1.9705644 0.3167364 0.9421180 0.0139198 -0.3463008 0.1423941 0.9271494
1341846676.994140 1.9704554 0.3193501 0.9403311 0.0153371 -0.3457830 0.1450289 0.9269118
1341846677.094244 1.9706964 0.3235355 0.9349141 0.0151348 -0.3461427 0.1430975 0.9270810
1341846677.126108 1.9784881 0.3169167 0.9375105 0.0154948 -0.3480326 0.1433094 0.9263345
1341846677.194068 1.9777904 0.3264992 0.9342903 0.0173953 -0.3476454 0.1441550 0.9263149
1341846677.262033 1.9846464 0.3251881 0.9444625 0.0196431 -0.3455721 0.1454461 0.9268438
1341846677.294125 1.9796124 0.3254475 0.9358323 0.0201443 -0.3454210 0.1467449 0.9266847
1341846677.362194 1.9921269 0.3203308 0.9480789 0.0182280 -0.3440987 0.1445290 0.9275641
1341846677.430058 2.0058203 0.3141192 0.9521096 0.0178101 -0.3442784 0.1445013 0.9275099
1341846677.530161 1.9915750 0.3073358 0.9294716 0.0232072 -0.3338519 0.1448748 0.9311367
1341846677.562051 1.9863141 0.3123785 0.9330231 0.0253742 -0.3309126 0.1437286 0.9323063
1341846677.630227 1.9967446 0.3125771 0.9398404 0.0265170 -0.3311673 0.1423861 0.9323901
1341846677.730320 1.9929646 0.3081508 0.9360837 0.0258714 -0.3287537 0.1422503 0.9332827
1341846677.763691 1.9963591 0.3113540 0.9370461 0.0277832 -0.3283417 0.1434004 0.9331967
1341846677.830104 2.0111756 0.3026886 0.9478008 0.0256600 -0.3315232 0.1411550 0.9324748
1341846677.898344 2.0056410 0.3182568 0.9478822 0.0348551 -0.3286557 0.1442907 0.9327115
1341846677.966256 2.0102463 0.3106399 0.9575464 0.0387300 -0.3265814 0.1437087 0.9333768
1341846678.030368 2.0125868 0.3162089 0.9469995 0.0463421 -0.3281681 0.1481327 0.9317805
1341846678.098076 2.0155687 0.3003029 0.9406797 0.0472995 -0.3263903 0.1479063 0.9323925
1341846678.134082 2.0273693 0.3110231 0.9491542 0.0504288 -0.3313645 0.1497237 0.9301813
