1341846226.817920 0.000000000 0.000000000 0.000000000 -0.000000000 -0.000000000 -0.000000000 1.000000000
1341846226.850323 0.004553217 0.003316040 0.002094260 0.001439258 -0.000616038 -0.002000046 0.999996781
1341846226.881894 0.006587088 0.001524365 0.003551141 0.001392691 0.000563009 -0.003091579 0.999994099
1341846226.917980 0.003990419 -0.000907586 0.003234300 0.000241071 -0.000393171 -0.002659074 0.999996364
1341846226.950000 0.005080375 -0.002476024 0.006782775 0.001124679 -0.002812366 -0.002205484 0.999992967
1341846226.985981 0.005733800 -0.001701207 0.005288470 0.002888251 -0.003581604 -0.002707565 0.999985754
1341846227.017919 0.002215732 0.001453725 0.003429055 0.002927782 -0.003741900 -0.003489877 0.999982655
1341846227.050040 0.007238899 -0.001662756 0.007173688 0.002447051 -0.004989517 -0.004009569 0.999976516
1341846227.085982 0.006104611 -0.000761209 0.004443809 0.003215642 -0.004626495 -0.004808737 0.999972582
1341846227.118052 0.005174092 -0.000157647 0.006191256 0.003757466 -0.004309054 -0.005155511 0.999970376
1341846227.149935 0.004961609 -0.001209642 0.003749674 0.004228591 -0.004626133 -0.005009321 0.999967813
1341846227.186053 0.001742532 0.002617287 0.002647009 0.004388389 -0.005229383 -0.006040851 0.999958456
1341846227.218443 0.006344196 0.000798837 0.007245216 0.003162940 -0.006197643 -0.007627040 0.999946713
1341846227.253944 0.009485024 -0.002941817 0.007643786 0.003953925 -0.006293870 -0.009128036 0.999930739
1341846227.285981 0.006305143 -0.003236541 0.005119175 0.005159948 -0.006433071 -0.010011210 0.999915898
1341846227.320064 0.006653483 -0.002462109 0.004828943 0.005375054 -0.008270203 -0.011245159 0.999888182
1341846227.353969 0.005447120 -0.002281440 0.003277648 0.005810178 -0.009789085 -0.013197718 0.999848127
1341846227.385846 0.003086059 0.000263514 0.002010457 0.005360684 -0.011880178 -0.014709037 0.999806881
1341846227.418015 -0.001524181 0.000515805 0.000146183 0.003973701 -0.014611824 -0.016967908 0.999741375
1341846227.453997 0.002475858 0.001451498 0.003187001 0.002743188 -0.017669128 -0.020548239 0.999628961
1341846227.485981 -0.001687565 0.000943261 0.003696599 0.001649411 -0.018045206 -0.023212371 0.999566376
1341846227.521976 -0.013346645 -0.000605882 0.010671940 0.001601514 -0.017482586 -0.024487359 0.999545991
1341846227.553980 -0.012126547 -0.007622082 0.009686309 0.002312934 -0.020054081 -0.025177978 0.999479175
1341846227.586047 0.008749346 0.002226265 0.002908177 0.005186121 -0.023934562 -0.025910806 0.999364257
1341846227.622081 0.018132061 0.004119911 0.001555455 0.005188696 -0.024711084 -0.029676607 0.999240577
1341846227.653945 0.000489715 -0.004701891 0.005655546 0.003280045 -0.022481501 -0.031044073 0.999259830
1341846227.686038 -0.005324871 -0.010103825 0.012021254 0.005866205 -0.022040447 -0.031082066 0.999256611
1341846227.721966 0.000786768 -0.002558455 0.009599256 0.009268411 -0.020700151 -0.032051072 0.999228895
1341846227.754130 0.022330383 -0.006194331 0.014090249 0.010382512 -0.021522973 -0.031020107 0.999233067
1341846227.789951 0.019490868 -0.007694289 0.012090145 0.011355111 -0.019054959 -0.030166345 0.999298811
1341846227.821920 0.022326861 -0.006018251 0.010752086 0.012149944 -0.017624063 -0.029598815 0.999332666
1341846227.854275 0.023151934 -0.005864276 0.012642352 0.012410918 -0.015815137 -0.029934853 0.999349713
1341846227.889935 0.025184713 -0.011907951 0.008755620 0.011980131 -0.014267875 -0.029428164 0.999393344
1341846227.921967 0.019818967 -0.011080290 0.008477553 0.012106176 -0.012358647 -0.028332792 0.999448836
1341846227.958123 0.019241147 -0.011278035 0.006779099 0.012362500 -0.010883086 -0.029291788 0.999435246
1341846227.989985 0.021384412 -0.007722553 0.004985153 0.011900212 -0.008800130 -0.031134028 0.999405622
1341846228.021937 0.020706328 -0.013853224 0.009468571 0.011328141 -0.008065843 -0.029506527 0.999467909
1341846228.058222 0.020211779 -0.020375868 0.009946069 0.012880516 -0.007836631 -0.029177953 0.999460518
1341846228.090097 0.025042644 -0.014607624 0.004050919 0.013182586 -0.007125518 -0.029490005 0.999452770
1341846228.121845 0.028040892 -0.010441817 0.002053438 0.010562963 -0.005413243 -0.028252892 0.999530375
1341846228.157875 0.028758805 -0.013835888 0.003903867 0.007461284 -0.005877658 -0.023549695 0.999677539
1341846228.189872 0.030469419 -0.009804352 0.002413522 0.005716767 -0.006608003 -0.021786569 0.999724448
1341846228.225994 0.031362146 -0.012134555 0.009684872 0.003569752 -0.006725344 -0.022249052 0.999723554
1341846228.258336 0.030877011 -0.018499667 0.010044668 0.003436978 -0.007394888 -0.022519896 0.999713182
1341846228.289941 0.035738926 -0.016154354 0.008360194 0.004563352 -0.008469734 -0.020855224 0.999736249
1341846228.326018 0.035892252 -0.009754220 0.015348773 0.006326534 -0.007779598 -0.022105323 0.999705374
1341846228.358243 0.032748826 -0.009412655 0.012437994 0.006571223 -0.005390436 -0.022345787 0.999714196
1341846228.389779 0.029507501 -0.007734575 0.010454686 0.006516203 -0.004607340 -0.020807113 0.999751747
1341846228.426073 0.028944708 -0.010704439 0.017529886 0.006456176 -0.003780525 -0.021428268 0.999742448
1341846228.493915 0.029078024 -0.008724971 0.001764668 0.006957398 -0.001474094 -0.020309111 0.999768496
1341846228.525907 0.035353947 -0.017800270 -0.001200823 0.005666883 -0.003218585 -0.020651119 0.999765515
1341846228.558208 0.033290226 -0.021237656 0.004052180 0.005235004 -0.002280815 -0.020988965 0.999763489
1341846228.593899 0.030189622 -0.022980798 -0.000950886 0.005194928 -0.001461052 -0.019785123 0.999789715
1341846228.626021 0.033634081 -0.021261930 -0.005041133 0.005236741 -0.003501382 -0.018614173 0.999806881
1341846228.658069 0.038221765 -0.018661406 -0.004418643 0.004711051 -0.005129141 -0.017853297 0.999816418
1341846228.693942 0.035224617 -0.010306600 0.007023319 0.004659989 -0.004138566 -0.016825149 0.999839067
1341846228.726069 0.041133303 -0.011290537 0.007596060 0.003943863 -0.003643586 -0.016352745 0.999851942
1341846228.762090 0.040642139 -0.012786833 0.004292920 0.003614586 -0.003588065 -0.013321934 0.999898374
1341846228.794000 0.045724452 -0.019133408 0.010375571 0.003899372 -0.005030435 -0.012306072 0.999904096
1341846228.825934 0.046260808 -0.017654553 -0.003694553 0.004496381 -0.004303582 -0.012875753 0.999897718
1341846228.862015 0.048362970 -0.018394228 -0.005857965 0.004540381 -0.004637355 -0.011568469 0.999912024
1341846228.893856 0.052649438 -0.020075580 -0.006257345 0.004358357 -0.006418579 -0.010415810 0.999915719
1341846228.926548 0.056202725 -0.014727722 -0.000415738 0.005277767 -0.006811526 -0.011039556 0.999901950
1341846228.961940 0.035964232 -0.010300379 0.005363286 0.005873827 -0.003100875 -0.012747262 0.999896705
1341846228.994040 0.044715859 -0.010387102 0.000713789 0.004998343 -0.004144069 -0.011253569 0.999915600
1341846229.029897 0.033773273 -0.019240590 0.005636962 0.003656306 -0.002852190 -0.012280690 0.999913871
1341846229.061870 0.033874307 -0.034327023 0.001826905 0.002737384 -0.002197836 -0.012322917 0.999917984
1341846229.094829 0.035212323 -0.014659188 0.007163550 0.005662965 -0.002091405 -0.010623246 0.999925375
1341846229.129930 0.025263887 -0.023898074 0.006580133 0.003586219 0.000140760 -0.010955651 0.999933600
1341846229.161882 0.039064478 -0.012364272 0.006884864 0.005025772 -0.001511248 -0.010648049 0.999929547
1341846229.197882 0.047881942 -0.005847404 0.004918568 0.006367037 -0.003015926 -0.008176794 0.999941766
1341846229.229812 0.041090056 -0.017761193 -0.001002178 0.005851567 -0.002440323 -0.010210623 0.999927819
1341846229.261994 0.039620850 -0.016888939 -0.000081124 0.007056457 -0.002583809 -0.011035362 0.999910891
1341846229.297920 0.037586268 -0.025645621 -0.005337785 0.005666985 -0.002454031 -0.012686719 0.999900460
1341846229.329933 0.023460155 -0.020159837 -0.000679745 0.006489614 -0.001110212 -0.014382580 0.999874890
1341846229.361996 0.020451423 -0.019486224 0.001568389 0.006773722 -0.001378392 -0.014289482 0.999873996
1341846229.398029 0.031717841 -0.025615362 0.005779332 0.008525304 -0.002661295 -0.012415304 0.999883056
1341846229.430182 0.023503112 -0.028936550 -0.001856124 0.010454288 -0.001551822 -0.012988911 0.999859810
1341846229.471963 0.025748400 -0.026942359 -0.002200952 0.011532820 -0.002124704 -0.013125744 0.999845088
1341846229.530149 0.047220446 -0.013719331 -0.003110071 0.015143760 -0.004612756 -0.007396470 0.999847353
1341846229.566064 0.050873056 -0.017246259 0.000527598 0.014864433 -0.005378672 -0.005597875 0.999859452
1341846229.630063 0.050691932 -0.018716747 0.000793667 0.017955564 -0.002959797 -0.003299370 0.999828994
1341846229.665946 0.053133380 -0.020385351 -0.003412107 0.017026586 -0.002869711 -0.002016461 0.999848962
1341846229.698150 0.045899447 -0.012424449 0.004167606 0.019469306 -0.001672011 -0.003135576 0.999804139
1341846229.733828 0.036838625 -0.011110361 0.001308143 0.023084147 0.001558218 -0.004384346 0.999722779
1341846229.765937 0.052885652 -0.001184816 -0.010850659 0.024431407 0.000267824 -0.001992071 0.999699473
1341846229.798002 0.038231034 -0.018254122 -0.011765749 0.019918427 0.002811263 -0.001870958 0.999795914
1341846229.833857 0.033019967 -0.021875942 -0.005304032 0.019497897 0.003837916 -0.002555613 0.999799252
1341846229.865928 0.034717310 -0.020555977 -0.006034427 0.021284277 0.004715130 -0.003235522 0.999757111
1341846229.897926 0.043254379 -0.010306137 -0.003654637 0.022033788 0.003455973 -0.002915483 0.999747038
1341846229.939857 0.039139461 -0.021866627 -0.015381375 0.018715601 0.004552546 -0.004704400 0.999803424
1341846230.002061 0.038129658 -0.007184025 -0.012490927 0.017802121 0.005410552 -0.005477385 0.999811888
1341846230.033858 0.045670427 -0.009888452 -0.002407691 0.015033519 0.003619696 -0.005846620 0.999863386
1341846230.065938 0.045671385 -0.008603547 0.002160594 0.015018656 0.004465194 -0.004223751 0.999868333
1341846230.103878 0.043459814 -0.011546033 0.000657279 0.014313173 0.005596693 -0.003855988 0.999874473
1341846230.144719 0.039270885 -0.009405379 -0.006560947 0.013947620 0.006449620 -0.004525419 0.999871731
1341846230.172747 0.039518144 -0.020222623 -0.003620265 0.011663152 0.006921969 -0.004948827 0.999895811
1341846230.208544 0.032703094 -0.012370490 -0.009051352 0.014150741 0.008782121 -0.003437627 0.999855399
1341846230.271971 0.032964390 -0.011171754 -0.001525740 0.013060088 0.008464088 -0.002100958 0.999876678
1341846230.334051 0.041132160 -0.020702204 -0.008008535 0.015848236 0.007847083 0.000805356 0.999843299
1341846230.370031 0.046471801 -0.020229474 -0.004734103 0.017818354 0.007729338 -0.000008976 0.999811411
1341846230.401932 0.040644884 -0.014945132 0.001477740 0.020729275 0.010025640 -0.002046291 0.999732792
1341846230.437965 0.042384062 -0.013610472 0.006207371 0.022681231 0.010140334 -0.002976488 0.999686956
1341846230.469920 0.044713136 -0.014567359 -0.003042614 0.023664489 0.010465241 -0.004935139 0.999653041
1341846230.501933 0.044525679 -0.006739123 -0.004062895 0.024664694 0.010368965 -0.004832895 0.999630332
1341846230.537834 0.041828513 -0.010196768 0.002255542 0.023604328 0.010253510 -0.005628183 0.999652982
1341846230.569803 0.041893825 -0.019553946 0.007776061 0.023724021 0.010100423 -0.006034395 0.999649286
1341846230.601945 0.048796788 -0.009276556 0.008149791 0.027041402 0.008085133 -0.003569311 0.999595225
1341846230.637789 0.046541028 -0.013273154 0.007269274 0.027687244 0.007808923 -0.003734345 0.999579191
1341846230.670057 0.045865338 -0.003611867 -0.002744803 0.028434781 0.007474794 -0.003475700 0.999561667
1341846230.705937 0.046151668 -0.006504079 0.001273751 0.026770599 0.006760601 -0.004229829 0.999609768
1341846230.737932 0.045706753 -0.005242888 0.002853082 0.027922653 0.006738165 -0.004125894 0.999578893
1341846230.769960 0.043383654 -0.009588030 0.004668144 0.028447986 0.006678078 -0.003907087 0.999565363
1341846230.805852 0.046178624 -0.002621263 0.004543941 0.029769292 0.005744805 -0.002646497 0.999536812
1341846230.837804 0.046716917 -0.003277853 0.003875264 0.029779973 0.005385181 -0.004148923 0.999533415
1341846230.869829 0.044965733 -0.001766709 0.009529946 0.031051159 0.005974879 -0.003189592 0.999494851
1341846230.905851 0.044116300 -0.004351086 0.005774311 0.031156912 0.005816189 -0.002840332 0.999493539
1341846230.937917 0.045842703 0.000494293 0.003483611 0.031773046 0.004421006 -0.003884254 0.999477804
1341846230.973933 0.046273481 -0.011061017 0.008660140 0.030812787 0.003953721 -0.005246220 0.999503672
1341846231.006047 0.047179222 -0.014848693 0.004745030 0.031474151 0.004011556 -0.004772092 0.999485135
1341846231.037936 0.042156730 -0.019597979 -0.015279075 0.030359620 0.003978484 -0.004742811 0.999519885
1341846231.074310 0.042570721 -0.021237860 -0.016045935 0.030094901 0.003410065 -0.005305816 0.999527216
1341846231.106085 0.042901602 -0.030140605 -0.006435969 0.030212104 0.003117151 -0.003612512 0.999532104
1341846231.138083 0.044071175 -0.025834763 -0.009023534 0.031867154 0.002440054 -0.003611239 0.999482632
1341846231.174011 0.045015033 -0.027101627 -0.007892433 0.031395286 0.001860129 -0.003814770 0.999498069
1341846231.205909 0.044028852 -0.030672297 -0.007424330 0.031862773 0.002016863 -0.005098226 0.999477267
1341846231.241869 0.041972358 -0.028070349 -0.008981268 0.033368468 0.002546440 -0.004642509 0.999429107
1341846231.273832 0.046985898 -0.022967415 -0.011054598 0.034345195 0.001162741 -0.005557273 0.999393940
1341846231.305846 0.052764300 -0.022241538 -0.010734041 0.035619959 -0.000073126 -0.004697313 0.999354422
1341846231.341923 0.047823120 -0.022445006 -0.012414223 0.035184000 0.000376056 -0.004392805 0.999371171
1341846231.410022 0.047736097 -0.021471273 -0.011181845 0.033142027 0.000046025 -0.005167647 0.999437332
1341846231.442103 0.047099978 -0.020036774 -0.010757734 0.033286348 -0.000190873 -0.004372477 0.999436319
1341846231.484245 0.044945393 -0.023953745 -0.011871017 0.032865588 -0.001134699 -0.003381058 0.999453425
1341846231.516816 0.049573999 -0.017710570 -0.016486615 0.032612424 -0.001960653 -0.003840979 0.999458790
1341846231.547853 0.049709436 -0.016843604 -0.016214423 0.030719718 -0.000237037 -0.005445220 0.999513209
1341846231.583898 0.049059026 -0.017336167 -0.012439300 0.027516209 0.001407932 -0.007607740 0.999591410
1341846231.615993 0.046850406 -0.023698032 -0.006198418 0.025279963 0.003758442 -0.011246183 0.999610066
1341846231.648015 0.036073118 -0.030494642 -0.002599587 0.026247656 0.004446673 -0.013813238 0.999550164
1341846231.683822 0.041446798 -0.040913697 -0.004270654 0.030131467 0.002428807 -0.014098945 0.999443591
1341846231.716153 0.034422860 -0.043009229 -0.008142708 0.036094453 0.002594636 -0.013201328 0.999257863
1341846231.747846 0.041230023 -0.030922806 -0.007208974 0.041328646 -0.000181355 -0.013232974 0.999058008
1341846231.783993 0.043111265 -0.024642747 -0.008677804 0.042607352 -0.001396787 -0.013843614 0.998995006
1341846231.817027 0.042719234 -0.027454231 -0.008327450 0.041822378 -0.001271719 -0.012322969 0.999048293
1341846231.852317 0.038596794 -0.029063148 -0.013480389 0.040730935 -0.001164265 -0.012071971 0.999096572
1341846231.909867 0.044760697 -0.027530847 -0.008333892 0.037326321 -0.004353368 -0.011606758 0.999226272
1341846231.945837 0.050358102 -0.032343660 -0.007815406 0.036796022 -0.005715532 -0.008868208 0.999267101
1341846231.978027 0.047842611 -0.034577582 -0.010997151 0.036388937 -0.005679742 -0.009236912 0.999278903
1341846232.009966 0.049032170 -0.022315750 -0.007791672 0.036736228 -0.006333322 -0.010076895 0.999254167
1341846232.045845 0.041420970 -0.030614279 -0.006431938 0.035082854 -0.006647064 -0.009695034 0.999315321
1341846232.077961 0.045163978 -0.028300511 -0.003838537 0.035865862 -0.008417235 -0.008374767 0.999286115
1341846232.109864 0.048026573 -0.026445420 -0.003804962 0.035991885 -0.009159139 -0.009760188 0.999262512
1341846232.145999 0.048103776 -0.025819855 -0.004377262 0.035613179 -0.008806189 -0.010183524 0.999274969
1341846232.178314 0.047949094 -0.029065046 -0.009476767 0.034632158 -0.008744422 -0.009916946 0.999312699
1341846232.215951 0.048695162 -0.031874251 -0.003966692 0.035029013 -0.008466436 -0.009194332 0.999308169
1341846232.252037 0.049975798 -0.028888352 -0.006607933 0.036430325 -0.008814138 -0.007897946 0.999266207
1341846232.283944 0.053383891 -0.026884662 -0.004146479 0.037091162 -0.009451950 -0.006118615 0.999248505
1341846232.319867 0.046111029 -0.022319153 -0.006041266 0.037368454 -0.008254381 -0.005810527 0.999250650
1341846232.351854 0.046976451 -0.016668715 -0.006792403 0.036299299 -0.007667206 -0.007636990 0.999282420
1341846232.383877 0.045555975 -0.019919492 -0.005743340 0.033563364 -0.007551609 -0.009888208 0.999359190
1341846232.419782 0.046665467 -0.022138529 0.001755109 0.032836497 -0.008452329 -0.011426112 0.999359727
1341846232.451780 0.045635067 -0.024338812 -0.007303982 0.033695944 -0.009029201 -0.011214268 0.999328434
1341846232.484170 0.047377050 -0.021059692 -0.000584451 0.035271544 -0.008543251 -0.011380996 0.999276459
1341846232.519889 0.049339369 -0.032059696 -0.009436751 0.034191020 -0.009631919 -0.009880718 0.999320090
1341846232.551877 0.048657760 -0.022762140 0.002200301 0.036208518 -0.009155561 -0.010496349 0.999247193
1341846232.583846 0.057398614 -0.027910003 0.001137944 0.037262339 -0.010004510 -0.009992634 0.999205470
1341846232.619798 0.061295688 -0.029163033 -0.000618698 0.038849503 -0.010141808 -0.008991476 0.999153137
1341846232.651799 0.053287257 -0.029598916 0.004091548 0.040129568 -0.008325828 -0.008704673 0.999121904
1341846232.688092 0.051854711 -0.025775507 0.003677408 0.042008620 -0.007771159 -0.009455415 0.999042332
1341846232.719804 0.057639822 -0.026350211 -0.001155894 0.043959089 -0.008292786 -0.010366336 0.998945177
1341846232.751767 0.056273866 -0.026174182 0.005133764 0.046046842 -0.006487544 -0.010965581 0.998858035
1341846232.787894 0.054223321 -0.028922144 0.004022299 0.047568548 -0.005474402 -0.011947530 0.998781502
1341846232.819886 0.058584899 -0.029992215 0.002541109 0.049358826 -0.005047773 -0.012233604 0.998693466
1341846232.855850 0.060152519 -0.030744432 -0.000816648 0.051314145 -0.004901888 -0.012948757 0.998586595
1341846232.887989 0.054408941 -0.027870439 -0.003641006 0.053036410 -0.003259777 -0.013792309 0.998492062
1341846232.919822 0.054354202 -0.030739496 -0.001216764 0.053130146 -0.002636340 -0.014613072 0.998477161
1341846232.955993 0.050212808 -0.028340815 -0.001576571 0.054596357 -0.001800253 -0.014419933 0.998402774
1341846232.987965 0.062635772 -0.022156881 -0.002964984 0.054974042 -0.002834108 -0.014069469 0.998384655
1341846233.023868 0.067445509 -0.022546837 -0.004099125 0.053440847 -0.001829530 -0.013736691 0.998474896
1341846233.055880 0.059202716 -0.024291703 -0.004045932 0.052205589 0.000966842 -0.015294977 0.998518765
1341846233.087872 0.052852064 -0.027617909 -0.002096062 0.051025961 0.001906692 -0.016666774 0.998556435
1341846233.124060 0.052439000 -0.032642908 -0.003730966 0.050895602 0.001292061 -0.016668212 0.998564065
1341846233.155902 0.049111079 -0.036133382 -0.002925878 0.052707210 0.000485196 -0.017650241 0.998453915
1341846233.218177 0.061006896 -0.026622385 -0.009470849 0.057773784 -0.001813579 -0.018384339 0.998158813
1341846233.249926 0.056477427 -0.025000095 -0.009355554 0.056776010 -0.001091513 -0.020322897 0.998179555
1341846233.286015 0.059763879 -0.029453874 -0.004196934 0.055153321 -0.001223842 -0.021594811 0.998243630
1341846233.317870 0.041270215 -0.031139247 0.007190501 0.055631038 0.002673555 -0.022664336 0.998190582
1341846233.349815 0.001410035 -0.034230843 -0.004624952 0.055585846 0.010099163 -0.021722937 0.998166561
1341846233.385857 0.054668777 -0.029779313 0.003809122 0.056973491 -0.000038291 -0.020375151 0.998167813
1341846233.417990 0.076130010 -0.028048888 0.012825077 0.057286378 -0.004371213 -0.019024741 0.998166919
1341846233.453822 0.078164548 -0.029860286 0.010211471 0.057890814 -0.005524186 -0.018408116 0.998137951
1341846233.485912 0.079169795 -0.030927829 0.010715455 0.058818195 -0.006235653 -0.019590501 0.998057008
1341846233.517954 0.087064333 -0.027879393 0.006516258 0.059057541 -0.008486059 -0.020216381 0.998013794
1341846233.553882 0.051900040 -0.036206055 0.000169817 0.057489999 -0.003634740 -0.021372214 0.998110652
1341846233.585968 0.056810509 -0.040485781 -0.000932816 0.058343641 -0.005202134 -0.021140721 0.998059154
1341846233.621898 0.061263211 -0.036098588 0.005916853 0.059995331 -0.005886269 -0.020742038 0.997965813
1341846233.654396 0.065480419 -0.028528413 0.008915105 0.060799751 -0.005522331 -0.020598359 0.997922182
1341846233.685848 0.066527821 -0.029256275 0.006750181 0.059829563 -0.004637977 -0.020796105 0.997981191
1341846233.721879 0.071408667 -0.027039932 0.012650874 0.059492581 -0.005078032 -0.020285083 0.998009741
1341846233.753961 0.065877452 -0.030314554 0.010812251 0.058669534 -0.003804881 -0.020172160 0.998066366
1341846233.822009 0.075208053 -0.030766027 0.015649756 0.057053965 -0.004033796 -0.017851844 0.998203397
1341846233.853971 0.075810432 -0.029665660 0.019519730 0.056181315 -0.004037193 -0.017701700 0.998255551
1341846233.889920 0.076397710 -0.030072862 0.020410202 0.055489477 -0.004386300 -0.017808840 0.998290837
1341846233.922045 0.079018563 -0.028946558 0.018669613 0.054757424 -0.005606288 -0.018469712 0.998313129
1341846233.953967 0.075769894 -0.031393413 0.016994147 0.054016586 -0.005920833 -0.017892838 0.998362184
1341846233.989945 0.061354581 -0.030991821 -0.000300103 0.053720400 -0.004387904 -0.020364717 0.998338699
1341846234.021936 0.059839070 -0.030171590 0.000207107 0.052794151 -0.004780929 -0.020425910 0.998385072
1341846234.053904 0.063162409 -0.035314567 0.001929546 0.051600143 -0.005110358 -0.020915821 0.998435736
1341846234.089899 0.063472196 -0.034083392 0.000800034 0.051694203 -0.004431269 -0.021236874 0.998427331
1341846234.158063 0.072561912 -0.035429992 0.009386804 0.050965942 -0.005686410 -0.019463019 0.998494565
1341846234.189961 0.079307981 -0.037105314 0.007927603 0.051770519 -0.006447695 -0.018530451 0.998466313
1341846234.222130 0.077732503 -0.029535525 0.009251895 0.052498087 -0.005524760 -0.018682398 0.998431027
1341846234.257875 0.079912208 -0.029514290 0.010103568 0.051073659 -0.005501151 -0.018033013 0.998516917
1341846234.289820 0.080117337 -0.036274429 0.012790391 0.049919728 -0.004803382 -0.018298173 0.998574078
1341846234.321998 0.078409627 -0.035562851 0.011494572 0.051028613 -0.003628772 -0.019634644 0.998497605
1341846234.357904 0.081617475 -0.032597169 0.012650904 0.051940285 -0.004227799 -0.020445285 0.998431981
1341846234.389919 0.077629849 -0.037966236 0.011568799 0.051546145 -0.004536553 -0.019198949 0.998475790
1341846234.425915 0.082903951 -0.034814294 0.012510048 0.053269159 -0.005979161 -0.017755853 0.998404443
1341846234.457800 0.082147785 -0.026386671 0.010273974 0.054025825 -0.005995796 -0.017548751 0.998367369
1341846234.490016 0.081798926 -0.029300466 0.010905086 0.050653163 -0.006520015 -0.017974705 0.998533309
1341846234.525867 0.087685347 -0.033358395 0.014357440 0.049267396 -0.007386094 -0.016759142 0.998617768
1341846234.557961 0.082313493 -0.029445114 0.013838353 0.049424030 -0.006658980 -0.016329160 0.998622239
1341846234.593900 0.083467685 -0.027431060 0.013873695 0.048005983 -0.007638209 -0.014791070 0.998708367
1341846234.658173 0.086200722 -0.029381407 0.017388554 0.046905205 -0.010109099 -0.012291919 0.998772621
1341846234.694104 0.088086128 -0.031791799 0.019323416 0.046107851 -0.011817266 -0.012152839 0.998792648
1341846234.725911 0.087258555 -0.034524262 0.020917509 0.046127416 -0.013004507 -0.010511578 0.998795629
1341846234.758643 0.089960828 -0.034598324 0.019927807 0.047048636 -0.014167333 -0.010269145 0.998739362
1341846234.793907 0.091935150 -0.028406238 0.018735008 0.047127567 -0.014335050 -0.010839142 0.998727262
1341846234.826106 0.092288323 -0.031813223 0.018949680 0.045834828 -0.014282576 -0.010713194 0.998789549
1341846234.862270 0.089367047 -0.036864251 0.023080904 0.045285393 -0.014165448 -0.010573573 0.998817682
1341846234.893971 0.088660903 -0.033764698 0.021624984 0.046995822 -0.014690805 -0.010444568 0.998732448
1341846234.926031 0.090086788 -0.031613875 0.020728387 0.047961108 -0.014918211 -0.011681547 0.998669505
1341846234.961979 0.085602306 -0.032714728 0.021743292 0.048187271 -0.014216334 -0.012705726 0.998656392
1341846234.994016 0.082565606 -0.031660829 0.018851025 0.048822846 -0.014372349 -0.013068303 0.998618543
1341846235.026311 0.083039120 -0.023437196 0.017525069 0.048746601 -0.015141992 -0.013716439 0.998602211
1341846235.061915 0.082200184 -0.027642624 0.015766261 0.046473525 -0.014713374 -0.014305417 0.998708785
1341846235.094075 0.084180705 -0.029400291 0.019422594 0.045472492 -0.014947873 -0.014330093 0.998750985
1341846235.130068 0.078931093 -0.034244649 0.019169750 0.045343522 -0.014745652 -0.013935221 0.998765469
1341846235.162449 0.079396419 -0.035363935 0.019396879 0.046193331 -0.016020689 -0.012983699 0.998719752
1341846235.193917 0.085958242 -0.035822961 0.019284509 0.047008872 -0.017615272 -0.012316206 0.998663247
1341846235.229939 0.087861881 -0.031673338 0.020667804 0.048552249 -0.017241599 -0.013040232 0.998586714
1341846235.261811 0.087239765 -0.032388203 0.020604134 0.048659746 -0.017539332 -0.013691772 0.998567641
1341846235.294134 0.085199811 -0.031535033 0.021122824 0.049756642 -0.017575448 -0.014641493 0.998499453
1341846235.329890 0.084913738 -0.028750164 0.017323056 0.050249416 -0.017388726 -0.015524711 0.998464644
1341846235.361974 0.084916607 -0.022019187 0.015894413 0.049315095 -0.016596738 -0.018541500 0.998473287
1341846235.398097 0.082070045 -0.026664006 0.018406328 0.046394374 -0.016097961 -0.019745152 0.998598278
1341846235.462163 0.088201828 -0.032415222 0.020672834 0.045810070 -0.017290298 -0.019563882 0.998608947
1341846235.498142 0.086015753 -0.026907425 0.020738818 0.045685664 -0.016896158 -0.021665739 0.998577952
1341846235.529989 0.085315719 -0.031919677 0.023233494 0.044030659 -0.017026486 -0.022408538 0.998633742
1341846235.561921 0.086198084 -0.036441650 0.019521713 0.044544179 -0.017530195 -0.022149427 0.998608053
1341846235.597951 0.082783565 -0.027618714 0.017959336 0.046282668 -0.017120609 -0.022828139 0.998520792
1341846235.630160 0.085286111 -0.028447488 0.020338953 0.044970058 -0.018097121 -0.023532502 0.998547196
1341846235.667679 0.084482074 -0.036012985 0.022354523 0.044646949 -0.018495196 -0.022389779 0.998580694
1341846235.705783 0.085127756 -0.032990109 0.020467969 0.046532087 -0.018767642 -0.023019375 0.998475194
1341846235.730392 0.085641578 -0.032771830 0.019191071 0.046793260 -0.018819137 -0.024136437 0.998435616
1341846235.766032 0.084384270 -0.035532571 0.021742802 0.047719702 -0.018606665 -0.024790900 0.998379767
1341846235.797942 0.081892245 -0.033283792 0.017678408 0.049151342 -0.018698385 -0.024904484 0.998305738
1341846235.833964 0.082249090 -0.033541381 0.017452735 0.049546920 -0.018582864 -0.024730710 0.998292685
1341846235.866037 0.081191547 -0.032691434 0.016064929 0.049826071 -0.018418882 -0.024069246 0.998297930
1341846235.898007 0.087028645 -0.036324412 0.018818559 0.049513768 -0.019096497 -0.022046080 0.998347521
1341846235.934106 0.088178195 -0.039900124 0.019335033 0.051044293 -0.018371498 -0.020899111 0.998308659
1341846235.965921 0.087646492 -0.033606812 0.016912766 0.052982189 -0.017508876 -0.021128971 0.998218417
1341846235.997897 0.086482957 -0.032121852 0.014126279 0.052743379 -0.016440392 -0.021115594 0.998249531
1341846236.034072 0.079992183 -0.037479423 0.015570862 0.052486770 -0.014480189 -0.021104513 0.998293579
1341846236.065823 0.078651793 -0.039738066 0.012787670 0.053275347 -0.013820585 -0.020792993 0.998267710
1341846236.101989 0.079933867 -0.026175277 0.013918364 0.054413568 -0.014170474 -0.021615142 0.998183966
1341846236.134258 0.084663250 -0.033354864 0.015383034 0.052713662 -0.015038429 -0.020362731 0.998288870
1341846236.166269 0.084343530 -0.034228224 0.015908055 0.053326007 -0.015019492 -0.020108106 0.998261750
1341846236.202022 0.082953677 -0.025138175 0.010786091 0.053721096 -0.014250382 -0.021046380 0.998232484
1341846236.233893 0.081333190 -0.028999109 0.012362598 0.051300928 -0.013726403 -0.020761926 0.998373091
1341846236.265924 0.084106743 -0.036208507 0.014488078 0.050217148 -0.014045400 -0.019795274 0.998443365
1341846236.302018 0.085788377 -0.033053700 0.013829928 0.051111083 -0.014125764 -0.019322416 0.998406112
1341846236.333756 0.084967807 -0.032396778 0.011468092 0.051207021 -0.013753243 -0.020184906 0.998389363
1341846236.369949 0.083459154 -0.029439937 0.012433450 0.051334970 -0.012999322 -0.020716313 0.998381972
1341846236.401964 0.081687845 -0.030286439 0.012342230 0.051059056 -0.012076901 -0.020844646 0.998405039
1341846236.433828 0.085778698 -0.033239156 0.010790684 0.050976355 -0.012415994 -0.020968640 0.998402536
1341846236.469948 0.087840013 -0.028623911 0.012116167 0.052543364 -0.012217666 -0.020653134 0.998330355
1341846236.501946 0.086486712 -0.029908054 0.008209742 0.052632805 -0.011430891 -0.020387826 0.998340368
1341846236.534764 0.084652014 -0.025777051 0.006536560 0.052262738 -0.010433521 -0.018998709 0.998398125
1341846236.569956 0.084491618 -0.033682838 0.011630798 0.050726596 -0.009828142 -0.016834309 0.998522341
1341846236.601901 0.083539203 -0.032776501 0.009368612 0.051828261 -0.009372705 -0.016549138 0.998474956
1341846236.637896 0.084775440 -0.027051805 0.005245707 0.051422458 -0.008726721 -0.017579420 0.998484135
1341846236.669818 0.090773165 -0.027228955 0.008723502 0.049301233 -0.008622249 -0.017673569 0.998590410
1341846236.702100 0.090421349 -0.039642662 0.015046822 0.047768068 -0.007170209 -0.018213555 0.998666704
1341846236.738521 0.075546995 -0.062189404 0.002917672 0.049854759 -0.004599598 -0.017298119 0.998596072
1341846236.769905 0.072169937 -0.053146023 0.003454335 0.060528204 -0.005214858 -0.013774169 0.998057842
1341846236.805999 0.079887830 -0.035788968 0.004179658 0.065306589 -0.007560354 -0.013992018 0.997738540
1341846236.844067 0.092582695 -0.037471622 0.006731105 0.063780144 -0.009234301 -0.014325014 0.997818410
1341846236.876573 0.079031982 -0.022602838 0.002526797 0.065750368 -0.006789502 -0.017735921 0.997655392
1341846236.911899 0.077301987 -0.028918557 0.001502585 0.060900953 -0.006662503 -0.018900927 0.997942626
1341846236.944484 0.084006630 -0.042347901 0.004722890 0.059266437 -0.007845423 -0.017119786 0.998064578
1341846236.975811 0.082340829 -0.040655930 0.001735824 0.061247233 -0.007647204 -0.016162993 0.997962475
1341846237.011848 0.083485723 -0.034732137 0.002374107 0.061418679 -0.007260969 -0.017095707 0.997939289
1341846237.043850 0.083701238 -0.037902769 0.000831723 0.060282622 -0.006064723 -0.017930308 0.998001933
1341846237.075882 0.081875175 -0.044208415 0.001333416 0.060185924 -0.005986700 -0.015813330 0.998044014
1341846237.111887 0.079528846 -0.051955212 0.001064756 0.061868262 -0.006761025 -0.014334845 0.997958481
1341846237.143863 0.088784665 -0.045037918 0.001621125 0.064942688 -0.008545827 -0.013562418 0.997760296
1341846237.175838 0.085062325 -0.033967625 0.000640912 0.065932080 -0.008286866 -0.013587817 0.997697175
1341846237.211847 0.085925043 -0.038887020 -0.000025873 0.063061588 -0.008078860 -0.013199126 0.997889698
1341846237.243895 0.088799119 -0.045905240 0.001648352 0.063100725 -0.007368367 -0.011973594 0.997908175
1341846237.280228 0.079209588 -0.041168444 -0.001972673 0.064960450 -0.005880178 -0.012386139 0.997793674
1341846237.312079 0.079758741 -0.038055807 0.003738183 0.065624788 -0.006728936 -0.011262054 0.997758150
1341846237.343828 0.079936698 -0.040248107 0.005367846 0.065771893 -0.006780521 -0.009972534 0.997761846
1341846237.379983 0.084090546 -0.037163619 0.001212380 0.064938046 -0.007116869 -0.009753152 0.997816324
1341846237.411962 0.080864407 -0.033721674 -0.000324513 0.063803405 -0.006708666 -0.010641615 0.997883260
1341846237.443790 0.080240130 -0.035455585 -0.000328788 0.061845902 -0.006585567 -0.012411620 0.997986853
1341846237.479911 0.084731124 -0.033568490 -0.002553081 0.060734015 -0.006326290 -0.014073149 0.998034775
1341846237.511862 0.078988627 -0.035708889 -0.002014057 0.058889288 -0.005794484 -0.014823689 0.998137653
1341846237.547914 0.075201936 -0.035499141 -0.003804571 0.057603601 -0.007211755 -0.014058752 0.998214543
1341846237.579956 0.079156876 -0.039132033 -0.000474801 0.056375675 -0.008532833 -0.013058892 0.998287797
1341846237.611852 0.078284033 -0.033713073 -0.000081177 0.056544747 -0.008831964 -0.013087216 0.998275220
1341846237.647976 0.078701966 -0.037440974 -0.000382649 0.055557035 -0.009419053 -0.012806778 0.998329043
1341846237.680417 0.079462677 -0.037720386 0.001832968 0.055196878 -0.010126007 -0.011619858 0.998356581
1341846237.711902 0.074909210 -0.038134579 0.001230187 0.055816825 -0.010366507 -0.011100901 0.998325527
1341846237.747860 0.076341167 -0.038653068 0.000795895 0.057175484 -0.010803639 -0.011245131 0.998242438
1341846237.779848 0.077246778 -0.033143733 0.000363452 0.058363795 -0.011332384 -0.011130307 0.998169065
1341846237.815934 0.074201956 -0.030312708 -0.001454549 0.057508435 -0.011986670 -0.010183403 0.998221099
1341846237.847966 0.075005516 -0.029552780 0.000123027 0.056353383 -0.013286710 -0.009914341 0.998273313
1341846237.879781 0.074410848 -0.033450585 -0.002282457 0.054973479 -0.013349976 -0.010177132 0.998346686
1341846237.916026 0.075555839 -0.032091375 -0.001923801 0.054085467 -0.014017158 -0.010097198 0.998386919
1341846237.978064 0.076574728 -0.035062853 -0.000047838 0.052788913 -0.014153024 -0.010697291 0.998448133
1341846238.010069 0.074771471 -0.030706134 -0.002134366 0.052617334 -0.013780252 -0.010807302 0.998461246
1341846238.045995 0.075456917 -0.031885318 -0.001209501 0.051092263 -0.013979039 -0.010854452 0.998537123
1341846238.077963 0.073847786 -0.030830093 0.001119476 0.050253488 -0.013862940 -0.010919037 0.998580575
1341846238.109791 0.076469474 -0.031802382 0.001309947 0.050167326 -0.014136895 -0.010782871 0.998582602
1341846238.145837 0.079136617 -0.038407832 0.001381317 0.050502561 -0.014305470 -0.011135088 0.998559475
1341846238.177943 0.075747199 -0.027719740 0.001097350 0.052437153 -0.013114425 -0.012327938 0.998462081
1341846238.209943 0.078217424 -0.031685818 0.001540631 0.049953267 -0.013426632 -0.013147471 0.998574734
1341846238.246227 0.075020522 -0.033962853 0.002052556 0.049418673 -0.012661869 -0.012939695 0.998614073
1341846238.278227 0.079895191 -0.034813169 0.002042743 0.049848106 -0.013350820 -0.012735284 0.998586357
1341846238.345918 0.078921527 -0.032705788 0.002044046 0.049977876 -0.012125945 -0.015602945 0.998554885
1341846238.377978 0.078079179 -0.037709881 0.002524374 0.050425459 -0.012334412 -0.014693374 0.998543561
1341846238.413879 0.074015029 -0.036002234 0.005845499 0.051639691 -0.012482156 -0.014734392 0.998479068
1341846238.445979 0.077129029 -0.030787362 0.004694092 0.052675512 -0.013021590 -0.015794672 0.998401880
1341846238.478188 0.077599324 -0.031645916 0.003605299 0.052065410 -0.012724089 -0.016551567 0.998425484
1341846238.515328 0.076793052 -0.035231028 0.005331021 0.052124213 -0.012841688 -0.016709507 0.998418212
1341846238.545906 0.074005753 -0.036740657 0.003585742 0.053040475 -0.012958466 -0.016572991 0.998370767
1341846238.587827 0.073352575 -0.036744766 0.004618607 0.053667895 -0.012590710 -0.017461125 0.998326838
1341846238.645944 0.073948242 -0.029284298 0.001473312 0.053016115 -0.011809124 -0.017564960 0.998369336
1341846238.681933 0.074980110 -0.034566458 0.003866835 0.051674601 -0.012149678 -0.016742926 0.998449743
1341846238.713917 0.077116683 -0.036530808 0.004323904 0.052271988 -0.012607147 -0.015641795 0.998430789
1341846238.745925 0.073178075 -0.034985062 0.004093257 0.053141061 -0.012140460 -0.015238294 0.998396933
1341846238.781932 0.075663269 -0.032111030 0.003437826 0.052425500 -0.013023241 -0.016062921 0.998410761
1341846238.813869 0.078119978 -0.033289783 -0.000120369 0.051104169 -0.012589994 -0.016267326 0.998481512
1341846238.849931 0.077219225 -0.034632869 0.004656025 0.049888223 -0.012316281 -0.016645677 0.998540163
1341846238.881927 0.077545248 -0.041222692 0.000333012 0.049619965 -0.013269803 -0.015260561 0.998563468
1341846238.914000 0.077371716 -0.048092324 0.006148297 0.051171929 -0.015286832 -0.012701445 0.998492062
1341846238.949903 0.078432582 -0.054397095 0.005097973 0.053810455 -0.016762620 -0.011773147 0.998341084
1341846239.017941 0.076030210 -0.040764384 0.004172290 0.057996839 -0.016136494 -0.016320396 0.998052895
1341846239.050041 0.077676006 -0.040819652 0.003865178 0.058249131 -0.015933096 -0.017201778 0.998026729
1341846239.081902 0.072447717 -0.038388118 0.002368050 0.059199270 -0.015181717 -0.018648695 0.997956514
1341846239.117866 0.079532512 -0.039674137 0.004417371 0.059595540 -0.016086616 -0.019342927 0.997905552
1341846239.149976 0.077791192 -0.037596069 0.002698219 0.060234245 -0.015108365 -0.019786866 0.997873783
1341846239.181897 0.074684694 -0.031971265 0.000177986 0.060110323 -0.014413415 -0.019691652 0.997893453
1341846239.217929 0.074531302 -0.029120803 0.003824947 0.058849692 -0.014662267 -0.020509930 0.997948468
1341846239.250009 0.072532520 -0.034123443 0.000187066 0.056833204 -0.013717345 -0.020737119 0.998074114
1341846239.285917 0.076507933 -0.031399600 0.005097965 0.056242477 -0.013673254 -0.020345110 0.998116195
1341846239.318442 0.073089287 -0.029351579 0.002256759 0.055181880 -0.012440854 -0.020220878 0.998194039
1341846239.349930 0.076424517 -0.030798573 0.005415504 0.053633936 -0.012582237 -0.019302290 0.998294830
1341846239.386011 0.076562859 -0.033089012 0.005615439 0.053334285 -0.012191522 -0.018289326 0.998334825
1341846239.417983 0.072350524 -0.030149736 0.003856552 0.054000851 -0.011659379 -0.018230408 0.998306394
1341846239.450112 0.073067844 -0.026572086 0.003345872 0.053633064 -0.011715909 -0.018547386 0.998319745
1341846239.485973 0.074623577 -0.026870983 0.004412749 0.052493617 -0.011677237 -0.017704630 0.998396039
1341846239.517913 0.076545559 -0.028925603 0.004040328 0.051143270 -0.011556270 -0.017045969 0.998478949
1341846239.553979 0.076372318 -0.031006204 0.005964510 0.049718928 -0.011514764 -0.016702078 0.998557210
1341846239.585911 0.077571101 -0.028765403 0.007724277 0.049271159 -0.011740230 -0.015833944 0.998591006
1341846239.617967 0.077833667 -0.034146246 0.009499826 0.048669990 -0.011671754 -0.014846680 0.998636425
1341846239.653941 0.061304424 -0.036078855 0.000760734 0.049431272 -0.009086171 -0.015560101 0.998615026
1341846239.685852 0.063514903 -0.033249483 0.001717358 0.050057724 -0.009626985 -0.015308782 0.998582661
1341846239.717923 0.061628625 -0.029900143 -0.000691745 0.050280213 -0.009937966 -0.015258474 0.998569131
1341846239.753857 0.064800404 -0.033211302 -0.000582796 0.049946193 -0.010369867 -0.015165000 0.998582959
1341846239.785918 0.061247312 -0.029010512 0.001266294 0.049554866 -0.010122459 -0.014801458 0.998610497
1341846239.821950 0.058134794 -0.038575575 0.008036124 0.048072319 -0.010122164 -0.013948961 0.998695195
1341846239.854023 0.057252456 -0.035897657 0.007180863 0.049785335 -0.010175504 -0.013435272 0.998617768
1341846239.891801 0.058813516 -0.030756779 0.003271273 0.050113045 -0.010442990 -0.014232231 0.998587549
1341846239.953963 0.061086353 -0.037383188 0.007461368 0.048747137 -0.010648251 -0.014711767 0.998646021
1341846239.985997 0.055306237 -0.034944113 0.005713295 0.049572386 -0.010151356 -0.015702095 0.998595536
1341846240.022055 0.069211684 -0.032249704 0.005334102 0.049913224 -0.013202888 -0.016295504 0.998533309
1341846240.053998 0.069472343 -0.036024798 0.007809357 0.050044321 -0.012915922 -0.016373036 0.998529255
1341846240.089841 0.069505513 -0.036728464 0.005544866 0.051059708 -0.012959635 -0.016475165 0.998475611
1341846240.121795 0.067009434 -0.032134049 0.006867491 0.052446526 -0.013214797 -0.017862307 0.998376548
1341846240.159862 0.065914661 -0.039877888 0.003976028 0.053049002 -0.012653477 -0.019132636 0.998328447
1341846240.195884 0.068780243 -0.035897385 0.004089881 0.054239523 -0.012537006 -0.018617082 0.998275697
1341846240.227927 0.068910651 -0.036305815 0.002755771 0.054225419 -0.012965599 -0.018548664 0.998272300
1341846240.290031 0.065998904 -0.036784213 0.005486811 0.055504225 -0.012953565 -0.017673027 0.998218000
1341846240.322206 0.069300659 -0.032916244 0.001475502 0.055697296 -0.013705572 -0.017046759 0.998208106
1341846240.357948 0.067917071 -0.033081967 0.000387655 0.054837696 -0.014110980 -0.016565856 0.998258173
1341846240.422212 0.066265285 -0.036844071 0.003206750 0.056742825 -0.013725652 -0.017709013 0.998137414
1341846240.458143 0.071727574 -0.035842527 -0.000933304 0.057032421 -0.014961617 -0.018325092 0.998092055
1341846240.490243 0.067246385 -0.034537595 0.003231905 0.056842607 -0.015467349 -0.018111285 0.998099029
1341846240.525976 0.071245000 -0.034809276 0.004466483 0.057730205 -0.016466733 -0.018136801 0.998031676
1341846240.557894 0.067584462 -0.035459064 0.001962436 0.058797289 -0.016077433 -0.020693898 0.997925997
1341846240.590418 0.067786671 -0.037830032 -0.000280111 0.058513492 -0.016257618 -0.020245139 0.997948885
1341846240.626172 0.060370807 -0.038011909 -0.000507313 0.058851101 -0.015659511 -0.021579159 0.997910678
1341846240.657964 0.066930912 -0.041550457 -0.001496976 0.058650501 -0.017238503 -0.021324836 0.997901917
1341846240.689825 0.062700562 -0.036978722 0.003928445 0.060327016 -0.016642531 -0.021713845 0.997803688
1341846240.725903 0.060110759 -0.034393489 0.004977029 0.060363431 -0.016700698 -0.021261843 0.997810304
1341846240.757973 0.063770890 -0.039778106 0.004746681 0.059848133 -0.017571470 -0.021333037 0.997824848
1341846240.794024 0.065533005 -0.042574108 0.004927357 0.060751095 -0.018144634 -0.020959673 0.997767866
1341846240.826068 0.061826885 -0.036967479 0.000110155 0.062203445 -0.017523371 -0.021653131 0.997674704
1341846240.858147 0.063944876 -0.030907625 0.002804287 0.062169842 -0.017457545 -0.022150591 0.997667074
1341846240.894038 0.066102639 -0.031826876 0.001237786 0.061213858 -0.017940283 -0.022178655 0.997716963
1341846240.925975 0.065302365 -0.031698383 0.003355980 0.060861621 -0.017673805 -0.021341221 0.997761548
1341846240.958080 0.072949246 -0.032025531 0.000832287 0.060479149 -0.019008234 -0.020500185 0.997777879
1341846240.994099 0.066910096 -0.031183699 0.002795993 0.060192071 -0.018177383 -0.021657607 0.997786283
1341846241.026041 0.065411679 -0.037184332 0.003959570 0.060184937 -0.017777683 -0.021497816 0.997797430
1341846241.062449 0.072401971 -0.033697661 -0.000753494 0.061430302 -0.018720005 -0.022287186 0.997686923
1341846241.094372 0.067520186 -0.029980723 0.001333673 0.060792599 -0.017822666 -0.022786267 0.997731209
1341846241.126068 0.068441503 -0.038915172 0.002932026 0.058922295 -0.018042535 -0.022986671 0.997834742
1341846241.167863 0.060854193 -0.037400138 0.001605766 0.060543686 -0.016945800 -0.023198845 0.997752011
1341846241.230127 0.056028005 -0.034452699 -0.001221908 0.060224578 -0.016282666 -0.025475761 0.997726917
1341846241.261868 0.058806293 -0.033959717 -0.001877343 0.060853701 -0.016878435 -0.025395693 0.997680843
1341846241.295211 0.055115424 -0.035572082 0.001430165 0.060640235 -0.016115366 -0.025960181 0.997691989
1341846241.329804 0.056429163 -0.034264687 -0.002561440 0.060135711 -0.016299987 -0.026879862 0.997695088
1341846241.362000 0.054983292 -0.032389719 -0.002296670 0.060491093 -0.015801387 -0.026877444 0.997681737
1341846241.394012 0.057901934 -0.030132834 -0.002559207 0.061302330 -0.016568776 -0.025934145 0.997644722
1341846241.430126 0.056895193 -0.031928841 -0.002106968 0.061110385 -0.016481770 -0.026499713 0.997643054
1341846241.462018 0.056753457 -0.031337436 -0.002174260 0.061142422 -0.016410427 -0.026333176 0.997646689
1341846241.497907 0.056367505 -0.032180697 -0.001422795 0.061091583 -0.016062915 -0.026643274 0.997647226
1341846241.529930 0.058589138 -0.034041237 -0.002530053 0.060111120 -0.016544782 -0.028022943 0.997661114
1341846241.562493 0.057088923 -0.031345915 0.001039143 0.060292676 -0.016300865 -0.027706724 0.997662961
1341846241.598412 0.058577854 -0.029771807 -0.000032666 0.060964752 -0.016643835 -0.027323250 0.997627079
1341846241.629998 0.061613984 -0.030381037 -0.000030987 0.060922034 -0.016919503 -0.027790265 0.997612119
1341846241.662234 0.061357364 -0.030062741 -0.001467408 0.061226971 -0.016845988 -0.027565835 0.997600973
1341846241.698098 0.061000388 -0.031691223 -0.001155408 0.061078914 -0.016658679 -0.027895650 0.997604012
1341846241.729805 0.064028822 -0.029817084 -0.001724974 0.061409809 -0.017124763 -0.027902408 0.997575581
1341846241.765805 0.063956276 -0.029917084 -0.001665699 0.061488118 -0.017150670 -0.028242143 0.997560740
1341846241.797970 0.058218744 -0.034600955 -0.002390893 0.061173420 -0.016225079 -0.028258156 0.997595131
1341846241.830240 0.059096951 -0.034127388 -0.003621678 0.061488546 -0.016140454 -0.028601680 0.997567415
1341846241.865867 0.057693079 -0.034908704 -0.001484599 0.061130665 -0.016163649 -0.028991196 0.997577786
1341846241.898156 0.060503583 -0.035289977 -0.000332733 0.061040387 -0.016640535 -0.027782490 0.997609794
1341846241.929917 0.060383324 -0.035602786 0.001621550 0.061576873 -0.016609395 -0.028011214 0.997570992
1341846241.965882 0.062731214 -0.034093622 -0.006304572 0.061113767 -0.016293172 -0.028425071 0.997592926
1341846241.998017 0.058045700 -0.036082719 0.001692392 0.060823951 -0.016101059 -0.028341549 0.997616172
1341846242.034019 0.060145333 -0.035939295 0.000415234 0.061176792 -0.016394997 -0.027250020 0.997620165
1341846242.066365 0.062768549 -0.032643579 -0.004273244 0.063121371 -0.016382374 -0.029217532 0.997443557
1341846242.097916 0.057900708 -0.036560658 0.003800244 0.063499592 -0.016081832 -0.028685771 0.997439861
1341846242.133980 0.070059255 -0.030216739 -0.013891878 0.065858312 -0.017017880 -0.028342992 0.997281194
1341846242.165895 0.054766253 -0.038073450 0.005286932 0.064324342 -0.015700603 -0.028742390 0.997391462
1341846242.197924 0.058010690 -0.034447294 0.005663362 0.065535747 -0.016208941 -0.028409239 0.997314036
1341846242.234487 0.064094491 -0.033026937 -0.002158510 0.067080133 -0.016466979 -0.028227547 0.997212291
1341846242.269588 0.063444026 -0.035126492 -0.001122331 0.067273326 -0.016156672 -0.027642425 0.997220755
1341846242.301972 0.067402303 -0.033684641 -0.005521800 0.067150466 -0.016444745 -0.029056545 0.997184098
1341846242.333996 0.058981072 -0.032871515 0.002287355 0.067592606 -0.015032774 -0.028383477 0.997195899
1341846242.366000 0.062244702 -0.033088319 -0.001719205 0.068191431 -0.015584558 -0.028104778 0.997154534
1341846242.401903 0.061547078 -0.033494707 -0.001998699 0.067794397 -0.015704816 -0.028137028 0.997178793
1341846242.433933 0.061585497 -0.032903299 -0.000530874 0.068308420 -0.015280125 -0.028463846 0.997141123
1341846242.469883 0.064252242 -0.036494389 -0.008910168 0.068745784 -0.015393822 -0.028289987 0.997114182
1341846242.501972 0.058986109 -0.033230804 -0.007339491 0.069424666 -0.014747563 -0.028815541 0.997061908
1341846242.534063 0.064111114 -0.029232427 -0.002457140 0.069277786 -0.015568051 -0.029568451 0.997037590
1341846242.569931 0.063994169 -0.032349784 -0.007548803 0.068715945 -0.015074349 -0.029392693 0.997089267
1341846242.602000 0.063749410 -0.029971758 -0.007205024 0.069003873 -0.014980766 -0.029341767 0.997072279
1341846242.634077 0.061253618 -0.028709901 -0.005884404 0.068249144 -0.014566186 -0.029439766 0.997127473
1341846242.670215 0.061244074 -0.027910037 -0.006487918 0.067952551 -0.014385280 -0.029287698 0.997154891
1341846242.701929 0.061322134 -0.030222917 -0.008405102 0.067281470 -0.014444772 -0.029597845 0.997190356
1341846242.737996 0.061732449 -0.027418630 -0.006434191 0.067373112 -0.014979764 -0.029621808 0.997175574
1341846242.769937 0.060948052 -0.027152682 -0.005469793 0.068170629 -0.014990494 -0.029789774 0.997116208
1341846242.808080 0.061027836 -0.028011832 -0.007130358 0.068297468 -0.014813864 -0.030587438 0.997085989
1341846242.869936 0.061567739 -0.026436204 -0.007825035 0.067074455 -0.015154085 -0.030867131 0.997155249
1341846242.902131 0.061814703 -0.027347004 -0.008636036 0.066983096 -0.015024240 -0.031390194 0.997147083
1341846242.938061 0.059789356 -0.026897551 -0.008261757 0.067628890 -0.015209581 -0.031620182 0.997093439
1341846242.969969 0.062162597 -0.027154088 -0.007163471 0.068506092 -0.016067840 -0.031478908 0.997024477
1341846243.005810 0.063121825 -0.027260441 -0.009159746 0.069040969 -0.016554290 -0.031084515 0.996992052
1341846243.038095 0.061273966 -0.025680784 -0.008907061 0.069020949 -0.016889982 -0.030577965 0.997003436
1341846243.070041 0.063848078 -0.026217649 -0.014612110 0.067682676 -0.017628135 -0.030984970 0.997069895
1341846243.106059 0.062540539 -0.032991920 -0.015796160 0.065687172 -0.017493607 -0.032015737 0.997173131
1341846243.137899 0.063186511 -0.026438029 -0.013584940 0.067242511 -0.017081525 -0.031100677 0.997105539
1341846243.169985 0.060872272 -0.031450488 -0.015034912 0.066383407 -0.017155595 -0.031250417 0.997157156
1341846243.206007 0.061638292 -0.032759041 -0.016338356 0.065892756 -0.016955124 -0.032091409 0.997166455
1341846243.237999 0.061611775 -0.029751172 -0.014380233 0.065393552 -0.016302558 -0.033178728 0.997174561
1341846243.274026 0.059954111 -0.029020179 -0.014067455 0.065511309 -0.015717104 -0.033421118 0.997168124
1341846243.305879 0.060948011 -0.029992362 -0.013611437 0.066137552 -0.015827149 -0.033517797 0.997121871
1341846243.338022 0.060277093 -0.028249536 -0.014554402 0.067524776 -0.015636554 -0.033756301 0.997023821
1341846243.374348 0.060671668 -0.030289490 -0.014857578 0.068097860 -0.015742278 -0.033058923 0.997006595
1341846243.405837 0.061668541 -0.031134833 -0.017408544 0.068227403 -0.016569061 -0.033088099 0.996983349
1341846243.442193 0.061876871 -0.030519251 -0.017980447 0.068360910 -0.016748579 -0.033321708 0.996963441
1341846243.473902 0.061554991 -0.029466569 -0.015485806 0.068606593 -0.016672434 -0.033857290 0.996929765
1341846243.505839 0.063100412 -0.027055316 -0.018756283 0.068847410 -0.017276060 -0.033433206 0.996917188
1341846243.542001 0.066258825 -0.027409576 -0.020225855 0.068596184 -0.017886186 -0.033907674 0.996907771
1341846243.574058 0.062775895 -0.025899572 -0.019928837 0.068659283 -0.016872996 -0.033310208 0.996941209
1341846243.605841 0.064891756 -0.028668294 -0.017959664 0.068907566 -0.016686210 -0.033082988 0.996934712
1341846243.642015 0.063427649 -0.029396662 -0.019539835 0.069326982 -0.016411919 -0.032617856 0.996925533
1341846243.673926 0.064133435 -0.028459130 -0.020035505 0.069026142 -0.016494002 -0.033295423 0.996922731
1341846243.710095 0.063919164 -0.030703269 -0.024964985 0.069238298 -0.016353806 -0.032563183 0.996934474
1341846243.741951 0.065256357 -0.020253293 -0.018607717 0.070669211 -0.016674172 -0.034188781 0.996774256
1341846243.774067 0.058405891 -0.028546337 -0.026516147 0.068522938 -0.016206639 -0.034363873 0.996925831
1341846243.809881 0.055225536 -0.028812647 -0.019845163 0.068222307 -0.014965884 -0.034756709 0.996952236
1341846243.841971 0.061273120 -0.027970333 -0.023894314 0.068965301 -0.016363140 -0.033624910 0.996917963
1341846243.874062 0.064178467 -0.030335812 -0.013668572 0.069366075 -0.016717248 -0.032645613 0.996916890
1341846243.910022 0.062532924 -0.030890206 -0.023611108 0.070079215 -0.016863670 -0.032780617 0.996860147
1341846243.978045 0.063314877 -0.021946212 -0.015534069 0.070900187 -0.015176165 -0.034330253 0.996776998
1341846244.009892 0.067201018 -0.027524387 -0.014948387 0.069586970 -0.015569435 -0.033056717 0.996906459
1341846244.042105 0.066602543 -0.032090869 -0.018365832 0.069809183 -0.015428577 -0.031618316 0.996939778
1341846244.077884 0.069507971 -0.027580358 -0.010997974 0.071101047 -0.015515290 -0.031474955 0.996851683
1341846244.115904 0.072360203 -0.026498970 -0.010728839 0.070527405 -0.015892969 -0.031353459 0.996890366
1341846244.151850 0.069532484 -0.028700346 -0.012106703 0.069742694 -0.015410816 -0.030766120 0.996971428
1341846244.184334 0.072036184 -0.030350352 -0.012953995 0.070598066 -0.015742410 -0.029893568 0.996932566
1341846244.215953 0.067362003 -0.026734106 -0.018673873 0.070876665 -0.015120738 -0.030230150 0.996912241
1341846244.251877 0.065402128 -0.031504031 -0.019905085 0.069490969 -0.014935920 -0.030258248 0.997011721
1341846244.283880 0.065922372 -0.034193989 -0.020769587 0.070126511 -0.015129737 -0.029745091 0.996979773
1341846244.316068 0.063354783 -0.030143972 -0.021537542 0.071122877 -0.014966661 -0.030630833 0.996884823
1341846244.351999 0.062948406 -0.030965967 -0.023456972 0.070723899 -0.015318646 -0.030727653 0.996904910
1341846244.384040 0.067517065 -0.032273293 -0.017409774 0.071177542 -0.016488478 -0.029466573 0.996891975
1341846244.419869 0.072915263 -0.031007458 -0.018149128 0.071625568 -0.017343795 -0.028925074 0.996861219
1341846244.451888 0.071567558 -0.029298102 -0.018880283 0.071060106 -0.016443564 -0.029553972 0.996898532
1341846244.483871 0.068219095 -0.030461403 -0.025631180 0.069815837 -0.015463605 -0.029528605 0.997002840
1341846244.519923 0.070397854 -0.036178175 -0.019375332 0.069233686 -0.014937049 -0.029602954 0.997049272
1341846244.551942 0.068476290 -0.031203344 -0.025228448 0.070728339 -0.014009034 -0.029338688 0.996965706
1341846244.583892 0.068013832 -0.032177880 -0.022005679 0.070885509 -0.013184047 -0.028076652 0.997002065
1341846244.619870 0.071904100 -0.032248650 -0.021501958 0.071028091 -0.013620679 -0.025394754 0.997057974
1341846244.651850 0.067544900 -0.028158862 -0.022857303 0.071833625 -0.012865810 -0.025332579 0.997011900
1341846244.683815 0.073098049 -0.032740433 -0.022101115 0.072287485 -0.013430059 -0.023139019 0.997024953
1341846244.719873 0.072448552 -0.034417227 -0.019133460 0.071797490 -0.012618109 -0.023535915 0.997061670
1341846244.751827 0.079836465 -0.035370022 -0.022344211 0.071715981 -0.013193963 -0.022877697 0.997075379
1341846244.788300 0.078183189 -0.038267843 -0.016038135 0.072125703 -0.012264632 -0.023649836 0.997039676
1341846244.820099 0.080574669 -0.037725322 -0.019803377 0.072835922 -0.011940173 -0.023876112 0.996986628
1341846244.851973 0.083195478 -0.042428147 -0.017879888 0.074163444 -0.011524724 -0.023019975 0.996913791
1341846244.887873 0.082615852 -0.039567366 -0.016616276 0.076272212 -0.010017381 -0.023194846 0.996766865
1341846244.920072 0.081554756 -0.038328081 -0.019281952 0.076491870 -0.008608186 -0.023053613 0.996766567
1341846244.952621 0.086633123 -0.042057596 -0.013037960 0.076723322 -0.008327032 -0.022058675 0.996773601
1341846244.987985 0.081666648 -0.035264816 -0.016528986 0.078250453 -0.007315360 -0.020984070 0.996686101
1341846245.020060 0.086280659 -0.030501757 -0.013714043 0.077901557 -0.007708602 -0.020748051 0.996715367
1341846245.051869 0.087565474 -0.033565309 -0.014033508 0.075922802 -0.007112438 -0.021541243 0.996855617
1341846245.088236 0.080921471 -0.032134362 -0.015568807 0.075099543 -0.005613805 -0.022085687 0.996915638
1341846245.119935 0.090283908 -0.031622995 -0.006158749 0.074890457 -0.006067433 -0.021473562 0.996942043
1341846245.151835 0.085168168 -0.035840519 -0.011159963 0.074600242 -0.005442054 -0.022440691 0.996946216
1341846245.187889 0.080576569 -0.034807470 -0.013203812 0.075552784 -0.004643914 -0.022956379 0.996866763
1341846245.219842 0.079996049 -0.026836425 -0.007636041 0.076560311 -0.004464743 -0.022211974 0.996807575
1341846245.256030 0.083946303 -0.033387356 -0.007474070 0.074990183 -0.005011233 -0.022994921 0.996906579
1341846245.287962 0.079983249 -0.028953774 -0.010177659 0.075429074 -0.004070736 -0.024758795 0.996835470
1341846245.319885 0.079407372 -0.029785575 -0.009484333 0.075226739 -0.003971133 -0.025336241 0.996836603
1341846245.355859 0.073997520 -0.030003229 -0.011226801 0.074957676 -0.003569589 -0.025674189 0.996849835
1341846245.387919 0.076717712 -0.034605719 -0.008248482 0.074378006 -0.004164044 -0.026115505 0.996879458
1341846245.423977 0.075686477 -0.033132989 -0.013047705 0.074752815 -0.004008885 -0.026937157 0.996830165
1341846245.455822 0.065606423 -0.024737831 -0.020360142 0.076140955 -0.002654325 -0.029096844 0.996668935
1341846245.487804 0.076838247 -0.029946396 -0.013083403 0.076158933 -0.004325205 -0.026344635 0.996738255
1341846245.523916 0.077685930 -0.024810815 -0.017396422 0.076787360 -0.004550499 -0.027313305 0.996662974
1341846245.555797 0.076957732 -0.029888636 -0.013093599 0.076137826 -0.004079653 -0.026781669 0.996729255
1341846245.591988 0.076895110 -0.037392661 -0.013940941 0.075788297 -0.004357515 -0.026176170 0.996770740
1341846245.623837 0.075170003 -0.037848648 -0.014770955 0.076848969 -0.004372993 -0.025715273 0.996701479
1341846245.655890 0.083367273 -0.033814687 -0.013703122 0.077634886 -0.005210062 -0.024905099 0.996657133
1341846245.692060 0.083398908 -0.033261068 -0.012614047 0.077280954 -0.004517117 -0.025428489 0.996674836
1341846245.724517 0.081826039 -0.036258958 -0.009563008 0.077201784 -0.003960306 -0.025629483 0.996678174
1341846245.760068 0.081326842 -0.037244268 -0.004855044 0.078105673 -0.003916694 -0.024536677 0.996635437
1341846245.791914 0.067087352 -0.035101052 -0.018290240 0.078273103 -0.001989297 -0.025343593 0.996607780
1341846245.824142 0.080272920 -0.033852160 0.003982369 0.078506984 -0.003030976 -0.024271550 0.996613503
1341846245.860005 0.078984365 -0.033619087 0.000674108 0.077998258 -0.002375591 -0.024246527 0.996655762
1341846245.891878 0.076286606 -0.035644535 0.001804656 0.076845899 -0.001794252 -0.025089916 0.996725619
1341846245.927903 0.076310098 -0.039428558 0.002498109 0.076928839 -0.001056817 -0.025763763 0.996703088
1341846245.986182 0.074714422 -0.036100935 0.000359258 0.078057349 -0.001123096 -0.025203129 0.996629596
1341846246.022057 0.075498886 -0.038167611 -0.002063204 0.078386679 -0.001291041 -0.025563328 0.996594369
1341846246.053871 0.076744892 -0.042308677 -0.007176610 0.078829415 -0.001647073 -0.024443358 0.996587038
1341846246.085916 0.070345573 -0.041017514 -0.006132579 0.080601349 -0.001751622 -0.024415907 0.996445835
1341846246.121806 0.069961146 -0.037458383 -0.004589906 0.081608467 -0.002999493 -0.024766494 0.996352196
1341846246.153949 0.062624723 -0.031334959 -0.017206334 0.083032578 -0.002319911 -0.028215032 0.996144712
1341846246.222002 0.062512323 -0.026951443 -0.015956622 0.083896250 -0.002296075 -0.030211285 0.996013820
1341846246.253984 0.075983174 -0.041562859 0.000111282 0.082311936 -0.003861653 -0.029944185 0.996149182
1341846246.289808 0.072058477 -0.037054408 -0.004674084 0.083804145 -0.002964447 -0.031305782 0.995985985
1341846246.322001 0.062359501 -0.029455634 -0.020318830 0.083671212 -0.000732586 -0.033747546 0.995921552
1341846246.353946 0.073821560 -0.029944945 0.004348095 0.082567967 -0.001030708 -0.033066195 0.996036232
1341846246.389885 0.069814980 -0.032747969 -0.001907301 0.080961771 0.000131170 -0.033393588 0.996157646
1341846246.421855 0.068009108 -0.033777338 -0.003824332 0.081135899 0.000797151 -0.032136545 0.996184587
1341846246.457915 0.073695958 -0.026576759 -0.004353668 0.081528701 0.000262048 -0.029185079 0.996243596
1341846246.489829 0.073788546 -0.029455338 -0.004709950 0.080026239 0.001227205 -0.028334852 0.996389270
1341846246.521912 0.073705822 -0.027898643 -0.004647793 0.079152405 0.003015698 -0.028682416 0.996445298
1341846246.558038 0.070789620 -0.030485945 -0.002448770 0.078139029 0.004691479 -0.028591633 0.996521354
1341846246.589826 0.065407738 -0.029651856 -0.003382611 0.078841880 0.006078934 -0.027915148 0.996477723
1341846246.622033 0.070765153 -0.030518094 -0.005394428 0.078967802 0.004918430 -0.024679773 0.996559501
1341846246.658046 0.069512531 -0.027593881 -0.004931672 0.078762420 0.004770531 -0.023944810 0.996594429
1341846246.689939 0.065358415 -0.031290729 -0.003965295 0.077892028 0.004762847 -0.025607482 0.996621549
1341846246.725903 0.062548302 -0.028291080 -0.002144354 0.078141898 0.004887665 -0.026337564 0.996582329
1341846246.757894 0.071103454 -0.027331762 -0.004363396 0.077502057 0.003586622 -0.026516913 0.996633112
1341846246.789989 0.070141621 -0.030572087 -0.002374235 0.076230466 0.003800381 -0.026983632 0.996717811
1341846246.826059 0.068792187 -0.033435587 -0.000119880 0.076070644 0.003547837 -0.026918493 0.996732712
1341846246.857869 0.073938936 -0.034822606 -0.005717700 0.076964460 0.002660932 -0.026303193 0.996683240
1341846246.893944 0.072302565 -0.031569395 -0.005045407 0.077094011 0.002292704 -0.025731165 0.996689141
1341846246.925896 0.069503769 -0.029052567 -0.001684595 0.077090092 0.001973834 -0.026579121 0.996667922
1341846246.958090 0.073427036 -0.032823741 -0.003032105 0.076514885 0.001473000 -0.026265560 0.996721387
1341846246.993936 0.073556311 -0.028270468 0.005070606 0.076855168 0.000815188 -0.026089322 0.996700525
1341846247.026204 0.070171990 -0.033280585 0.003568422 0.076314241 0.001367867 -0.028206468 0.996683896
1341846247.057936 0.068885870 -0.030444950 0.004658070 0.077626199 0.001389637 -0.028322650 0.996579230
1341846247.093899 0.071899787 -0.034293748 0.000709265 0.077857502 0.000616424 -0.028032491 0.996570230
1341846247.126028 0.068491295 -0.028477501 0.001899565 0.078341872 0.000512376 -0.027409315 0.996549547
1341846247.162093 0.071581684 -0.038166765 0.004285097 0.078138873 -0.000065784 -0.026443962 0.996591747
1341846247.194072 0.070407301 -0.037339188 -0.000187588 0.081145212 0.001122716 -0.024985949 0.996388495
1341846247.225977 0.072576493 -0.035034742 -0.003379719 0.082692027 0.000764322 -0.022951685 0.996310532
1341846247.261953 0.076141886 -0.041743360 0.003442326 0.084923469 0.001443759 -0.023250639 0.996115148
1341846247.293957 0.071436390 -0.038288072 0.005455234 0.089862786 0.002942346 -0.022620706 0.995692968
1341846247.325987 0.073929563 -0.030045770 0.001702500 0.091671713 0.001689241 -0.022440998 0.995535016
1341846247.361940 0.070365593 -0.028339537 -0.002496352 0.089675196 0.001183576 -0.022993159 0.995704949
1341846247.430187 0.074781232 -0.031600758 0.005498401 0.085232891 -0.000259396 -0.022968931 0.996096313
1341846247.462223 0.075248413 -0.036478627 0.006125890 0.083828434 -0.001298324 -0.024840428 0.996169746
1341846247.493952 0.073511459 -0.035766277 0.004394635 0.084222183 -0.001249002 -0.025274821 0.996125638
1341846247.530027 0.072932370 -0.033724602 0.005360534 0.085216045 -0.001095747 -0.025659990 0.996031463
1341846247.562209 0.076511882 -0.046682738 0.001310194 0.085989878 -0.001094520 -0.023873381 0.996009350
1341846247.594166 0.074481890 -0.035001308 0.005574116 0.088908441 -0.001032081 -0.022726404 0.995779991
1341846247.630035 0.074899964 -0.030078933 0.005092859 0.087955669 -0.002212314 -0.022435354 0.995869279
1341846247.662701 0.079983942 -0.037650153 0.008135099 0.086245768 -0.003005883 -0.022058908 0.996025145
1341846247.697913 0.078983888 -0.032269992 0.013491577 0.087726146 -0.002243542 -0.020130759 0.995938718
1341846247.730051 0.079138145 -0.033740230 0.013446822 0.086221255 -0.003390119 -0.018963041 0.996089816
1341846247.762180 0.079139255 -0.037557852 0.013354197 0.086728334 -0.003821608 -0.017448826 0.996071935
1341846247.798768 0.081366263 -0.032354575 0.013128456 0.088969670 -0.003651171 -0.015462997 0.995907605
1341846247.830259 0.079564936 -0.023832258 0.013850464 0.088722847 -0.003652870 -0.015032435 0.995936275
1341846247.865875 0.086385965 -0.033754583 0.016233798 0.085795745 -0.004274732 -0.015981199 0.996175408
1341846247.898157 0.085029252 -0.040192008 0.014515394 0.087644212 -0.002880388 -0.015134022 0.996032774
1341846247.930002 0.080403559 -0.028808460 0.012618778 0.089803845 -0.004094285 -0.013216291 0.995863378
1341846247.966006 0.084575288 -0.034994241 0.017107269 0.088249549 -0.006689874 -0.013011217 0.995990992
1341846247.998062 0.087774545 -0.043821458 0.014717585 0.089354470 -0.006547733 -0.012632173 0.995898306
1341846248.030615 0.085101336 -0.032376457 0.017863706 0.092203848 -0.005733415 -0.013665252 0.995629907
1341846248.065891 0.080951035 -0.023745773 0.017128745 0.091778480 -0.005075976 -0.013726437 0.995671928
1341846248.098211 0.090797983 -0.038173936 0.012732299 0.089090429 -0.004954239 -0.015654635 0.995888233
1341846248.133929 0.087947533 -0.036567740 0.012721608 0.091222480 -0.000703984 -0.017558951 0.995675504
1341846248.166050 0.092711672 -0.026342480 0.015196362 0.091456816 0.000494462 -0.019024193 0.995627165
1341846248.198024 0.086985141 -0.033203229 0.017488938 0.089487754 0.000872802 -0.020161441 0.995783508
1341846248.233930 0.092898786 -0.039602824 0.018159989 0.090985894 0.000613705 -0.019900447 0.995653152
1341846248.265968 0.095079012 -0.027504325 0.015339160 0.092486106 0.001206464 -0.020055681 0.995511293
1341846248.297927 0.084557407 -0.031790424 0.020972107 0.090069450 0.002001023 -0.023885636 0.995647013
1341846248.333956 0.084813051 -0.039114501 0.027635342 0.089675866 0.001648010 -0.026914772 0.995605886
1341846248.366013 0.084900603 -0.034734838 0.029536333 0.092004061 0.001604613 -0.026647592 0.995400727
1341846248.402093 0.087500013 -0.032995734 0.024817552 0.091446988 0.000350770 -0.025230981 0.995490253
1341846248.433862 0.086764067 -0.041656289 0.020229453 0.090702668 0.000324967 -0.026431479 0.995527148
1341846248.466804 0.085728422 -0.036487766 0.025521908 0.092519164 0.001870601 -0.027966248 0.995316327
1341846248.502139 0.080220424 -0.029496623 0.019544648 0.090959214 0.002123317 -0.027896630 0.995461583
1341846248.534215 0.078983650 -0.039972033 0.030656518 0.087809809 0.000030995 -0.027402615 0.995760262
1341846248.565971 0.084508121 -0.040744171 0.029070305 0.089955263 -0.000612904 -0.027436063 0.995567679
1341846248.602003 0.083555117 -0.031099370 0.028960003 0.089868896 0.000637231 -0.028224235 0.995553434
1341846248.640295 0.084886387 -0.044734240 0.036115415 0.087388709 0.000586549 -0.028372055 0.995770037
1341846248.675831 0.089880034 -0.042839762 0.024383413 0.089895107 0.000423302 -0.026206227 0.995606303
1341846248.708095 0.085562751 -0.037728891 0.023229280 0.091728814 0.001881183 -0.026926056 0.995418191
1341846248.740085 0.081880867 -0.041050207 0.028965428 0.090964161 0.002103488 -0.026639720 0.995495617
1341846248.802167 0.086462595 -0.036327560 0.025085803 0.094129659 0.000965598 -0.027492546 0.995179772
1341846248.833950 0.085083418 -0.042641524 0.028742852 0.093133546 0.001043666 -0.027588893 0.995270789
1341846248.869901 0.084621027 -0.048788119 0.025080610 0.093779266 0.000705195 -0.026584659 0.995237827
1341846248.901932 0.084729128 -0.038611740 0.030842766 0.096936546 0.001033578 -0.027487883 0.994910419
1341846248.938035 0.079222821 -0.039664868 0.027947260 0.095971525 0.001647934 -0.027155211 0.995012224
1341846248.969908 0.082307972 -0.038437858 0.027205762 0.095447838 0.000692440 -0.027331091 0.995058894
1341846249.001964 0.081384443 -0.045593999 0.023944577 0.094295606 0.000867303 -0.028098287 0.995147288
1341846249.037998 0.079482608 -0.040693853 0.021640807 0.094918929 0.001035584 -0.026831217 0.995122850
1341846249.069961 0.082937688 -0.044458684 0.024977669 0.093128406 -0.000475182 -0.026420681 0.995303392
1341846249.105888 0.091617666 -0.038948819 0.027604362 0.093370713 -0.000939502 -0.025668649 0.995300055
1341846249.138041 0.086954564 -0.039067376 0.028129965 0.093432233 0.000707588 -0.025641887 0.995295167
1341846249.169904 0.086571082 -0.042783584 0.026475189 0.092921011 0.000805610 -0.023866514 0.995387077
1341846249.206013 0.089896098 -0.045463488 0.024363106 0.094459616 0.001041726 -0.023394927 0.995253265
1341846249.237872 0.087191157 -0.033530984 0.021886613 0.095445834 0.002798463 -0.023891298 0.995143950
1341846249.306095 0.091117948 -0.042996865 0.026384927 0.093938299 0.002831194 -0.023555627 0.995295346
1341846249.337853 0.088154398 -0.036612097 0.023773951 0.095553882 0.004725124 -0.023783777 0.995128870
1341846249.373854 0.091940589 -0.033028785 0.026596900 0.094306208 0.004456827 -0.023636308 0.995252669
1341846249.405928 0.098456629 -0.042058703 0.027436553 0.092516020 0.004578501 -0.024661301 0.995395243
1341846249.437945 0.093018457 -0.037780713 0.028169217 0.094062716 0.006863567 -0.026118219 0.995199978
1341846249.474182 0.091505907 -0.032019682 0.029125627 0.094010808 0.007133893 -0.025728565 0.995213151
1341846249.505956 0.094083972 -0.034973543 0.029220967 0.092400901 0.006700344 -0.025395069 0.995375454
1341846249.538288 0.096517809 -0.037397288 0.032246657 0.092095271 0.006862988 -0.025892247 0.995389879
1341846249.574263 0.089574933 -0.035193719 0.029344071 0.091745771 0.007822885 -0.025639888 0.995421588
1341846249.606015 0.090449743 -0.033818640 0.031157624 0.090446070 0.006583101 -0.023553092 0.995601058
1341846249.641995 0.087150067 -0.043061320 0.023713455 0.089609317 0.005510828 -0.022781789 0.995701194
1341846249.674108 0.093445681 -0.029231993 0.027975481 0.090042353 0.003737649 -0.019155862 0.995746732
1341846249.706034 0.091335975 -0.029634096 0.029502748 0.087275043 0.002950376 -0.019409692 0.995990753
1341846249.742012 0.092180602 -0.035731744 0.033472165 0.086244054 0.001417131 -0.017539639 0.996118665
1341846249.773906 0.092308924 -0.032180022 0.032404847 0.087283187 -0.000787400 -0.014243551 0.996081412
1341846249.806093 0.095590807 -0.031721756 0.032869861 0.086183712 -0.003976677 -0.011970451 0.996199429
1341846249.842148 0.091867141 -0.030845666 0.036531676 0.085709281 -0.005426719 -0.010921564 0.996245563
1341846249.873923 0.091296867 -0.030118158 0.036723390 0.085701212 -0.007233094 -0.009535903 0.996249020
1341846249.909991 0.092198960 -0.027494369 0.032528754 0.085672475 -0.011013289 -0.006248429 0.996242881
1341846249.942024 0.096167080 -0.030544240 0.028848127 0.084996134 -0.014105196 -0.004583333 0.996270955
1341846249.974199 0.100299574 -0.025348499 0.037984617 0.086154766 -0.015965361 -0.005686983 0.996137619
1341846250.010384 0.093028925 -0.024833743 0.029727038 0.085865609 -0.016452448 -0.006005607 0.996152818
1341846250.042022 0.096013241 -0.027417019 0.030250825 0.085413702 -0.018786747 -0.004444636 0.996158540
1341846250.078047 0.106277481 -0.026822513 0.032670967 0.087193072 -0.020082237 -0.003776346 0.995981872
1341846250.109945 0.108577512 -0.018685414 0.034153260 0.087600425 -0.018451011 -0.004764516 0.995973408
1341846250.141849 0.107065290 -0.018882886 0.032902960 0.085818179 -0.016941087 -0.005205358 0.996153176
1341846250.177803 0.118391298 -0.025444549 0.029934857 0.085219346 -0.015622865 -0.004984080 0.996227324
1341846250.210137 0.117805235 -0.016133336 0.028968390 0.086690068 -0.011894764 -0.006292732 0.996144533
1341846250.241903 0.109974481 -0.017776953 0.028494282 0.085690394 -0.008359247 -0.009298198 0.996243417
1341846250.277878 0.113479540 -0.013104927 0.033353489 0.085316882 -0.007549836 -0.010658121 0.996268272
1341846250.309873 0.112422071 -0.011362553 0.035639819 0.085135348 -0.007236248 -0.011051809 0.996281862
1341846250.346142 0.109669559 -0.012010856 0.036015179 0.085247077 -0.007109809 -0.011834174 0.996264279
1341846250.377944 0.110889636 -0.010749479 0.034660950 0.085813947 -0.007284557 -0.011273596 0.996220767
1341846250.410038 0.108604312 -0.015565821 0.036200173 0.086179115 -0.006974222 -0.011863586 0.996184647
1341846250.445984 0.104680099 -0.013397421 0.032955430 0.087009244 -0.006358720 -0.013184329 0.996100008
1341846250.477872 0.102873474 -0.009405963 0.032447074 0.087258518 -0.006496923 -0.013333192 0.996075332
1341846250.509930 0.104162686 -0.013985328 0.037475802 0.086583480 -0.008808922 -0.011382293 0.996140659
1341846250.546119 0.110907063 -0.014496875 0.034324490 0.087051950 -0.010758316 -0.010976077 0.996085286
1341846250.577998 0.108348526 -0.005207251 0.036112767 0.086835086 -0.009498991 -0.011806458 0.996107519
1341846250.613828 0.110832646 -0.011771174 0.035975050 0.084645033 -0.009878786 -0.009991529 0.996312141
1341846250.646114 0.110915042 -0.015819123 0.038312718 0.084651843 -0.010049832 -0.007855287 0.996328950
1341846250.677812 0.108594902 -0.006356211 0.033522245 0.085159451 -0.009264808 -0.006458620 0.996303380
1341846250.713958 0.109981589 -0.007147851 0.031900771 0.083716869 -0.008781754 -0.005534301 0.996435583
1341846250.745904 0.106231496 -0.011307954 0.036004227 0.082363233 -0.007886332 -0.003734380 0.996564269
1341846250.777886 0.103920676 -0.004300515 0.038386486 0.082675368 -0.009563821 -0.001352973 0.996529758
1341846250.814024 0.108804144 -0.006669732 0.037996158 0.081681050 -0.010713135 -0.001143979 0.996600330
1341846250.846025 0.112599388 -0.005545316 0.037097968 0.080230996 -0.010940085 -0.001923628 0.996714413
1341846250.881824 0.113448225 -0.015079969 0.038240064 0.079661340 -0.011582824 -0.001021312 0.996754229
1341846250.913808 0.119585164 -0.012843365 0.038145009 0.082014106 -0.012223249 -0.000700049 0.996555984
1341846250.946118 0.115662903 -0.012198627 0.035816576 0.082654752 -0.011055000 -0.001322094 0.996516049
1341846250.981803 0.111639030 -0.010281130 0.035699774 0.083816633 -0.010497731 -0.002219367 0.996423423
1341846251.014047 0.111150272 -0.013164396 0.033148006 0.083404981 -0.011896591 -0.003380745 0.996438980
1341846251.046033 0.114375934 -0.018002816 0.035102930 0.083538197 -0.012852657 -0.004030118 0.996413589
1341846251.081959 0.113551661 -0.019518873 0.036145438 0.085244931 -0.012328682 -0.005013503 0.996271193
1341846251.114058 0.115384303 -0.020260809 0.036030423 0.086777180 -0.011848950 -0.005315108 0.996143103
1341846251.149920 0.116536111 -0.016600730 0.031894870 0.088591136 -0.011557208 -0.005740305 0.995984554
1341846251.181983 0.121030569 -0.020177383 0.031891804 0.088882647 -0.011266763 -0.007010544 0.995953679
1341846251.214205 0.114994854 -0.015926901 0.031702641 0.090406612 -0.010787400 -0.007279652 0.995819926
1341846251.249978 0.108735368 -0.015853276 0.035712902 0.090600103 -0.012003207 -0.006462650 0.995794058
1341846251.281923 0.115053564 -0.017011417 0.031403247 0.091203175 -0.014367187 -0.006316290 0.995708704
1341846251.318026 0.107948303 -0.009081831 0.035592869 0.091579907 -0.014593380 -0.006850375 0.995667279
1341846251.350003 0.106370240 -0.011235881 0.032249141 0.089270674 -0.016939180 -0.006627666 0.995841384
1341846251.382003 0.107465059 -0.019338239 0.036320314 0.088739604 -0.018913249 -0.007253264 0.995848954
1341846251.417971 0.107574515 -0.011710175 0.030785352 0.089250728 -0.019906184 -0.007661733 0.995780766
1341846251.449878 0.103890695 -0.008985877 0.033354297 0.086678833 -0.020149259 -0.009803745 0.995984316
1341846251.481872 0.103314288 -0.009935488 0.034268796 0.084335953 -0.022048831 -0.009410787 0.996148944
1341846251.517870 0.104597874 -0.009521564 0.035468385 0.083082892 -0.023608178 -0.007975074 0.996231079
1341846251.549884 0.102717929 -0.008056498 0.032975312 0.081023872 -0.023629308 -0.008844102 0.996392846
1341846251.586071 0.103339456 -0.009252889 0.035846300 0.080569848 -0.023712359 -0.008025633 0.996434629
1341846251.618241 0.102504753 -0.011536077 0.036623873 0.080988422 -0.024338072 -0.006596142 0.996396065
1341846251.649917 0.108430676 -0.013876041 0.032672934 0.081748210 -0.024132885 -0.005793759 0.996343970
1341846251.686034 0.108276531 -0.012417247 0.036064126 0.082354218 -0.021708295 -0.007880818 0.996335506
1341846251.718103 0.101977602 -0.012378809 0.037560873 0.082429677 -0.019869013 -0.008925457 0.996358871
1341846251.749907 0.100205466 -0.011583178 0.038108278 0.082919940 -0.020304676 -0.007879678 0.996318221
