1341846226.817920 0.0000000 0.0000000 0.0000000 -0.0000000 -0.0000000 -0.0000000 1.0000000
1341846227.485981 -0.0016876 0.0009433 0.0036966 0.0016494 -0.0180452 -0.0232124 0.9995664
1341846227.521976 -0.0133466 -0.0006059 0.0106719 0.0016015 -0.0174826 -0.0244874 0.9995460
1341846227.754130 0.0223304 -0.0061943 0.0140902 0.0103825 -0.0215230 -0.0310201 0.9992331
1341846227.921967 0.0198190 -0.0110803 0.0084776 0.0121062 -0.0123586 -0.0283328 0.9994488
1341846227.958123 0.0192411 -0.0112780 0.0067791 0.0123625 -0.0108831 -0.0292918 0.9994352
1341846228.058222 0.0202118 -0.0203759 0.0099461 0.0128805 -0.0078366 -0.0291780 0.9994605
1341846228.090097 0.0250426 -0.0146076 0.0040509 0.0131826 -0.0071255 -0.0294900 0.9994528
1341846228.157875 0.0287588 -0.0138359 0.0039039 0.0074613 -0.0058777 -0.0235497 0.9996775
1341846228.326018 0.0358923 -0.0097542 0.0153488 0.0063265 -0.0077796 -0.0221053 0.9997054
1341846228.525907 0.0353539 -0.0178003 -0.0012008 0.0056669 -0.0032186 -0.0206511 0.9997655
1341846228.693942 0.0352246 -0.0103066 0.0070233 0.0046600 -0.0041386 -0.0168251 0.9998391
1341846228.825934 0.0462608 -0.0176546 -0.0036946 0.0044964 -0.0043036 -0.0128758 0.9998977
1341846228.961940 0.0359642 -0.0103004 0.0053633 0.0058738 -0.0031009 -0.0127473 0.9998967
1341846228.994040 0.0447159 -0.0103871 0.0007138 0.0049983 -0.0041441 -0.0112536 0.9999156
1341846229.029897 0.0337733 -0.0192406 0.0056370 0.0036563 -0.0028522 -0.0122807 0.9999139
1341846229.094829 0.0352123 -0.0146592 0.0071635 0.0056630 -0.0020914 -0.0106232 0.9999254
1341846229.161882 0.0390645 -0.0123643 0.0068849 0.0050258 -0.0015112 -0.0106480 0.9999295
1341846229.197882 0.0478819 -0.0058474 0.0049186 0.0063670 -0.0030159 -0.0081768 0.9999418
1341846229.329933 0.0234602 -0.0201598 -0.0006797 0.0064896 -0.0011102 -0.0143826 0.9998749
1341846229.530149 0.0472204 -0.0137193 -0.0031101 0.0151438 -0.0046128 -0.0073965 0.9998474
1341846229.698150 0.0458994 -0.0124244 0.0041676 0.0194693 -0.0016720 -0.0031356 0.9998041
1341846229.798002 0.0382310 -0.0182541 -0.0117657 0.0199184 0.0028113 -0.0018710 0.9997959
1341846229.897926 0.0432544 -0.0103061 -0.0036546 0.0220338 0.0034560 -0.0029155 0.9997470
1341846230.002061 0.0381297 -0.0071840 -0.0124909 0.0178021 0.0054106 -0.0054774 0.9998119
1341846230.033858 0.0456704 -0.0098885 -0.0024077 0.0150335 0.0036197 -0.0058466 0.9998634
1341846230.065938 0.0456714 -0.0086035 0.0021606 0.0150187 0.0044652 -0.0042238 0.9998683
1341846230.103878 0.0434598 -0.0115460 0.0006573 0.0143132 0.0055967 -0.0038560 0.9998745
1341846230.144719 0.0392709 -0.0094054 -0.0065609 0.0139476 0.0064496 -0.0045254 0.9998717
1341846230.172747 0.0395181 -0.0202226 -0.0036203 0.0116632 0.0069220 -0.0049488 0.9998958
1341846230.208544 0.0327031 -0.0123705 -0.0090514 0.0141507 0.0087821 -0.0034376 0.9998554
1341846230.401932 0.0406449 -0.0149451 0.0014777 0.0207293 0.0100256 -0.0020463 0.9997328
1341846231.037936 0.0421567 -0.0195980 -0.0152791 0.0303596 0.0039785 -0.0047428 0.9995199
1341846231.106085 0.0429016 -0.0301406 -0.0064360 0.0302121 0.0031172 -0.0036125 0.9995321
1341846231.273832 0.0469859 -0.0229674 -0.0110546 0.0343452 0.0011627 -0.0055573 0.9993939
1341846231.341923 0.0478231 -0.0224450 -0.0124142 0.0351840 0.0003761 -0.0043928 0.9993712
1341846231.410022 0.0477361 -0.0214713 -0.0111818 0.0331420 0.0000460 -0.0051676 0.9994373
1341846231.484245 0.0449454 -0.0239537 -0.0118710 0.0328656 -0.0011347 -0.0033811 0.9994534
1341846231.547853 0.0497094 -0.0168436 -0.0162144 0.0307197 -0.0002370 -0.0054452 0.9995132
1341846231.615993 0.0468504 -0.0236980 -0.0061984 0.0252800 0.0037584 -0.0112462 0.9996101
1341846231.648015 0.0360731 -0.0304946 -0.0025996 0.0262477 0.0044467 -0.0138132 0.9995502
1341846231.683822 0.0414468 -0.0409137 -0.0042707 0.0301315 0.0024288 -0.0140989 0.9994436
1341846231.817027 0.0427192 -0.0274542 -0.0083274 0.0418224 -0.0012717 -0.0123230 0.9990483
1341846231.909867 0.0447607 -0.0275308 -0.0083339 0.0373263 -0.0043534 -0.0116068 0.9992263
1341846231.945837 0.0503581 -0.0323437 -0.0078154 0.0367960 -0.0057155 -0.0088682 0.9992671
1341846232.009966 0.0490322 -0.0223158 -0.0077917 0.0367362 -0.0063333 -0.0100769 0.9992542
1341846232.583846 0.0573986 -0.0279100 0.0011379 0.0372623 -0.0100045 -0.0099926 0.9992055
1341846232.619798 0.0612957 -0.0291630 -0.0006187 0.0388495 -0.0101418 -0.0089915 0.9991531
1341846232.751767 0.0562739 -0.0261742 0.0051338 0.0460468 -0.0064875 -0.0109656 0.9988580
1341846232.855850 0.0601525 -0.0307444 -0.0008166 0.0513141 -0.0049019 -0.0129488 0.9985866
1341846233.023868 0.0674455 -0.0225468 -0.0040991 0.0534408 -0.0018295 -0.0137367 0.9984749
1341846233.385857 0.0546688 -0.0297793 0.0038091 0.0569735 -0.0000383 -0.0203752 0.9981678
1341846233.553882 0.0519000 -0.0362061 0.0001698 0.0574900 -0.0036347 -0.0213722 0.9981107
1341846233.989945 0.0613546 -0.0309918 -0.0003001 0.0537204 -0.0043879 -0.0203647 0.9983387
1341846240.022055 0.0692117 -0.0322497 0.0053341 0.0499132 -0.0132029 -0.0162955 0.9985333
1341846240.689825 0.0627006 -0.0369787 0.0039284 0.0603270 -0.0166425 -0.0217138 0.9978037
1341846240.757973 0.0637709 -0.0397781 0.0047467 0.0598481 -0.0175715 -0.0213330 0.9978248
1341846240.858147 0.0639449 -0.0309076 0.0028043 0.0621698 -0.0174575 -0.0221506 0.9976671
1341846241.167863 0.0608542 -0.0374001 0.0016058 0.0605437 -0.0169458 -0.0231988 0.9977520
1341846241.562493 0.0570889 -0.0313459 0.0010391 0.0602927 -0.0163009 -0.0277067 0.9976630
1341846241.629998 0.0616140 -0.0303810 -0.0000310 0.0609220 -0.0169195 -0.0277903 0.9976121
1341846241.797970 0.0582188 -0.0346010 -0.0023909 0.0611734 -0.0162251 -0.0282582 0.9975951
1341846241.898156 0.0605036 -0.0352900 -0.0003327 0.0610404 -0.0166405 -0.0277825 0.9976098
1341846241.965882 0.0627312 -0.0340936 -0.0063046 0.0611138 -0.0162932 -0.0284251 0.9975929
1341846242.097916 0.0579007 -0.0365607 0.0038002 0.0634996 -0.0160818 -0.0286858 0.9974399
1341846242.133980 0.0700592 -0.0302167 -0.0138919 0.0658583 -0.0170179 -0.0283430 0.9972812
1341846242.165895 0.0547663 -0.0380735 0.0052869 0.0643243 -0.0157006 -0.0287424 0.9973915
1341846242.197924 0.0580107 -0.0344473 0.0056634 0.0655357 -0.0162089 -0.0284092 0.9973140
1341846242.234487 0.0640945 -0.0330269 -0.0021585 0.0670801 -0.0164670 -0.0282275 0.9972123
1341846242.269588 0.0634440 -0.0351265 -0.0011223 0.0672733 -0.0161567 -0.0276424 0.9972208
1341846242.469883 0.0642522 -0.0364944 -0.0089102 0.0687458 -0.0153938 -0.0282900 0.9971142
1341846242.501972 0.0589861 -0.0332308 -0.0073395 0.0694247 -0.0147476 -0.0288155 0.9970619
1341846242.534063 0.0641111 -0.0292324 -0.0024571 0.0692778 -0.0155681 -0.0295685 0.9970376
1341846242.569931 0.0639942 -0.0323498 -0.0075488 0.0687159 -0.0150743 -0.0293927 0.9970893
1341846242.602000 0.0637494 -0.0299718 -0.0072050 0.0690039 -0.0149808 -0.0293418 0.9970723
1341846242.634077 0.0612536 -0.0287099 -0.0058844 0.0682491 -0.0145662 -0.0294398 0.9971275
1341846242.701929 0.0613221 -0.0302229 -0.0084051 0.0672815 -0.0144448 -0.0295978 0.9971904
1341846243.106059 0.0625405 -0.0329919 -0.0157962 0.0656872 -0.0174936 -0.0320157 0.9971731
1341846243.505839 0.0631004 -0.0270553 -0.0187563 0.0688474 -0.0172761 -0.0334332 0.9969172
1341846244.042105 0.0666025 -0.0320909 -0.0183658 0.0698092 -0.0154286 -0.0316183 0.9969398
1341846244.077884 0.0695080 -0.0275804 -0.0109980 0.0711010 -0.0155153 -0.0314750 0.9968517
1341846244.384040 0.0675171 -0.0322733 -0.0174098 0.0711775 -0.0164885 -0.0294666 0.9968920
1341846244.619870 0.0719041 -0.0322487 -0.0215020 0.0710281 -0.0136207 -0.0253948 0.9970580
1341846244.683815 0.0730980 -0.0327404 -0.0221011 0.0722875 -0.0134301 -0.0231390 0.9970250
1341846244.788300 0.0781832 -0.0382678 -0.0160381 0.0721257 -0.0122646 -0.0236498 0.9970397
1341846244.851973 0.0831955 -0.0424282 -0.0178799 0.0741634 -0.0115247 -0.0230200 0.9969138
1341846245.423977 0.0756865 -0.0331330 -0.0130477 0.0747528 -0.0040089 -0.0269372 0.9968302
1341846245.487804 0.0768382 -0.0299464 -0.0130834 0.0761589 -0.0043252 -0.0263446 0.9967383
1341846245.591988 0.0768951 -0.0373927 -0.0139409 0.0757883 -0.0043575 -0.0261762 0.9967707
1341846245.655890 0.0833673 -0.0338147 -0.0137031 0.0776349 -0.0052101 -0.0249051 0.9966571
1341846245.724517 0.0818260 -0.0362590 -0.0095630 0.0772018 -0.0039603 -0.0256295 0.9966782
1341846245.824142 0.0802729 -0.0338522 0.0039824 0.0785070 -0.0030310 -0.0242715 0.9966135
1341846245.860005 0.0789844 -0.0336191 0.0006741 0.0779983 -0.0023756 -0.0242465 0.9966558
1341846245.891878 0.0762866 -0.0356445 0.0018047 0.0768459 -0.0017943 -0.0250899 0.9967256
1341846245.927903 0.0763101 -0.0394286 0.0024981 0.0769288 -0.0010568 -0.0257638 0.9967031
1341846245.986182 0.0747144 -0.0361009 0.0003593 0.0780573 -0.0011231 -0.0252031 0.9966296
1341846246.053871 0.0767449 -0.0423087 -0.0071766 0.0788294 -0.0016471 -0.0244434 0.9965870
1341846246.085916 0.0703456 -0.0410175 -0.0061326 0.0806013 -0.0017516 -0.0244159 0.9964458
1341846246.121806 0.0699611 -0.0374584 -0.0045899 0.0816085 -0.0029995 -0.0247665 0.9963522
1341846246.789989 0.0701416 -0.0305721 -0.0023742 0.0762305 0.0038004 -0.0269836 0.9967178
1341846246.826059 0.0687922 -0.0334356 -0.0001199 0.0760706 0.0035478 -0.0269185 0.9967327
1341846246.857869 0.0739389 -0.0348226 -0.0057177 0.0769645 0.0026609 -0.0263032 0.9966832
1341846246.958090 0.0734270 -0.0328237 -0.0030321 0.0765149 0.0014730 -0.0262656 0.9967214
1341846247.026204 0.0701720 -0.0332806 0.0035684 0.0763142 0.0013679 -0.0282065 0.9966839
1341846247.057936 0.0688859 -0.0304450 0.0046581 0.0776262 0.0013896 -0.0283227 0.9965792
1341846248.133929 0.0879475 -0.0365677 0.0127216 0.0912225 -0.0007040 -0.0175590 0.9956755
1341846248.166050 0.0927117 -0.0263425 0.0151964 0.0914568 0.0004945 -0.0190242 0.9956272
1341846248.233930 0.0928988 -0.0396028 0.0181600 0.0909859 0.0006137 -0.0199004 0.9956532
1341846248.433862 0.0867641 -0.0416563 0.0202295 0.0907027 0.0003250 -0.0264315 0.9955271
1341846248.675831 0.0898800 -0.0428398 0.0243834 0.0898951 0.0004233 -0.0262062 0.9956063
1341846248.802167 0.0864626 -0.0363276 0.0250858 0.0941297 0.0009656 -0.0274925 0.9951798
1341846249.237872 0.0871912 -0.0335310 0.0218866 0.0954458 0.0027985 -0.0238913 0.9951439
1341846249.437945 0.0930184 -0.0377807 0.0281692 0.0940627 0.0068636 -0.0261182 0.9952000
1341846249.842148 0.0918671 -0.0308457 0.0365317 0.0857093 -0.0054267 -0.0109216 0.9962456
1341846250.078047 0.1062775 -0.0268225 0.0326710 0.0871931 -0.0200822 -0.0037763 0.9959819
1341846250.277878 0.1134795 -0.0131049 0.0333535 0.0853169 -0.0075498 -0.0106581 0.9962683
1341846250.846025 0.1125994 -0.0055453 0.0370980 0.0802310 -0.0109401 -0.0019236 0.9967144
1341846250.946118 0.1156629 -0.0121986 0.0358166 0.0826548 -0.0110550 -0.0013221 0.9965160
1341846251.114058 0.1153843 -0.0202608 0.0360304 0.0867772 -0.0118489 -0.0053151 0.9961431
1341846251.417971 0.1075745 -0.0117102 0.0307854 0.0892507 -0.0199062 -0.0076617 0.9957808
1341846251.549884 0.1027179 -0.0080565 0.0329753 0.0810239 -0.0236293 -0.0088441 0.9963928
